district_name	district_polyline	city_name	city_polyline
塔城市	[[82.992941,47.065111],[82.993181,47.065419],[82.995850,47.072227],[83.000961,47.094763],[83.009510,47.104455],[83.013305,47.123069],[83.022411,47.132939],[83.023170,47.141305],[83.023441,47.150220],[83.028569,47.159475],[83.031673,47.168276],[83.031142,47.175782],[83.030323,47.181885],[83.029451,47.188891],[83.029269,47.195065],[83.027369,47.215423],[83.029959,47.219573],[83.035748,47.219506],[83.052914,47.215994],[83.062598,47.219899],[83.075512,47.225101],[83.093317,47.225615],[83.108340,47.222107],[83.120843,47.224562],[83.134387,47.229733],[83.144119,47.235759],[83.154817,47.236089],[83.162949,47.230161],[83.170482,47.223034],[83.174404,47.218472],[83.188735,47.215419],[83.206940,47.213695],[83.210700,47.208757],[83.215977,47.202167],[83.219408,47.189128],[83.222095,47.186915],[83.237903,47.186332],[83.247786,47.175877],[83.257818,47.173229],[83.276464,47.174229],[83.294657,47.176430],[83.306395,47.179700],[83.316386,47.174156],[83.324482,47.168005],[83.332368,47.167868],[83.349300,47.172624],[83.370452,47.178563],[83.371738,47.168669],[83.371920,47.163333],[83.387012,47.155263],[83.391860,47.148372],[83.395005,47.145859],[83.398939,47.140941],[83.408209,47.132414],[83.418827,47.118832],[83.430591,47.118271],[83.442675,47.125272],[83.453011,47.129148],[83.463280,47.132074],[83.469593,47.128767],[83.472999,47.122367],[83.484218,47.118172],[83.487631,47.112200],[83.493084,47.107668],[83.511548,47.108490],[83.517337,47.104239],[83.522616,47.098740],[83.529729,47.092875],[83.534509,47.087521],[83.538528,47.083816],[83.546302,47.080502],[83.566966,47.080619],[83.573665,47.075728],[83.573344,47.068781],[83.570451,47.062827],[83.571161,47.060568],[83.576133,47.059233],[83.603367,47.058947],[83.610936,47.052110],[83.612505,47.051219],[83.618134,47.048028],[83.631028,47.047289],[83.641938,47.045372],[83.641200,47.042485],[83.640472,47.041105],[83.640023,47.040683],[83.638305,47.039502],[83.637773,47.038926],[83.637153,47.036115],[83.637195,47.034506],[83.636993,47.033714],[83.637121,47.033005],[83.637111,47.032511],[83.637008,47.032221],[83.636614,47.031715],[83.636615,47.031125],[83.637080,47.030087],[83.637134,47.029681],[83.636824,47.029072],[83.636794,47.028765],[83.637317,47.028007],[83.637553,47.027397],[83.637473,47.026975],[83.637267,47.026687],[83.636435,47.025984],[83.636816,47.025027],[83.636801,47.024131],[83.637097,47.023232],[83.637125,47.022907],[83.636915,47.021651],[83.636973,47.021328],[83.637556,47.020260],[83.638243,47.018632],[83.638574,47.017549],[83.638137,47.017388],[83.633247,47.016395],[83.630254,47.015859],[83.629877,47.015697],[83.628915,47.015041],[83.628161,47.014725],[83.627283,47.014562],[83.626322,47.014215],[83.625384,47.013459],[83.623127,47.011940],[83.622186,47.011544],[83.622494,47.011066],[83.622699,47.010436],[83.622833,47.008346],[83.623038,47.007715],[83.623557,47.005062],[83.624565,47.002760],[83.624540,47.002256],[83.623780,47.001182],[83.623601,47.000594],[83.621670,46.998764],[83.619243,46.994498],[83.619143,46.991071],[83.618700,46.990217],[83.617681,46.989262],[83.617416,46.988885],[83.617294,46.988242],[83.617020,46.987926],[83.615093,46.987666],[83.614581,46.987437],[83.614382,46.987144],[83.614363,46.986695],[83.614591,46.985856],[83.615033,46.984992],[83.615135,46.984511],[83.615235,46.983407],[83.615193,46.982812],[83.615003,46.982047],[83.614446,46.981238],[83.612996,46.979704],[83.608565,46.976371],[83.607723,46.975972],[83.606247,46.975606],[83.605210,46.975539],[83.601503,46.975641],[83.600882,46.975400],[83.600279,46.974996],[83.599251,46.974596],[83.598810,46.973886],[83.597742,46.972903],[83.597925,46.972179],[83.597421,46.969328],[83.595920,46.967769],[83.596080,46.966056],[83.596682,46.965331],[83.601234,46.957253],[83.604087,46.954920],[83.601920,46.952233],[83.601875,46.950515],[83.601417,46.949230],[83.601310,46.945515],[83.600837,46.943798],[83.598867,46.940815],[83.598562,46.937384],[83.596412,46.935120],[83.593019,46.933020],[83.589651,46.931928],[83.580783,46.927472],[83.577591,46.924946],[83.575002,46.921839],[83.570040,46.915468],[83.568076,46.912347],[83.568242,46.910921],[83.568844,46.910051],[83.568776,46.907903],[83.567664,46.905202],[83.567619,46.903628],[83.566698,46.900492],[83.566036,46.899355],[83.561758,46.893200],[83.560002,46.892706],[83.558996,46.892257],[83.557338,46.891833],[83.553200,46.890177],[83.548281,46.888835],[83.546682,46.888197],[83.543368,46.887531],[83.541419,46.887328],[83.537019,46.887249],[83.535226,46.887601],[83.532988,46.888251],[83.532095,46.888365],[83.530707,46.888187],[83.529114,46.887559],[83.527951,46.886945],[83.526400,46.886055],[83.525569,46.885467],[83.522429,46.882286],[83.521207,46.880839],[83.520393,46.879419],[83.519937,46.877963],[83.519654,46.876693],[83.518744,46.874397],[83.518279,46.871510],[83.518262,46.870185],[83.517954,46.869313],[83.517662,46.868896],[83.517422,46.868056],[83.516929,46.864552],[83.516727,46.863767],[83.516679,46.863011],[83.516801,46.861608],[83.517407,46.858323],[83.517349,46.857186],[83.517255,46.856911],[83.517112,46.856491],[83.516354,46.854947],[83.515160,46.853267],[83.512154,46.848494],[83.511835,46.847179],[83.511392,46.843222],[83.511251,46.839202],[83.510620,46.835803],[83.510006,46.833908],[83.509945,46.833450],[83.510041,46.832970],[83.510251,46.829826],[83.510540,46.828402],[83.510628,46.826813],[83.511059,46.825619],[83.511718,46.824502],[83.511847,46.823716],[83.511876,46.822329],[83.511653,46.820017],[83.511561,46.816784],[83.511331,46.816090],[83.511912,46.814008],[83.512576,46.812499],[83.514016,46.810140],[83.514396,46.808822],[83.514417,46.805532],[83.514247,46.802735],[83.514534,46.801142],[83.514987,46.800247],[83.516991,46.797680],[83.520087,46.793032],[83.522505,46.788732],[83.523568,46.785748],[83.524317,46.784338],[83.525753,46.782495],[83.528135,46.780594],[83.529680,46.778786],[83.530859,46.777153],[83.531558,46.773818],[83.532293,46.772970],[83.533448,46.771965],[83.536233,46.770117],[83.537482,46.768842],[83.538981,46.766344],[83.540167,46.763735],[83.540379,46.762826],[83.540409,46.761194],[83.540031,46.758540],[83.539855,46.755056],[83.540579,46.753738],[83.541715,46.751674],[83.542990,46.749628],[83.543270,46.749303],[83.543561,46.748662],[83.543853,46.747619],[83.543935,46.746896],[83.544119,46.738627],[83.544840,46.726395],[83.545013,46.720921],[83.545183,46.719025],[83.545297,46.715735],[83.545329,46.714825],[83.545056,46.713272],[83.544892,46.712830],[83.544392,46.712149],[83.544246,46.711320],[83.544103,46.709497],[83.544328,46.707534],[83.544418,46.705748],[83.542012,46.693026],[83.540927,46.686595],[83.540750,46.683281],[83.540289,46.681995],[83.539959,46.680195],[83.539055,46.678285],[83.537623,46.676161],[83.535005,46.673070],[83.531510,46.670449],[83.530586,46.670148],[83.529610,46.669658],[83.527228,46.668950],[83.525715,46.667426],[83.524757,46.665996],[83.516310,46.658634],[83.512257,46.658742],[83.507907,46.658859],[83.499025,46.659220],[83.489410,46.659679],[83.487160,46.659901],[83.486141,46.658783],[83.485377,46.657536],[83.484621,46.656302],[83.472399,46.635243],[83.469735,46.630824],[83.467740,46.627322],[83.465553,46.626649],[83.460917,46.618550],[83.460033,46.617005],[83.454750,46.607598],[83.446780,46.594633],[83.443544,46.588386],[83.440543,46.578828],[83.439223,46.578277],[83.437900,46.578066],[83.437385,46.577661],[83.437033,46.577387],[83.434314,46.575259],[83.433057,46.574702],[83.427649,46.573339],[83.426392,46.572646],[83.425745,46.571509],[83.426331,46.570209],[83.426042,46.567211],[83.424967,46.565507],[83.425157,46.564792],[83.426575,46.563627],[83.428982,46.561018],[83.430581,46.558850],[83.434397,46.554643],[83.434843,46.552218],[83.435737,46.550483],[83.437800,46.542582],[83.438394,46.541425],[83.438970,46.539892],[83.430581,46.536665],[83.424731,46.531277],[83.420305,46.528269],[83.415295,46.520170],[83.415309,46.519488],[83.415315,46.519206],[83.415751,46.514951],[83.416365,46.509883],[83.417958,46.502781],[83.418277,46.493466],[83.418617,46.483541],[83.415845,46.477674],[83.414608,46.474703],[83.414409,46.473931],[83.412890,46.466819],[83.411628,46.460905],[83.411360,46.459655],[83.411042,46.457502],[83.410042,46.448140],[83.407643,46.438386],[83.409158,46.432936],[83.411719,46.422840],[83.407877,46.416060],[83.407209,46.415520],[83.405501,46.416450],[83.403073,46.417463],[83.401517,46.417802],[83.398325,46.418218],[83.392541,46.418370],[83.386713,46.418178],[83.385232,46.417925],[83.384157,46.417532],[83.352438,46.401614],[83.351360,46.401140],[83.350272,46.400795],[83.348725,46.400686],[83.344955,46.400642],[83.341289,46.401278],[83.339896,46.401442],[83.332565,46.402919],[83.331858,46.403159],[83.330955,46.403255],[83.328134,46.403875],[83.325642,46.404280],[83.324503,46.404583],[83.322771,46.404876],[83.319624,46.405885],[83.300249,46.412810],[83.294191,46.415651],[83.277616,46.423847],[83.271828,46.426588],[83.258389,46.433241],[83.252872,46.435906],[83.238018,46.444846],[83.232921,46.448025],[83.215361,46.458516],[83.207102,46.463560],[83.201816,46.466788],[83.188741,46.478814],[83.188123,46.479496],[83.181073,46.490153],[83.179671,46.492447],[83.178227,46.494576],[83.176871,46.496576],[83.174544,46.500206],[83.174057,46.501433],[83.171572,46.503905],[83.169143,46.506164],[83.168568,46.506812],[83.167738,46.507063],[83.166077,46.506657],[83.165263,46.506952],[83.165072,46.507811],[83.163627,46.507688],[83.162995,46.507116],[83.163177,46.505826],[83.162339,46.505412],[83.162112,46.504265],[83.161694,46.504129],[83.157978,46.504026],[83.155892,46.502909],[83.154872,46.503353],[83.153838,46.503365],[83.153213,46.502937],[83.152992,46.502374],[83.151942,46.501523],[83.150691,46.500964],[83.150259,46.499830],[83.150662,46.499246],[83.151064,46.498959],[83.151058,46.498527],[83.150015,46.497973],[83.150213,46.497681],[83.149977,46.496111],[83.148682,46.493547],[83.149291,46.492823],[83.149276,46.492257],[83.148644,46.491685],[83.148629,46.490975],[83.149246,46.490539],[83.150471,46.490235],[83.151081,46.489800],[83.150860,46.488797],[83.146238,46.484986],[83.143961,46.484448],[83.142499,46.483461],[83.141250,46.483189],[83.140617,46.482617],[83.140609,46.482050],[83.140191,46.481771],[83.138537,46.481642],[83.137692,46.480651],[83.136229,46.479808],[83.132725,46.479985],[83.132512,46.479567],[83.132466,46.477274],[83.131613,46.475851],[83.134864,46.472976],[83.140014,46.467774],[83.134177,46.462099],[83.114951,46.461389],[83.094695,46.465409],[83.089593,46.472690],[83.089172,46.472265],[83.088142,46.472130],[83.084223,46.472882],[83.083611,46.473316],[83.083649,46.475457],[83.083870,46.476317],[83.083274,46.477613],[83.081853,46.478905],[83.081440,46.479057],[83.081241,46.479339],[83.079590,46.479791],[83.074835,46.479970],[83.072541,46.479271],[83.071716,46.479275],[83.069038,46.480158],[83.067800,46.480457],[83.065520,46.480467],[83.063224,46.479910],[83.057018,46.480244],[83.052057,46.481285],[83.050197,46.481584],[83.048765,46.482731],[83.045863,46.482758],[83.043580,46.482623],[83.040860,46.481504],[83.039820,46.481367],[83.034387,46.479541],[83.031222,46.476548],[83.028070,46.471929],[83.025230,46.470560],[83.022075,46.469922],[83.008413,46.469298],[82.995581,46.469498],[82.994725,46.469511],[82.977572,46.469778],[82.971097,46.469879],[82.969005,46.468884],[82.966929,46.468474],[82.963819,46.468771],[82.962172,46.469497],[82.960709,46.468790],[82.958212,46.468232],[82.953442,46.468690],[82.950763,46.469422],[82.950564,46.469714],[82.948703,46.470011],[82.946499,46.471511],[82.945229,46.473176],[82.944529,46.473400],[82.941104,46.474500],[82.935099,46.474681],[82.932629,46.475412],[82.930144,46.475712],[82.920827,46.475778],[82.917091,46.475092],[82.915425,46.474381],[82.912950,46.474691],[82.910691,46.475853],[82.907804,46.476449],[82.905537,46.476747],[82.903518,46.477111],[82.903064,46.477193],[82.899989,46.478792],[82.891101,46.478870],[82.888829,46.478603],[82.887593,46.479038],[82.885327,46.479491],[82.877278,46.479838],[82.875007,46.479859],[82.871083,46.479470],[82.868393,46.479489],[82.866344,46.480228],[82.865735,46.481085],[82.864920,46.481665],[82.863891,46.481819],[82.863069,46.481825],[82.861804,46.480264],[82.858918,46.480432],[82.857250,46.479300],[82.856222,46.479310],[82.855194,46.480039],[82.852308,46.479919],[82.850245,46.479938],[82.849217,46.480236],[82.845920,46.480259],[82.845296,46.479982],[82.844451,46.478414],[82.843195,46.477429],[82.840911,46.476444],[82.838657,46.476583],[82.838231,46.476609],[82.836161,46.476061],[82.830612,46.477105],[82.829789,46.477120],[82.829165,46.476690],[82.825641,46.475584],[82.823571,46.475171],[82.818021,46.476367],[82.817397,46.475937],[82.816750,46.473942],[82.815764,46.473479],[82.814678,46.473241],[82.812799,46.473120],[82.810666,46.472315],[82.809340,46.472344],[82.801482,46.473787],[82.800461,46.474371],[82.798604,46.474241],[82.798185,46.473960],[82.794475,46.474420],[82.792403,46.473861],[82.790553,46.474018],[82.789332,46.475604],[82.788518,46.476185],[82.787276,46.476188],[82.784989,46.474922],[82.783549,46.475216],[82.782726,46.475652],[82.781903,46.475657],[82.780653,46.474670],[82.777367,46.475983],[82.776331,46.476135],[82.770590,46.479035],[82.767303,46.480203],[82.763001,46.482952],[82.762170,46.482957],[82.761132,46.482397],[82.759888,46.482263],[82.759064,46.482699],[82.758057,46.484135],[82.756408,46.485008],[82.752898,46.485312],[82.752287,46.485888],[82.751493,46.488609],[82.749860,46.490199],[82.748020,46.491639],[82.746157,46.491505],[82.745325,46.491085],[82.744080,46.490951],[82.742431,46.491245],[82.739345,46.492838],[82.737275,46.492994],[82.736029,46.492859],[82.735196,46.492431],[82.733547,46.492580],[82.732720,46.493303],[82.730466,46.494747],[82.728189,46.494906],[82.727356,46.494621],[82.726772,46.494703],[82.727235,46.495487],[82.774208,46.600108],[82.788883,46.677843],[82.790698,46.682050],[82.812598,46.732823],[82.829778,46.772665],[82.878488,46.797233],[82.876385,46.822892],[82.876303,46.823887],[82.892631,46.861944],[82.903134,46.886411],[82.923538,46.932061],[82.927712,46.945270],[82.934629,46.968110],[82.935804,46.980987],[82.937877,47.014057],[82.939600,47.016278],[82.948724,47.020979],[82.967021,47.035797],[82.980299,47.050197],[82.988018,47.058786],[82.992941,47.065111]]	塔城地区	[[84.943604,46.861920],[84.955088,46.861090],[84.959888,46.864154],[84.962755,46.870843],[84.964733,46.874925],[84.968315,46.876541],[84.975769,46.879770],[84.980024,46.883104],[84.979771,46.885222],[84.979327,46.888808],[84.979240,46.890244],[84.979013,46.893840],[84.979127,46.897127],[84.979249,46.900727],[84.979493,46.902886],[84.979895,46.906478],[84.981787,46.909484],[84.983863,46.912803],[84.985153,46.914861],[84.987220,46.918185],[84.989924,46.920416],[84.993290,46.923196],[84.995523,46.924289],[84.999823,46.926386],[85.002606,46.926924],[85.007690,46.927899],[85.012775,46.928879],[85.017938,46.928820],[85.023205,46.928761],[85.027670,46.928904],[85.032935,46.929071],[85.038174,46.928672],[85.043411,46.928263],[85.047542,46.928290],[85.052812,46.928328],[85.054684,46.928970],[85.059386,46.930603],[85.064114,46.931992],[85.068953,46.933415],[85.071850,46.934474],[85.076487,46.936169],[85.078183,46.937278],[85.081983,46.939774],[85.082470,46.940626],[85.084400,46.943975],[85.084505,46.944227],[85.085904,46.947694],[85.087313,46.951164],[85.088660,46.954018],[85.090277,46.957445],[85.090955,46.958179],[85.093761,46.961229],[85.096568,46.964278],[85.099330,46.966233],[85.102986,46.968816],[85.107240,46.971022],[85.111432,46.973187],[85.115189,46.974879],[85.119579,46.976856],[85.120724,46.977411],[85.125000,46.979496],[85.129283,46.981580],[85.133557,46.983664],[85.134433,46.984054],[85.138810,46.986041],[85.143186,46.988024],[85.147552,46.990006],[85.151070,46.991303],[85.155695,46.993002],[85.160312,46.994701],[85.160528,46.994752],[85.165516,46.995863],[85.170496,46.996975],[85.175484,46.998090],[85.175908,47.001528],[85.178792,47.005305],[85.187167,47.007617],[85.191523,47.013016],[85.194442,47.016263],[85.195837,47.018949],[85.198652,47.024311],[85.204543,47.029752],[85.209638,47.035697],[85.213997,47.041098],[85.219978,47.044951],[85.231745,47.052265],[85.238642,47.056321],[85.253666,47.054741],[85.260536,47.054404],[85.268982,47.056206],[85.273223,47.062353],[85.275814,47.066962],[85.276431,47.068921],[85.281414,47.069048],[85.285684,47.069157],[85.291091,47.066624],[85.303197,47.060961],[85.307183,47.058045],[85.317950,47.050152],[85.319769,47.048936],[85.326159,47.044896],[85.331313,47.045727],[85.335493,47.047133],[85.342466,47.049817],[85.350841,47.053054],[85.355715,47.054443],[85.358274,47.054608],[85.363529,47.054942],[85.368775,47.055275],[85.371907,47.055279],[85.380655,47.053070],[85.386349,47.053206],[85.396993,47.053946],[85.407560,47.056136],[85.418025,47.060267],[85.426489,47.061424],[85.441124,47.063369],[85.441358,47.063359],[85.446614,47.063151],[85.451851,47.062946],[85.459233,47.062431],[85.466076,47.062071],[85.471308,47.061798],[85.473833,47.061157],[85.478753,47.059906],[85.484864,47.057987],[85.493041,47.057477],[85.498269,47.057148],[85.501044,47.057366],[85.511025,47.057779],[85.516262,47.057781],[85.520739,47.057563],[85.525969,47.057314],[85.526592,47.057543],[85.533733,47.056764],[85.540106,47.057403],[85.540125,47.057292],[85.540002,47.054952],[85.539812,47.053924],[85.539029,47.052259],[85.538451,47.051660],[85.536992,47.050600],[85.536414,47.050406],[85.536030,47.050412],[85.537402,47.049970],[85.539589,47.049792],[85.540427,47.049865],[85.541432,47.050524],[85.543508,47.052182],[85.544245,47.052599],[85.546251,47.053499],[85.547345,47.053711],[85.548852,47.054456],[85.549448,47.054440],[85.551063,47.054017],[85.551711,47.053773],[85.552937,47.053051],[85.553816,47.052747],[85.554298,47.052437],[85.555265,47.051163],[85.555561,47.050946],[85.555992,47.050825],[85.557375,47.051092],[85.558582,47.051094],[85.559570,47.051294],[85.560289,47.051249],[85.561324,47.051428],[85.562667,47.051496],[85.564319,47.051414],[85.566364,47.050976],[85.568588,47.050130],[85.569342,47.049950],[85.569718,47.050195],[85.571541,47.052339],[85.572000,47.053465],[85.572930,47.055279],[85.573554,47.055967],[85.574990,47.057163],[85.576172,47.057575],[85.577118,47.058256],[85.578601,47.058860],[85.578923,47.059388],[85.579453,47.059615],[85.580351,47.059798],[85.581664,47.059887],[85.583424,47.059907],[85.584513,47.059794],[85.585425,47.060046],[85.586332,47.060497],[85.587869,47.060242],[85.588548,47.060004],[85.589437,47.059428],[85.592461,47.059181],[85.597105,47.059001],[85.600010,47.058638],[85.600643,47.058489],[85.603314,47.058312],[85.604990,47.058066],[85.606906,47.057513],[85.608303,47.056818],[85.608813,47.056667],[85.611105,47.056381],[85.611355,47.056217],[85.611657,47.055807],[85.612050,47.054847],[85.612625,47.054550],[85.613868,47.054503],[85.614295,47.054603],[85.615414,47.055204],[85.616538,47.056183],[85.617324,47.056655],[85.618206,47.056938],[85.619094,47.056981],[85.620539,47.056858],[85.622024,47.056385],[85.622879,47.055956],[85.623052,47.055790],[85.623314,47.055154],[85.623519,47.054937],[85.623802,47.054699],[85.624841,47.054282],[85.625277,47.054006],[85.626002,47.053287],[85.627134,47.052819],[85.629051,47.052289],[85.630330,47.051478],[85.631254,47.051343],[85.631621,47.051411],[85.632135,47.051711],[85.633726,47.053074],[85.635417,47.053584],[85.637042,47.054245],[85.637587,47.054567],[85.637868,47.054969],[85.639321,47.055795],[85.639981,47.056391],[85.640344,47.056590],[85.640787,47.056690],[85.642203,47.056552],[85.643737,47.055996],[85.644593,47.055556],[85.645275,47.055324],[85.645907,47.055228],[85.646844,47.055219],[85.647989,47.055497],[85.649155,47.055534],[85.650678,47.055423],[85.651856,47.055597],[85.652486,47.055595],[85.652933,47.055537],[85.654512,47.055066],[85.657039,47.054738],[85.657348,47.054669],[85.657743,47.054244],[85.657829,47.053868],[85.658089,47.053327],[85.658405,47.052985],[85.658555,47.052515],[85.659917,47.052052],[85.661754,47.051742],[85.663813,47.051073],[85.668732,47.050940],[85.669897,47.051050],[85.670369,47.051203],[85.670885,47.051435],[85.671319,47.051902],[85.672157,47.052186],[85.672756,47.052194],[85.676294,47.051382],[85.676956,47.051328],[85.678338,47.051337],[85.679838,47.051572],[85.682694,47.052229],[85.685238,47.053070],[85.687636,47.053652],[85.693702,47.055551],[85.695400,47.055815],[85.696352,47.055848],[85.699427,47.055679],[85.702479,47.055242],[85.704177,47.054865],[85.704467,47.054932],[85.705389,47.056160],[85.705750,47.056458],[85.707884,47.057114],[85.709665,47.058369],[85.710153,47.058501],[85.712097,47.058704],[85.713219,47.058666],[85.713729,47.058536],[85.714240,47.058364],[85.715795,47.057514],[85.716973,47.057036],[85.721361,47.055827],[85.723961,47.054905],[85.724659,47.054578],[85.726513,47.053401],[85.727518,47.053056],[85.728315,47.053045],[85.729888,47.053389],[85.732483,47.055190],[85.732847,47.055280],[85.733969,47.055213],[85.735455,47.054645],[85.737565,47.054261],[85.738569,47.053947],[85.739536,47.053214],[85.740820,47.051410],[85.741287,47.051143],[85.741655,47.051115],[85.742361,47.051135],[85.743704,47.051339],[85.744463,47.051683],[85.747259,47.053318],[85.747971,47.053630],[85.749173,47.053984],[85.750094,47.053920],[85.751811,47.053185],[85.752488,47.052713],[85.753694,47.052322],[85.756610,47.051944],[85.757747,47.052037],[85.759081,47.052537],[85.760761,47.052828],[85.761189,47.052843],[85.762485,47.052441],[85.762929,47.052395],[85.766497,47.052842],[85.768292,47.053205],[85.772697,47.055127],[85.773395,47.055629],[85.774385,47.056904],[85.774678,47.057028],[85.775342,47.057076],[85.775889,47.057061],[85.776395,47.056894],[85.779571,47.055640],[85.782992,47.053948],[85.783983,47.053886],[85.785542,47.054205],[85.785999,47.054219],[85.791905,47.053622],[85.794579,47.053525],[85.796069,47.053564],[85.797641,47.053902],[85.798882,47.054541],[85.799375,47.054940],[85.799980,47.055583],[85.802241,47.058776],[85.802751,47.059084],[85.803820,47.059447],[85.806244,47.060628],[85.807085,47.061323],[85.807987,47.061887],[85.808442,47.062033],[85.809976,47.062047],[85.812339,47.061339],[85.815794,47.060574],[85.818430,47.059473],[85.820435,47.058894],[85.821573,47.058777],[85.822251,47.058803],[85.822882,47.058990],[85.823271,47.059388],[85.823470,47.059734],[85.823819,47.060658],[85.824063,47.060984],[85.824383,47.061168],[85.826826,47.061452],[85.836487,47.062980],[85.837563,47.063019],[85.838865,47.062889],[85.843210,47.061852],[85.844365,47.061665],[85.846905,47.061574],[85.851535,47.061780],[85.852349,47.062364],[85.853100,47.063139],[85.853614,47.063933],[85.853933,47.064188],[85.854958,47.064602],[85.856311,47.064836],[85.858216,47.064761],[85.860808,47.063685],[85.861392,47.063305],[85.863337,47.062765],[85.864760,47.062524],[85.865884,47.062392],[85.869254,47.062234],[85.873802,47.062303],[85.877560,47.061987],[85.877882,47.062122],[85.880676,47.064190],[85.881194,47.064807],[85.881514,47.065053],[85.882115,47.065331],[85.885038,47.066167],[85.887553,47.066767],[85.888320,47.066854],[85.891883,47.066841],[85.892843,47.066911],[85.893372,47.067037],[85.894734,47.067657],[85.895889,47.068336],[85.897918,47.070363],[85.902074,47.074030],[85.902560,47.074156],[85.902947,47.074018],[85.905953,47.071791],[85.907103,47.071255],[85.908070,47.070961],[85.909585,47.070799],[85.911554,47.070736],[85.916334,47.070193],[85.917281,47.070233],[85.918063,47.070311],[85.918828,47.070633],[85.919527,47.071166],[85.920860,47.071938],[85.921150,47.072215],[85.921274,47.073415],[85.921418,47.073619],[85.922284,47.074022],[85.925859,47.074606],[85.926804,47.074934],[85.928755,47.074498],[85.933177,47.074028],[85.935878,47.073985],[85.936811,47.073844],[85.938397,47.074023],[85.938812,47.073877],[85.940593,47.072878],[85.941323,47.072866],[85.942376,47.073207],[85.943590,47.073755],[85.944194,47.073903],[85.946545,47.073995],[85.946957,47.074093],[85.947406,47.074332],[85.949082,47.075933],[85.950696,47.077172],[85.951611,47.077585],[85.952227,47.077760],[85.953366,47.077976],[85.954840,47.078002],[85.956785,47.077846],[85.958435,47.077320],[85.960246,47.076308],[85.963276,47.074262],[85.964527,47.073713],[85.966336,47.073490],[85.971048,47.073567],[85.973531,47.073493],[85.974990,47.073614],[85.978482,47.073378],[85.980074,47.073059],[85.981336,47.072689],[85.985194,47.071395],[85.987468,47.070727],[85.988672,47.070470],[85.989501,47.070390],[85.991804,47.069666],[85.993991,47.069259],[85.997098,47.068277],[86.001172,47.067255],[86.002399,47.067176],[86.005215,47.066576],[86.005750,47.066360],[86.006388,47.065766],[86.007103,47.063966],[86.007748,47.062981],[86.008759,47.062103],[86.009412,47.061398],[86.010492,47.059741],[86.013754,47.057174],[86.015213,47.056348],[86.017828,47.055582],[86.022429,47.054929],[86.024049,47.054902],[86.025650,47.054485],[86.029026,47.052279],[86.032672,47.050123],[86.032934,47.049931],[86.033145,47.049591],[86.034285,47.049001],[86.035929,47.048407],[86.036712,47.047989],[86.036975,47.047751],[86.037049,47.047418],[86.036602,47.046570],[86.036565,47.046338],[86.037556,47.045023],[86.041159,47.042134],[86.042239,47.041117],[86.043617,47.040084],[86.047324,47.038158],[86.050129,47.037196],[86.052503,47.036711],[86.053123,47.036291],[86.053196,47.035995],[86.053129,47.035179],[86.052452,47.034282],[86.050276,47.030542],[86.049755,47.030054],[86.048772,47.028783],[86.048714,47.026857],[86.049030,47.025125],[86.051920,47.025341],[86.062520,47.025743],[86.064679,47.026233],[86.065462,47.026514],[86.066864,47.026709],[86.071220,47.026810],[86.071993,47.026730],[86.072516,47.026380],[86.073317,47.026132],[86.074910,47.025932],[86.079093,47.025543],[86.080283,47.025506],[86.082723,47.025632],[86.083225,47.025704],[86.085130,47.026364],[86.087981,47.026437],[86.088731,47.026555],[86.089710,47.026901],[86.092788,47.028263],[86.093498,47.028487],[86.102935,47.029178],[86.105939,47.029261],[86.111032,47.029215],[86.112348,47.029611],[86.115289,47.030796],[86.116431,47.031075],[86.117931,47.031311],[86.120075,47.031417],[86.122203,47.031379],[86.125595,47.031691],[86.126347,47.031867],[86.128131,47.032082],[86.148222,47.034327],[86.178000,47.040002],[86.179000,47.040068],[86.180350,47.039839],[86.181586,47.039410],[86.183263,47.039314],[86.184675,47.039601],[86.186649,47.040477],[86.189399,47.041109],[86.191444,47.041316],[86.197773,47.041516],[86.200603,47.041878],[86.201023,47.042180],[86.201640,47.042350],[86.206264,47.043024],[86.206817,47.043213],[86.207868,47.043873],[86.208427,47.043835],[86.211807,47.044463],[86.213778,47.044988],[86.218695,47.045879],[86.222579,47.047000],[86.225075,47.047370],[86.233772,47.050562],[86.238985,47.051285],[86.244334,47.052931],[86.251139,47.052722],[86.252793,47.053078],[86.253753,47.053410],[86.256340,47.055424],[86.258308,47.056231],[86.261618,47.057289],[86.267709,47.058861],[86.272131,47.060129],[86.273635,47.061067],[86.274767,47.061517],[86.278089,47.061892],[86.279557,47.061903],[86.287954,47.064162],[86.292785,47.065719],[86.294474,47.066568],[86.299734,47.068706],[86.300789,47.068983],[86.306891,47.071254],[86.315326,47.076242],[86.317483,47.077773],[86.318024,47.077896],[86.318869,47.077903],[86.319583,47.077774],[86.319759,47.077375],[86.319765,47.076932],[86.319479,47.076269],[86.318492,47.074826],[86.317706,47.073006],[86.317643,47.072278],[86.317719,47.072011],[86.318003,47.071880],[86.322748,47.073639],[86.326788,47.074915],[86.330031,47.075333],[86.332904,47.075957],[86.339912,47.078175],[86.342409,47.079456],[86.350970,47.081910],[86.352939,47.082259],[86.354843,47.082916],[86.361965,47.083761],[86.366816,47.084815],[86.373404,47.086778],[86.373781,47.086622],[86.373988,47.086556],[86.374132,47.086529],[86.374451,47.086509],[86.377652,47.087242],[86.380157,47.087215],[86.389223,47.086985],[86.396862,47.087447],[86.397778,47.087595],[86.398197,47.087629],[86.408193,47.088048],[86.411079,47.087996],[86.414862,47.087304],[86.419164,47.087148],[86.420167,47.087019],[86.423511,47.086172],[86.425711,47.085955],[86.428824,47.084865],[86.432054,47.084084],[86.433842,47.083556],[86.434688,47.083183],[86.435456,47.083236],[86.437545,47.084129],[86.438738,47.084376],[86.442221,47.084830],[86.444339,47.085255],[86.445629,47.085652],[86.446332,47.086097],[86.448696,47.086087],[86.451523,47.086313],[86.454363,47.086346],[86.455969,47.086634],[86.458157,47.087216],[86.462418,47.087628],[86.465025,47.087717],[86.468889,47.087525],[86.469667,47.087661],[86.470756,47.088465],[86.471618,47.088726],[86.472458,47.088753],[86.475999,47.089161],[86.476836,47.089513],[86.477577,47.089665],[86.478515,47.089650],[86.480446,47.088984],[86.481481,47.088986],[86.482185,47.089254],[86.483469,47.089942],[86.484009,47.090736],[86.484908,47.090989],[86.486002,47.091116],[86.487330,47.090968],[86.490066,47.090262],[86.491356,47.090330],[86.492355,47.090182],[86.492711,47.089806],[86.492820,47.088628],[86.492569,47.087971],[86.491323,47.087126],[86.490381,47.086608],[86.489896,47.085824],[86.489590,47.085575],[86.489608,47.085030],[86.489437,47.083920],[86.488809,47.083224],[86.488065,47.082172],[86.488016,47.081693],[86.488178,47.081076],[86.489034,47.080038],[86.489207,47.078534],[86.489585,47.077568],[86.489863,47.077125],[86.490681,47.076196],[86.490762,47.075784],[86.490766,47.074427],[86.491227,47.072653],[86.493071,47.069217],[86.493527,47.068741],[86.494356,47.068391],[86.495520,47.067748],[86.496775,47.066500],[86.496579,47.066062],[86.496337,47.065770],[86.495438,47.065082],[86.493697,47.064249],[86.496571,47.063373],[86.498997,47.062951],[86.499901,47.062559],[86.502287,47.061757],[86.503994,47.061434],[86.505357,47.061344],[86.510078,47.061442],[86.517624,47.061319],[86.523773,47.060532],[86.526299,47.059855],[86.528652,47.059524],[86.529776,47.059041],[86.531778,47.058468],[86.534674,47.057311],[86.536710,47.056950],[86.539787,47.056090],[86.542623,47.054892],[86.546264,47.052668],[86.548694,47.051402],[86.550025,47.051112],[86.551597,47.051006],[86.554338,47.051145],[86.557431,47.051528],[86.561966,47.052533],[86.566214,47.053862],[86.567989,47.053704],[86.573795,47.052261],[86.577584,47.051947],[86.581133,47.051957],[86.587874,47.052706],[86.605276,47.055117],[86.614158,47.056609],[86.620796,47.057446],[86.631347,47.059193],[86.698637,47.069410],[86.701333,47.069117],[86.703975,47.068706],[86.704938,47.068681],[86.706024,47.068793],[86.708749,47.069470],[86.712501,47.071052],[86.715104,47.071937],[86.718225,47.072569],[86.724862,47.073238],[86.734004,47.073090],[86.737994,47.073263],[86.741297,47.073841],[86.745453,47.074784],[86.748570,47.075126],[86.750660,47.075511],[86.755247,47.076696],[86.757857,47.076978],[86.760645,47.077625],[86.777779,47.078175],[86.794166,47.079686],[86.798424,47.080025],[86.800341,47.080094],[86.802952,47.080446],[86.804271,47.080688],[86.804243,47.081177],[86.804595,47.082003],[86.806802,47.085416],[86.860946,47.093415],[86.898166,47.098824],[86.937766,47.104746],[86.978544,47.110689],[87.035189,47.119005],[87.037432,47.118878],[87.040668,47.118692],[87.040310,47.117072],[87.038985,47.097954],[87.037078,47.077873],[87.033360,47.031778],[87.031446,47.011929],[87.030686,47.001641],[87.029744,46.985673],[87.029262,46.972308],[87.029617,46.970851],[87.033538,46.967377],[87.035911,46.964872],[87.041491,46.961564],[87.045882,46.957523],[87.050743,46.951376],[87.051929,46.950082],[87.054301,46.948628],[87.056909,46.946364],[87.058569,46.945394],[87.062837,46.943942],[87.064377,46.942648],[87.065913,46.938114],[87.066503,46.935199],[87.067448,46.933499],[87.068395,46.932528],[87.077511,46.927026],[87.087211,46.920953],[87.096430,46.915037],[87.121568,46.899942],[87.183234,46.862184],[87.203685,46.849561],[87.203794,46.847050],[87.202677,46.800239],[87.202065,46.762416],[87.201580,46.726621],[87.201680,46.715726],[87.195381,46.708123],[87.181886,46.691828],[87.142245,46.639671],[87.096192,46.579741],[87.037192,46.503534],[87.037033,46.499623],[87.039142,46.496043],[87.081150,46.427598],[87.129581,46.348127],[87.171845,46.275389],[87.199764,46.228911],[87.234479,46.170765],[87.262241,46.125049],[87.300745,46.060484],[87.336082,46.005118],[87.336353,46.004268],[87.336580,46.003556],[87.337415,45.999996],[87.338260,45.996435],[87.338730,45.994423],[87.339278,45.990836],[87.339809,45.987245],[87.339870,45.986885],[87.340497,45.983302],[87.340984,45.980487],[87.341054,45.976878],[87.341123,45.973268],[87.341132,45.972934],[87.341201,45.969324],[87.341271,45.965710],[87.341271,45.965606],[87.340435,45.962047],[87.339607,45.958483],[87.339450,45.957802],[87.339433,45.954192],[87.339424,45.950582],[87.339406,45.946972],[87.339389,45.943362],[87.339371,45.939753],[87.339362,45.936143],[87.339344,45.932533],[87.339327,45.928919],[87.339309,45.925310],[87.339300,45.921704],[87.339283,45.918089],[87.339274,45.914480],[87.339256,45.910874],[87.339238,45.907256],[87.339229,45.903646],[87.339212,45.900040],[87.339194,45.896426],[87.339177,45.892817],[87.339168,45.889207],[87.339150,45.885592],[87.339132,45.881982],[87.339115,45.878373],[87.339106,45.874758],[87.339088,45.871153],[87.339079,45.867539],[87.339062,45.863925],[87.339044,45.860320],[87.339035,45.856705],[87.339017,45.853091],[87.339000,45.849485],[87.338982,45.845871],[87.338973,45.842262],[87.338956,45.838647],[87.338938,45.835037],[87.338920,45.831423],[87.338911,45.827814],[87.338902,45.824203],[87.338885,45.820589],[87.338867,45.816979],[87.338850,45.813365],[87.338841,45.809755],[87.338823,45.806140],[87.338805,45.802530],[87.338788,45.798920],[87.338779,45.795302],[87.338761,45.791696],[87.338743,45.788082],[87.338735,45.784469],[87.338717,45.780859],[87.338708,45.777243],[87.338690,45.773633],[87.338674,45.770019],[87.338656,45.766409],[87.338646,45.762796],[87.338630,45.759181],[87.338611,45.755570],[87.338593,45.751961],[87.338585,45.748347],[87.338567,45.744727],[87.338558,45.741117],[87.338541,45.737507],[87.338531,45.733888],[87.338515,45.730279],[87.338496,45.726669],[87.338478,45.723054],[87.338461,45.719440],[87.338452,45.715826],[87.338435,45.712215],[87.338416,45.708601],[87.338408,45.704986],[87.338391,45.701376],[87.338381,45.697762],[87.338363,45.694147],[87.338346,45.690532],[87.338337,45.686918],[87.338319,45.683308],[87.338302,45.679689],[87.338285,45.676078],[87.338275,45.672464],[87.338257,45.668854],[87.338248,45.665235],[87.338231,45.661625],[87.338213,45.658009],[87.338204,45.654396],[87.338187,45.650780],[87.338169,45.647166],[87.338151,45.643551],[87.338142,45.639941],[87.338126,45.636322],[87.338107,45.632708],[87.338089,45.629093],[87.338082,45.625478],[87.338073,45.621864],[87.338054,45.618248],[87.338037,45.614634],[87.338020,45.611023],[87.338011,45.607409],[87.337993,45.603790],[87.337976,45.600175],[87.337958,45.596560],[87.337949,45.592945],[87.337940,45.589331],[87.337922,45.585716],[87.337905,45.582101],[87.337887,45.578486],[87.337878,45.574871],[87.337861,45.571255],[87.337843,45.567636],[87.337825,45.564022],[87.337815,45.560411],[87.337807,45.556792],[87.337789,45.553177],[87.337772,45.549562],[87.337754,45.545947],[87.337745,45.542332],[87.337728,45.538713],[87.337710,45.535098],[87.337693,45.531483],[87.337684,45.527868],[87.337665,45.524253],[87.337649,45.520633],[87.337640,45.517018],[87.337631,45.513399],[87.337613,45.509788],[87.337595,45.506169],[87.337578,45.502553],[87.337569,45.498934],[87.337551,45.495319],[87.337534,45.491704],[87.337516,45.488088],[87.337507,45.484473],[87.337498,45.480854],[87.337481,45.477234],[87.337463,45.473619],[87.337445,45.470004],[87.337436,45.466388],[87.337419,45.462769],[87.337401,45.459149],[87.337383,45.455534],[87.337375,45.451914],[87.337366,45.448303],[87.337348,45.444684],[87.337330,45.441064],[87.337313,45.437449],[87.337304,45.433829],[87.337286,45.430213],[87.337269,45.426598],[87.337251,45.422978],[87.337242,45.419359],[87.337233,45.415743],[87.337215,45.412123],[87.337194,45.408506],[87.337177,45.404886],[87.337168,45.401271],[87.337150,45.397651],[87.337132,45.394031],[87.337115,45.390415],[87.337106,45.386795],[87.337097,45.383180],[87.337079,45.379564],[87.337062,45.375944],[87.337053,45.372325],[87.337035,45.368705],[87.337017,45.365085],[87.337000,45.361469],[87.336982,45.357849],[87.336973,45.354233],[87.336956,45.350613],[87.336947,45.346993],[87.336929,45.343373],[87.336920,45.339758],[87.336902,45.336138],[87.336885,45.332518],[87.336876,45.330604],[87.004095,45.331205],[86.980641,45.331265],[86.957290,45.331325],[86.942199,45.331364],[86.913536,45.331437],[86.781294,45.331777],[86.750468,45.331855],[86.703771,45.331976],[86.627885,45.332169],[86.613977,45.332205],[86.583257,45.332284],[86.558517,45.332347],[86.487103,45.332530],[86.458624,45.332484],[86.431847,45.332440],[86.398869,45.332386],[86.374149,45.332346],[86.316504,45.332252],[85.666864,45.331195],[85.667177,45.327580],[85.667498,45.323969],[85.667594,45.322962],[85.667046,45.319363],[85.666612,45.316519],[85.667308,45.312935],[85.667907,45.309906],[85.668429,45.306313],[85.668891,45.303063],[85.669239,45.299448],[85.669568,45.295976],[85.669517,45.292356],[85.669490,45.290932],[85.669855,45.287321],[85.670133,45.284531],[85.670490,45.280920],[85.670768,45.278134],[85.670742,45.274514],[85.670716,45.270893],[85.670690,45.267273],[85.670655,45.263657],[85.670637,45.260033],[85.670602,45.256417],[85.670576,45.252792],[85.670549,45.249172],[85.670524,45.245552],[85.670498,45.241936],[85.670463,45.238311],[85.670435,45.234695],[85.670409,45.231075],[85.670383,45.227454],[85.670357,45.223834],[85.670330,45.220214],[85.670305,45.216589],[85.670270,45.212969],[85.670251,45.209348],[85.670216,45.205728],[85.670190,45.202108],[85.670164,45.198487],[85.670138,45.194867],[85.670111,45.191247],[85.670076,45.187626],[85.670059,45.184006],[85.670024,45.180385],[85.669998,45.176765],[85.669972,45.173140],[85.669945,45.169520],[85.669919,45.165899],[85.669892,45.162279],[85.669866,45.158658],[85.669832,45.155034],[85.669814,45.151418],[85.669779,45.147793],[85.669752,45.144172],[85.669726,45.140552],[85.669700,45.136927],[85.669674,45.133307],[85.669639,45.129686],[85.669622,45.126066],[85.669587,45.122445],[85.669561,45.118825],[85.669533,45.115200],[85.669507,45.111575],[85.669481,45.107955],[85.669446,45.104334],[85.669428,45.100709],[85.669393,45.097089],[85.669367,45.093468],[85.669341,45.089848],[85.669315,45.086223],[85.669288,45.082602],[85.669253,45.078977],[85.669236,45.075357],[85.669201,45.071736],[85.669183,45.068112],[85.669148,45.064491],[85.669122,45.060866],[85.669096,45.057246],[85.669061,45.053621],[85.669043,45.050000],[85.669008,45.046380],[85.668991,45.042755],[85.668956,45.039135],[85.668938,45.035514],[85.668903,45.031889],[85.668868,45.028269],[85.668850,45.024644],[85.668815,45.021023],[85.668798,45.017398],[85.668763,45.013774],[85.668745,45.010153],[85.668710,45.006528],[85.668684,45.002903],[85.668658,44.999279],[85.668632,44.995658],[85.668605,44.992033],[85.668597,44.990683],[85.668539,44.988276],[85.668849,44.977649],[85.668785,44.965701],[85.668921,44.919290],[85.781482,44.922903],[85.787607,44.921783],[85.790818,44.920913],[85.796430,44.919155],[85.803563,44.915649],[85.805077,44.914904],[85.808653,44.912424],[85.811331,44.910180],[85.814890,44.906337],[85.816552,44.903930],[85.817944,44.902219],[85.820848,44.899278],[85.822978,44.896785],[85.825660,44.894266],[85.829154,44.891393],[85.832706,44.889018],[85.838794,44.885460],[85.841974,44.883812],[85.849922,44.879339],[85.852548,44.877734],[85.860929,44.871966],[85.866235,44.867637],[85.868414,44.865960],[85.871018,44.862612],[85.874138,44.858048],[85.877998,44.852829],[85.878433,44.852068],[85.879248,44.849717],[85.880661,44.846390],[85.883444,44.841244],[85.884878,44.838331],[85.885604,44.836362],[85.886021,44.834784],[85.886117,44.834004],[85.886083,44.831590],[85.886364,44.828966],[85.886348,44.827570],[85.886781,44.825433],[85.886793,44.823153],[85.889759,44.816164],[85.891397,44.813170],[85.893995,44.810512],[85.896836,44.807224],[85.898559,44.805906],[85.901528,44.803194],[85.920417,44.790229],[85.930172,44.780044],[85.935936,44.773909],[85.937981,44.769387],[85.942116,44.759632],[85.938706,44.757750],[85.928505,44.750743],[85.917003,44.743653],[85.909953,44.738961],[85.906931,44.737497],[85.906132,44.737110],[85.907818,44.735635],[85.911629,44.734123],[85.911944,44.733644],[85.912160,44.729122],[85.912445,44.726102],[85.911459,44.725184],[85.911903,44.725014],[85.912853,44.724651],[85.913309,44.724386],[85.913572,44.724096],[85.913556,44.723671],[85.913283,44.723186],[85.912826,44.722665],[85.912757,44.722068],[85.912931,44.721875],[85.913970,44.721747],[85.914542,44.722149],[85.915145,44.723050],[85.915509,44.723845],[85.916229,44.724048],[85.916918,44.723796],[85.916973,44.723040],[85.917384,44.722591],[85.918641,44.721662],[85.919648,44.720330],[85.920643,44.719640],[85.921668,44.719077],[85.922014,44.718690],[85.921994,44.718082],[85.921703,44.717230],[85.919645,44.716199],[85.918204,44.715737],[85.916757,44.715630],[85.915337,44.715800],[85.914347,44.716237],[85.914172,44.717004],[85.913725,44.717631],[85.912702,44.718103],[85.911797,44.718346],[85.910815,44.718336],[85.909468,44.718105],[85.907574,44.717289],[85.907478,44.716938],[85.907712,44.716447],[85.908575,44.715939],[85.910454,44.715258],[85.912121,44.714792],[85.913111,44.714343],[85.913784,44.712778],[85.913308,44.710707],[85.911613,44.708407],[85.911711,44.707444],[85.912026,44.706535],[85.912265,44.706216],[85.912568,44.705932],[85.913011,44.705795],[85.913896,44.705521],[85.914787,44.705633],[85.915058,44.705848],[85.915227,44.706263],[85.915232,44.706779],[85.914785,44.707044],[85.913608,44.707124],[85.912985,44.707319],[85.912809,44.707707],[85.912846,44.708287],[85.913073,44.708639],[85.913382,44.708901],[85.914021,44.709165],[85.914891,44.709099],[85.915367,44.708634],[85.916608,44.706351],[85.917016,44.706068],[85.917420,44.705981],[85.918039,44.706033],[85.918338,44.706408],[85.918146,44.707162],[85.918245,44.708450],[85.918955,44.709594],[85.919325,44.710005],[85.919644,44.710192],[85.919941,44.710212],[85.920892,44.709292],[85.922577,44.708340],[85.923695,44.707502],[85.923902,44.706804],[85.923764,44.706407],[85.921481,44.705322],[85.921141,44.705032],[85.921148,44.704665],[85.921502,44.704244],[85.923213,44.703550],[85.924133,44.703467],[85.924945,44.703522],[85.925804,44.704093],[85.926355,44.705218],[85.927193,44.706075],[85.928040,44.706429],[85.928942,44.706438],[85.930145,44.705843],[85.930631,44.704815],[85.930643,44.704172],[85.930274,44.703193],[85.929355,44.702403],[85.928300,44.701933],[85.926231,44.701612],[85.925852,44.701428],[85.925356,44.700804],[85.925285,44.700435],[85.925451,44.699247],[85.925356,44.698305],[85.924384,44.695856],[85.923944,44.695433],[85.922732,44.695208],[85.921683,44.695352],[85.920581,44.695341],[85.920053,44.695152],[85.919341,44.694491],[85.919248,44.693928],[85.919471,44.693098],[85.920248,44.692469],[85.921084,44.692064],[85.922042,44.692046],[85.922760,44.692420],[85.926976,44.695166],[85.927572,44.696022],[85.928337,44.696437],[85.929164,44.696601],[85.930059,44.696530],[85.931509,44.695944],[85.933006,44.694817],[85.934411,44.692887],[85.934898,44.691831],[85.935775,44.690566],[85.935805,44.689821],[85.935046,44.688724],[85.934947,44.688197],[85.935062,44.686768],[85.934980,44.686361],[85.935405,44.686127],[85.937734,44.686095],[85.938439,44.685844],[85.938785,44.685452],[85.939236,44.684149],[85.939474,44.683928],[85.940057,44.683722],[85.943892,44.683747],[85.945115,44.683445],[85.946258,44.682648],[85.947195,44.681643],[85.947521,44.681010],[85.946915,44.680653],[85.945804,44.680463],[85.940907,44.680449],[85.938020,44.680573],[85.936791,44.679946],[85.935726,44.678849],[85.936028,44.677631],[85.936647,44.676398],[85.936819,44.675368],[85.937426,44.674795],[85.938311,44.674408],[85.939818,44.674350],[85.940851,44.676456],[85.941804,44.677636],[85.942315,44.677917],[85.942933,44.678027],[85.943661,44.677886],[85.943982,44.677511],[85.944230,44.676739],[85.943977,44.674688],[85.943995,44.673713],[85.943441,44.673156],[85.943048,44.673030],[85.941529,44.672854],[85.940754,44.672496],[85.940195,44.671882],[85.939065,44.671325],[85.936134,44.671072],[85.934460,44.670667],[85.932802,44.669406],[85.932748,44.668843],[85.933033,44.668118],[85.934869,44.667428],[85.936615,44.667401],[85.937089,44.667618],[85.937230,44.669140],[85.937424,44.669824],[85.938063,44.670264],[85.938745,44.670465],[85.939496,44.670399],[85.940389,44.669853],[85.940975,44.668757],[85.941037,44.667152],[85.941184,44.666155],[85.941717,44.665185],[85.942841,44.664498],[85.944006,44.663984],[85.946328,44.663693],[85.949480,44.663458],[85.949850,44.663141],[85.949951,44.662787],[85.949781,44.662165],[85.949682,44.661802],[85.950183,44.661303],[85.952189,44.659989],[85.954424,44.658987],[85.956924,44.658906],[85.959411,44.658206],[85.960068,44.657060],[85.960554,44.655184],[85.960282,44.653695],[85.959929,44.653157],[85.959587,44.652913],[85.958778,44.653035],[85.958203,44.653330],[85.956834,44.654505],[85.956297,44.654757],[85.955886,44.654752],[85.955048,44.654284],[85.954436,44.653806],[85.954151,44.653120],[85.955092,44.646516],[85.954905,44.645240],[85.954453,44.644386],[85.954777,44.643380],[85.955550,44.641724],[85.955122,44.639550],[85.955604,44.638566],[85.958274,44.637822],[85.960317,44.637477],[85.960233,44.637047],[85.960447,44.636864],[85.961177,44.636619],[85.961863,44.636192],[85.962507,44.635825],[85.962636,44.635673],[85.962936,44.635367],[85.963280,44.635154],[85.963623,44.634970],[85.964395,44.634909],[85.965211,44.634665],[85.965812,44.634085],[85.966198,44.633627],[85.966498,44.633230],[85.966627,44.632955],[85.966584,44.632405],[85.966284,44.631977],[85.966026,44.631916],[85.965468,44.631916],[85.964910,44.632008],[85.964524,44.632130],[85.964310,44.632558],[85.963966,44.633168],[85.963065,44.633565],[85.962421,44.633962],[85.961735,44.634634],[85.961005,44.634818],[85.960447,44.634848],[85.959932,44.634665],[85.959675,44.634390],[85.959632,44.634237],[85.960276,44.633474],[85.961005,44.633138],[85.961477,44.632894],[85.961949,44.632558],[85.962293,44.632130],[85.962722,44.631672],[85.962808,44.631214],[85.962808,44.630664],[85.962808,44.630206],[85.962850,44.629504],[85.962979,44.629107],[85.963280,44.629046],[85.963323,44.628740],[85.963108,44.628557],[85.962335,44.628557],[85.961477,44.628679],[85.961263,44.628801],[85.960791,44.629107],[85.960276,44.629381],[85.959803,44.629809],[85.959074,44.630053],[85.958473,44.630084],[85.957701,44.629748],[85.956971,44.629259],[85.956489,44.628974],[85.956585,44.628861],[85.956585,44.628617],[85.956370,44.628189],[85.956198,44.627548],[85.955555,44.627212],[85.954997,44.626907],[85.954139,44.626449],[85.953280,44.626296],[85.952250,44.626052],[85.951607,44.625654],[85.950662,44.625074],[85.950276,44.624738],[85.950104,44.624402],[85.950062,44.623944],[85.949976,44.623425],[85.949976,44.623150],[85.949933,44.622753],[85.949976,44.622417],[85.950534,44.622142],[85.951392,44.621867],[85.952422,44.621775],[85.953237,44.621775],[85.953967,44.621775],[85.955555,44.621775],[85.956413,44.621897],[85.957143,44.622233],[85.957915,44.622692],[85.958688,44.622722],[85.959374,44.622661],[85.959846,44.622478],[85.960061,44.622356],[85.960404,44.621989],[85.960576,44.621775],[85.961177,44.621287],[85.960919,44.620737],[85.960490,44.620401],[85.959760,44.620126],[85.959073,44.618904],[85.959287,44.618751],[85.959717,44.618354],[85.960317,44.618232],[85.960961,44.617987],[85.961390,44.617865],[85.961734,44.617651],[85.961819,44.617285],[85.961648,44.616552],[85.961562,44.615880],[85.960747,44.615696],[85.959802,44.615482],[85.959159,44.615299],[85.958730,44.615055],[85.958386,44.614841],[85.958129,44.614505],[85.958215,44.613955],[85.958730,44.613558],[85.958858,44.613497],[85.959545,44.613008],[85.959888,44.612702],[85.960189,44.612275],[85.960446,44.611878],[85.960446,44.611755],[85.960575,44.611511],[85.960747,44.611083],[85.960875,44.610778],[85.961004,44.610442],[85.961176,44.610014],[85.961262,44.609831],[85.961562,44.609403],[85.961862,44.609250],[85.961991,44.609067],[85.962077,44.608731],[85.962077,44.608303],[85.962077,44.607753],[85.962077,44.607386],[85.961862,44.606928],[85.961433,44.606409],[85.961047,44.606134],[85.961090,44.605920],[85.961390,44.605767],[85.961304,44.605462],[85.961090,44.605125],[85.960532,44.605125],[85.959888,44.605125],[85.959202,44.605156],[85.958815,44.605187],[85.958000,44.605339],[85.957399,44.605614],[85.956755,44.606256],[85.956326,44.606684],[85.956069,44.607142],[85.955597,44.607631],[85.954781,44.608120],[85.953794,44.608486],[85.952850,44.608456],[85.952292,44.608456],[85.951606,44.608150],[85.950318,44.607784],[85.950104,44.607448],[85.949288,44.606684],[85.949159,44.606042],[85.949159,44.605370],[85.949073,44.604604],[85.949073,44.604085],[85.949073,44.603596],[85.949073,44.603077],[85.949116,44.602832],[85.949416,44.602404],[85.949760,44.602038],[85.950704,44.601977],[85.951262,44.601977],[85.951562,44.602007],[85.951863,44.602099],[85.952292,44.602252],[85.952635,44.602618],[85.953322,44.603077],[85.954051,44.603596],[85.955124,44.603627],[85.955854,44.603290],[85.955854,44.603107],[85.955854,44.602679],[85.955639,44.602190],[85.955639,44.601946],[85.955296,44.601702],[85.954781,44.601610],[85.954180,44.601365],[85.953665,44.600846],[85.953150,44.600388],[85.953193,44.599868],[85.953193,44.599593],[85.953193,44.598951],[85.953279,44.598524],[85.953751,44.598432],[85.953665,44.598126],[85.954094,44.598126],[85.954867,44.598126],[85.955725,44.598524],[85.956326,44.598890],[85.956798,44.599196],[85.956841,44.599563],[85.956927,44.599654],[85.957013,44.599746],[85.957270,44.600174],[85.958300,44.600479],[85.958772,44.600877],[85.959330,44.601121],[85.959845,44.601213],[85.960317,44.601213],[85.960660,44.600968],[85.961218,44.600540],[85.961604,44.600327],[85.961948,44.599990],[85.961991,44.599838],[85.961991,44.599410],[85.961948,44.598951],[85.962463,44.598401],[85.962463,44.598096],[85.962463,44.597699],[85.962291,44.597393],[85.961991,44.596996],[85.961733,44.596782],[85.961218,44.596599],[85.960360,44.597026],[85.959630,44.597179],[85.958901,44.597424],[85.957485,44.597393],[85.956583,44.596996],[85.955897,44.596415],[85.955596,44.595682],[85.955639,44.595346],[85.955682,44.594796],[85.955768,44.594368],[85.955940,44.593848],[85.956068,44.593390],[85.956240,44.592870],[85.956283,44.592442],[85.956326,44.591801],[85.956927,44.591312],[85.957270,44.590975],[85.958085,44.590762],[85.959373,44.590853],[85.960274,44.590853],[85.961004,44.590823],[85.961819,44.590517],[85.962291,44.590089],[85.962420,44.589447],[85.962291,44.588714],[85.961390,44.588194],[85.960403,44.588164],[85.959201,44.588164],[85.958343,44.588164],[85.957399,44.588194],[85.956970,44.588255],[85.956111,44.588469],[85.955167,44.588683],[85.954094,44.588500],[85.953322,44.588500],[85.952676,44.588227],[85.952247,44.587830],[85.951774,44.587463],[85.951217,44.587096],[85.950744,44.586852],[85.950401,44.586393],[85.950144,44.585538],[85.949457,44.584987],[85.949071,44.584712],[85.948427,44.584529],[85.947526,44.584284],[85.947054,44.584193],[85.945895,44.583459],[85.944908,44.583001],[85.944436,44.582817],[85.943964,44.582542],[85.943621,44.582236],[85.943363,44.581931],[85.943363,44.581900],[85.942806,44.581440],[85.942076,44.581073],[85.941475,44.580920],[85.941304,44.580645],[85.941261,44.580156],[85.941089,44.579636],[85.941089,44.579086],[85.941475,44.578536],[85.941990,44.578444],[85.942462,44.578383],[85.943321,44.578383],[85.943878,44.578413],[85.945037,44.578811],[85.945981,44.579208],[85.947011,44.579911],[85.947955,44.580125],[85.948985,44.580125],[85.949758,44.580003],[85.950316,44.579606],[85.950359,44.579239],[85.950101,44.578933],[85.948942,44.578597],[85.948127,44.578475],[85.946889,44.578265],[85.946502,44.578081],[85.945773,44.577684],[85.945344,44.576981],[85.945258,44.576736],[85.945043,44.576461],[85.944829,44.576094],[85.944571,44.575727],[85.944357,44.575422],[85.944142,44.575208],[85.944013,44.574902],[85.943970,44.574688],[85.943327,44.573893],[85.942468,44.573312],[85.941953,44.573190],[85.941524,44.573007],[85.941095,44.572823],[85.940537,44.572579],[85.940322,44.572365],[85.940194,44.571998],[85.940194,44.571875],[85.940448,44.571567],[85.940835,44.571475],[85.941650,44.571323],[85.942508,44.571292],[85.943238,44.571139],[85.943581,44.570803],[85.943925,44.570405],[85.944697,44.570314],[85.945298,44.569886],[85.945512,44.569549],[85.945598,44.569121],[85.946328,44.569091],[85.946886,44.569091],[85.947143,44.569030],[85.947486,44.568877],[85.948388,44.568754],[85.948946,44.568754],[85.949461,44.568357],[85.949804,44.567837],[85.950405,44.567501],[85.951606,44.567379],[85.951993,44.567012],[85.951735,44.566492],[85.951349,44.566370],[85.950877,44.566217],[85.950920,44.565850],[85.950362,44.565269],[85.950362,44.565086],[85.950619,44.564810],[85.951006,44.564443],[85.950877,44.564291],[85.950448,44.564229],[85.950061,44.564168],[85.949203,44.564168],[85.949074,44.564138],[85.948388,44.563954],[85.947916,44.563985],[85.947658,44.563985],[85.947100,44.564015],[85.946499,44.564199],[85.946070,44.564015],[85.946070,44.563068],[85.946199,44.562487],[85.946199,44.562120],[85.946027,44.561936],[85.946285,44.561478],[85.946242,44.561080],[85.946199,44.560774],[85.946671,44.560438],[85.946886,44.560071],[85.946843,44.559765],[85.947615,44.559429],[85.947873,44.559001],[85.947830,44.558634],[85.945427,44.558450],[85.943967,44.558145],[85.943324,44.558114],[85.942508,44.558481],[85.941393,44.558878],[85.940878,44.558664],[85.940534,44.558664],[85.940534,44.558900],[85.940446,44.558878],[85.939075,44.558533],[85.932551,44.554311],[85.932465,44.553087],[85.931521,44.552904],[85.931521,44.552598],[85.931178,44.552598],[85.930577,44.551864],[85.926629,44.551558],[85.925856,44.551497],[85.926114,44.550335],[85.925599,44.549785],[85.924654,44.549295],[85.923882,44.548378],[85.923453,44.547277],[85.923367,44.546665],[85.923195,44.546053],[85.923195,44.545258],[85.922595,44.543362],[85.922595,44.542933],[85.922938,44.542566],[85.922595,44.542016],[85.923624,44.541588],[85.923539,44.541159],[85.921136,44.540425],[85.921222,44.539263],[85.920191,44.538590],[85.920191,44.538101],[85.919934,44.537795],[85.919934,44.537244],[85.919419,44.536938],[85.918732,44.535898],[85.918818,44.534797],[85.919505,44.534185],[85.919505,44.533573],[85.919848,44.531799],[85.920535,44.530148],[85.920879,44.528128],[85.920535,44.525864],[85.919760,44.524878],[85.918560,44.523356],[85.922939,44.508911],[85.916759,44.506219],[85.913669,44.509646],[85.907059,44.507438],[85.906150,44.507134],[85.903885,44.493547],[85.901224,44.491037],[85.898134,44.490792],[85.897104,44.483444],[85.895988,44.482587],[85.896589,44.481852],[85.896331,44.472788],[85.884058,44.462437],[85.884488,44.457842],[85.885604,44.456127],[85.892384,44.451961],[85.899164,44.451777],[85.901139,44.447917],[85.903027,44.446324],[85.905002,44.446262],[85.906289,44.446262],[85.907662,44.446507],[85.909121,44.447304],[85.910581,44.447610],[85.912040,44.447426],[85.912555,44.446875],[85.912297,44.446017],[85.912125,44.445159],[85.911439,44.443811],[85.912984,44.443750],[85.914958,44.443689],[85.915902,44.443137],[85.916675,44.442463],[85.916675,44.441850],[85.916160,44.441850],[85.914785,44.440747],[85.914443,44.439889],[85.913928,44.439338],[85.914529,44.438602],[85.913583,44.437439],[85.912811,44.437133],[85.911523,44.436397],[85.911351,44.435110],[85.911351,44.433946],[85.910922,44.432965],[85.908777,44.432046],[85.907918,44.431249],[85.908004,44.429839],[85.908605,44.429288],[85.908862,44.428308],[85.908433,44.427755],[85.908777,44.427142],[85.911008,44.426775],[85.912200,44.426513],[85.911694,44.420305],[85.911633,44.418637],[85.909721,44.419695],[85.907876,44.420218],[85.905558,44.420968],[85.899593,44.421137],[85.893242,44.421045],[85.893048,44.418133],[85.892834,44.415359],[85.892448,44.415251],[85.892147,44.414760],[85.891353,44.414516],[85.890881,44.414118],[85.890795,44.413872],[85.889980,44.413764],[85.889401,44.410101],[85.889208,44.408813],[85.889486,44.408384],[85.889465,44.407250],[85.889937,44.406468],[85.890109,44.406160],[85.887148,44.402681],[85.885538,44.401454],[85.887040,44.399431],[85.893949,44.397866],[85.894561,44.397292],[85.894303,44.397054],[85.895194,44.396250],[85.895430,44.395935],[85.896492,44.395360],[85.896847,44.395053],[85.897254,44.394823],[85.898648,44.392914],[85.900805,44.389891],[85.901073,44.389331],[85.900923,44.385450],[85.900869,44.383065],[85.900687,44.380871],[85.900913,44.380787],[85.901213,44.380848],[85.901813,44.381101],[85.902210,44.381339],[85.902629,44.381538],[85.903037,44.381584],[85.903412,44.381630],[85.904345,44.381937],[85.906643,44.382727],[85.909061,44.383669],[85.909091,44.382701],[85.908138,44.365723],[85.907885,44.361227],[85.907856,44.360704],[85.907322,44.354941],[85.905348,44.337542],[85.904866,44.333289],[85.904790,44.332618],[85.913792,44.328820],[85.918470,44.322706],[85.926113,44.319582],[85.932450,44.318095],[85.935470,44.317387],[85.931192,44.298281],[85.935385,44.297700],[85.943113,44.296629],[85.946737,44.311411],[85.954203,44.309632],[85.952610,44.294249],[85.955447,44.293538],[85.957940,44.290735],[85.959361,44.289277],[85.960150,44.288466],[85.960331,44.286116],[85.960014,44.285161],[85.960888,44.277256],[85.962271,44.264743],[85.962762,44.258983],[85.965474,44.258510],[85.965718,44.256035],[85.966107,44.252094],[85.966333,44.249807],[85.966426,44.249581],[85.967444,44.249332],[85.968486,44.248803],[85.970192,44.247447],[85.970843,44.246753],[85.971104,44.246047],[85.971156,44.245337],[85.971010,44.244606],[85.970666,44.243882],[85.969695,44.243548],[85.969399,44.243493],[85.969350,44.243483],[85.969341,44.243481],[85.966740,44.242992],[85.966370,44.243031],[85.966725,44.240965],[85.967410,44.240342],[85.967547,44.239817],[85.967440,44.238708],[85.968231,44.237496],[85.970034,44.235303],[85.969418,44.233682],[85.969485,44.232555],[85.970168,44.232135],[85.970747,44.231012],[85.972565,44.226674],[85.976131,44.216956],[85.976433,44.215936],[85.976695,44.214347],[85.976793,44.211509],[85.977047,44.210453],[85.978026,44.208730],[85.978466,44.207616],[85.978998,44.206879],[85.979515,44.205252],[85.979555,44.204642],[85.979210,44.203657],[85.979637,44.202837],[85.979327,44.201363],[85.978412,44.199617],[85.978434,44.198392],[85.978359,44.198110],[85.977199,44.196786],[85.977022,44.196417],[85.976956,44.195597],[85.977393,44.194783],[85.977547,44.194208],[85.977479,44.193530],[85.977024,44.193126],[85.975606,44.192347],[85.975072,44.191917],[85.974531,44.191309],[85.973856,44.190104],[85.973536,44.188800],[85.973489,44.187799],[85.973890,44.185043],[85.973960,44.183281],[85.974206,44.182871],[85.974933,44.182484],[85.975715,44.182408],[85.978984,44.182435],[85.979607,44.182321],[85.980178,44.182093],[85.980972,44.181572],[85.982042,44.180644],[85.982621,44.179935],[85.982969,44.179316],[85.983454,44.178004],[85.983792,44.175151],[85.984019,44.174391],[85.984600,44.173230],[85.985728,44.172075],[85.986214,44.171287],[85.986535,44.170282],[85.986553,44.169795],[85.986305,44.168619],[85.985581,44.167702],[85.985357,44.166921],[85.985615,44.164532],[85.986089,44.163236],[85.986049,44.162540],[85.985459,44.160070],[85.985493,44.159569],[85.985706,44.159236],[85.986762,44.158490],[85.986780,44.158364],[85.986468,44.158103],[85.985689,44.157830],[85.985709,44.157603],[85.985890,44.157330],[85.986430,44.157044],[85.987124,44.157107],[85.990362,44.156802],[85.991218,44.156421],[85.991900,44.156417],[85.992420,44.156483],[85.993416,44.156942],[85.995043,44.157230],[85.996864,44.157448],[85.998526,44.157424],[85.999532,44.156687],[86.000366,44.156508],[86.001463,44.156383],[86.002410,44.156126],[86.003826,44.156295],[86.005539,44.155087],[86.006827,44.155008],[86.008778,44.155358],[86.009906,44.155175],[86.012421,44.155066],[86.016577,44.154246],[86.018083,44.154160],[86.019259,44.154345],[86.019732,44.154693],[86.019841,44.155315],[86.019985,44.155628],[86.020266,44.155802],[86.021439,44.156190],[86.025078,44.156478],[86.026935,44.156135],[86.027913,44.156596],[86.028676,44.156763],[86.029141,44.156741],[86.030604,44.156433],[86.032281,44.156853],[86.032816,44.156836],[86.033893,44.156462],[86.035027,44.156193],[86.036455,44.156498],[86.037879,44.156171],[86.038591,44.156404],[86.039568,44.156524],[86.040442,44.156424],[86.041423,44.156660],[86.042016,44.156901],[86.042881,44.156893],[86.046134,44.156068],[86.050187,44.156303],[86.051296,44.156914],[86.052045,44.157197],[86.053257,44.157438],[86.054048,44.157445],[86.056399,44.156957],[86.058833,44.156648],[86.059751,44.156991],[86.060978,44.157649],[86.062350,44.158526],[86.063802,44.158420],[86.063900,44.158843],[86.064271,44.159372],[86.064853,44.159743],[86.065916,44.160232],[86.066673,44.160333],[86.067889,44.160298],[86.069542,44.160033],[86.070656,44.159631],[86.071360,44.158886],[86.074049,44.157353],[86.077231,44.156810],[86.078303,44.156717],[86.079622,44.156729],[86.081042,44.155840],[86.083606,44.155751],[86.085130,44.155933],[86.087734,44.155998],[86.088342,44.155801],[86.088883,44.155320],[86.089607,44.154503],[86.089939,44.153968],[86.089778,44.152714],[86.089596,44.152349],[86.088893,44.151423],[86.076788,44.143395],[86.074026,44.141361],[86.072938,44.140009],[86.072568,44.139386],[86.072581,44.138589],[86.072701,44.138100],[86.073245,44.137872],[86.073975,44.137906],[86.074827,44.138534],[86.078424,44.140603],[86.080140,44.141070],[86.081129,44.141144],[86.082057,44.140973],[86.082523,44.140748],[86.082838,44.140474],[86.082950,44.139996],[86.082221,44.138207],[86.077622,44.131812],[86.077460,44.131313],[86.077815,44.130294],[86.078490,44.129708],[86.079567,44.129430],[86.085156,44.128298],[86.094795,44.126348],[86.096184,44.125958],[86.095970,44.125664],[86.095436,44.124922],[86.094696,44.124179],[86.093956,44.123435],[86.093216,44.122681],[86.092483,44.121938],[86.091545,44.121184],[86.090605,44.120430],[86.089660,44.119819],[86.088720,44.119065],[86.087980,44.118321],[86.087049,44.117566],[86.086102,44.116956],[86.085362,44.116203],[86.084423,44.115448],[86.083690,44.114704],[86.083148,44.113962],[86.082407,44.113218],[86.081866,44.112475],[86.081331,44.111742],[86.081186,44.111021],[86.081041,44.110291],[86.080696,44.109560],[86.080353,44.108837],[86.080017,44.108106],[86.079277,44.107352],[86.078735,44.106619],[86.077994,44.105866],[86.077046,44.105254],[86.076115,44.104499],[86.075168,44.103888],[86.074228,44.103133],[86.073288,44.102378],[86.072341,44.101766],[86.071408,44.101011],[86.070453,44.100399],[86.069514,44.099788],[86.068558,44.099176],[86.067595,44.098852],[86.066640,44.098231],[86.066113,44.097893],[86.065693,44.097619],[86.064760,44.096863],[86.063797,44.096395],[86.062864,44.095640],[86.062123,44.094895],[86.061580,44.094152],[86.061045,44.093418],[86.060899,44.092688],[86.060792,44.092157],[86.060181,44.091461],[86.056584,44.087365],[86.053887,44.082511],[86.047794,44.074621],[86.042607,44.068116],[86.038036,44.062075],[86.035354,44.056768],[86.031347,44.052794],[86.026348,44.049948],[86.022027,44.046197],[86.015545,44.040119],[86.009664,44.035191],[86.003809,44.029353],[85.996969,44.024634],[85.991670,44.021318],[85.986366,44.018001],[85.981078,44.014685],[85.974545,44.010204],[85.971321,44.007185],[85.970547,44.006459],[85.967559,44.003613],[85.967407,44.003070],[85.967407,44.002320],[85.967674,44.001788],[85.968427,44.001161],[85.968840,44.000290],[85.968792,43.999612],[85.968500,43.999055],[85.967795,43.998641],[85.965487,43.998248],[85.964612,43.997738],[85.964175,43.996793],[85.963932,43.995921],[85.963568,43.995242],[85.962644,43.994489],[85.962365,43.993847],[85.962536,43.992782],[85.963021,43.991767],[85.963215,43.990896],[85.962875,43.990362],[85.962195,43.990095],[85.960738,43.989801],[85.958746,43.989602],[85.957532,43.988873],[85.956634,43.987443],[85.956634,43.986378],[85.957057,43.985423],[85.958030,43.984215],[85.958054,43.983489],[85.957738,43.982398],[85.957738,43.981043],[85.957641,43.980050],[85.955698,43.978351],[85.955383,43.977334],[85.955504,43.976366],[85.956672,43.974778],[85.957061,43.973888],[85.956886,43.972900],[85.956536,43.972086],[85.955526,43.971483],[85.954632,43.970784],[85.954399,43.969893],[85.954574,43.969157],[85.955322,43.968104],[85.955574,43.967504],[85.955419,43.967077],[85.954583,43.966572],[85.952835,43.965736],[85.951494,43.965229],[85.949766,43.964877],[85.949028,43.964624],[85.948950,43.964198],[85.949513,43.963405],[85.950484,43.962361],[85.951426,43.959739],[85.953641,43.958524],[85.955195,43.958081],[85.956011,43.957986],[85.957643,43.958552],[85.958323,43.958553],[85.959159,43.958226],[85.960072,43.957318],[85.960363,43.956389],[85.960470,43.953262],[85.961422,43.952082],[85.961850,43.951328],[85.961889,43.950554],[85.961539,43.949894],[85.959868,43.948690],[85.958915,43.947835],[85.958876,43.946712],[85.959284,43.945512],[85.959673,43.944777],[85.959751,43.943616],[85.960101,43.942958],[85.961144,43.942656],[85.962030,43.942581],[85.962668,43.942412],[85.963352,43.942011],[85.963803,43.941377],[85.964067,43.940448],[85.964253,43.939302],[85.964502,43.938822],[85.965046,43.938436],[85.966835,43.937790],[85.968949,43.937207],[85.969581,43.936935],[85.970288,43.936355],[85.970965,43.935422],[85.971120,43.934956],[85.971081,43.934272],[85.970804,43.933828],[85.970449,43.933258],[85.969707,43.932817],[85.968360,43.932658],[85.966174,43.931949],[85.965029,43.931720],[85.964080,43.931673],[85.962830,43.931767],[85.959417,43.932663],[85.957617,43.932786],[85.956272,43.932555],[85.955577,43.932368],[85.954877,43.932360],[85.954153,43.932642],[85.953216,43.933168],[85.952112,43.933480],[85.951512,43.933509],[85.949970,43.933168],[85.948950,43.933167],[85.946599,43.933164],[85.944226,43.933356],[85.940950,43.933813],[85.940225,43.933852],[85.938432,43.933617],[85.937834,43.933647],[85.935129,43.934194],[85.933851,43.934256],[85.931243,43.933972],[85.929349,43.933917],[85.925085,43.933989],[85.923856,43.934048],[85.921413,43.934374],[85.919719,43.934357],[85.919215,43.934262],[85.918689,43.934022],[85.918482,43.933841],[85.918491,43.933374],[85.919053,43.933151],[85.921080,43.932925],[85.922469,43.932397],[85.922983,43.932004],[85.923203,43.931584],[85.923305,43.931001],[85.923078,43.930550],[85.922734,43.930215],[85.922293,43.929961],[85.921718,43.929869],[85.920945,43.929909],[85.920244,43.930082],[85.918007,43.931449],[85.917432,43.931522],[85.916804,43.931327],[85.916563,43.931087],[85.916006,43.930219],[85.915675,43.929208],[85.915538,43.929033],[85.915232,43.928916],[85.914634,43.928910],[85.914133,43.929049],[85.912168,43.930068],[85.911474,43.930138],[85.910819,43.930044],[85.909939,43.929619],[85.909217,43.929014],[85.907902,43.927142],[85.907277,43.926598],[85.906565,43.926168],[85.905594,43.925753],[85.905150,43.925657],[85.904164,43.925655],[85.903132,43.926027],[85.903027,43.926350],[85.903117,43.926891],[85.903496,43.927938],[85.903441,43.928225],[85.903007,43.928437],[85.902591,43.928433],[85.901851,43.928066],[85.900436,43.926469],[85.899356,43.925668],[85.897428,43.924930],[85.896438,43.924669],[85.895749,43.924231],[85.895478,43.923864],[85.895292,43.923408],[85.895230,43.922679],[85.894937,43.921959],[85.894125,43.921188],[85.892722,43.921109],[85.891024,43.921341],[85.889333,43.921437],[85.888588,43.921223],[85.887581,43.920631],[85.886894,43.920493],[85.883888,43.920578],[85.883463,43.920153],[85.882816,43.918860],[85.882282,43.918172],[85.881399,43.917516],[85.880598,43.917046],[85.879921,43.916860],[85.878663,43.916709],[85.877923,43.916444],[85.877529,43.916105],[85.877406,43.915718],[85.877412,43.914452],[85.877250,43.913414],[85.875404,43.911133],[85.875180,43.909871],[85.875229,43.909493],[85.874948,43.909249],[85.874418,43.909049],[85.870624,43.909004],[85.868284,43.909307],[85.867788,43.909268],[85.867396,43.908977],[85.867069,43.907859],[85.866484,43.906516],[85.865978,43.905862],[85.865327,43.905396],[85.864589,43.905030],[85.863502,43.904698],[85.862862,43.904405],[85.862421,43.904077],[85.861429,43.902714],[85.860937,43.902559],[85.859520,43.902578],[85.858727,43.902463],[85.858334,43.902244],[85.857966,43.901873],[85.857704,43.901447],[85.857446,43.900765],[85.856951,43.899932],[85.855859,43.898542],[85.854789,43.898041],[85.853259,43.897560],[85.852574,43.897051],[85.852187,43.896472],[85.851944,43.895772],[85.851615,43.895244],[85.851104,43.894777],[85.850195,43.894671],[85.849739,43.894725],[85.848931,43.894946],[85.848086,43.895502],[85.847536,43.895678],[85.846937,43.895770],[85.846242,43.895719],[85.844912,43.895332],[85.844608,43.895120],[85.844271,43.894537],[85.844154,43.893763],[85.843905,43.893464],[85.843476,43.893282],[85.841632,43.893148],[85.840099,43.892701],[85.839561,43.892337],[85.839251,43.892014],[85.838659,43.891023],[85.838047,43.890318],[85.837398,43.889903],[85.836538,43.889506],[85.836098,43.889178],[85.835662,43.888635],[85.835473,43.888130],[85.835499,43.886799],[85.835956,43.886227],[85.838058,43.885366],[85.838212,43.885032],[85.838123,43.884482],[85.837823,43.883953],[85.837367,43.883563],[85.836510,43.883209],[85.835282,43.882330],[85.834868,43.882158],[85.834498,43.882077],[85.832953,43.882103],[85.831743,43.881958],[85.831228,43.881798],[85.830761,43.881508],[85.830301,43.880999],[85.829514,43.878988],[85.829221,43.878582],[85.827995,43.877647],[85.827816,43.877332],[85.827865,43.875227],[85.827502,43.874405],[85.826988,43.873813],[85.825596,43.872720],[85.825164,43.872141],[85.825300,43.870494],[85.825108,43.869874],[85.825194,43.868840],[85.825230,43.867693],[85.825142,43.867485],[85.824834,43.867034],[85.823497,43.865975],[85.822441,43.865367],[85.821335,43.864913],[85.815721,43.862814],[85.814402,43.861796],[85.813227,43.859995],[85.811875,43.859276],[85.811709,43.858608],[85.811035,43.857718],[85.809787,43.856919],[85.809255,43.856404],[85.809138,43.855821],[85.809122,43.854737],[85.808939,43.853937],[85.809156,43.853520],[85.809604,43.853102],[85.809854,43.852568],[85.809754,43.852085],[85.809271,43.851469],[85.808656,43.850987],[85.807957,43.850638],[85.807458,43.850589],[85.802641,43.851088],[85.801744,43.850990],[85.801243,43.850607],[85.800927,43.849991],[85.800812,43.849207],[85.800412,43.848958],[85.799913,43.848958],[85.799381,43.849226],[85.798299,43.850128],[85.797649,43.850279],[85.796984,43.850197],[85.795653,43.849365],[85.794986,43.849216],[85.794787,43.848949],[85.794837,43.847465],[85.794970,43.847082],[85.796035,43.846297],[85.796219,43.846013],[85.796152,43.845663],[85.795686,43.845330],[85.793997,43.844474],[85.793364,43.843841],[85.792648,43.843475],[85.791866,43.843243],[85.791184,43.843177],[85.790151,43.842778],[85.788936,43.841963],[85.788004,43.841214],[85.786905,43.840282],[85.786297,43.839590],[85.786048,43.838374],[85.785998,43.837557],[85.786147,43.836706],[85.786414,43.836056],[85.786580,43.835122],[85.786613,43.833521],[85.786006,43.832963],[85.785689,43.832347],[85.785689,43.830963],[85.785556,43.829663],[85.785306,43.828863],[85.785181,43.825820],[85.784815,43.825287],[85.784282,43.824804],[85.784116,43.824388],[85.784199,43.824004],[85.784698,43.823603],[85.785864,43.822185],[85.786047,43.821634],[85.785997,43.821151],[85.785664,43.820885],[85.784232,43.820469],[85.783741,43.820078],[85.783341,43.819663],[85.783141,43.818978],[85.782875,43.818462],[85.782559,43.818212],[85.781843,43.817963],[85.780460,43.817764],[85.778812,43.817382],[85.777829,43.816850],[85.777230,43.816267],[85.777029,43.815783],[85.777179,43.815299],[85.777747,43.814683],[85.777995,43.814166],[85.777920,43.813557],[85.777372,43.813107],[85.777038,43.812690],[85.776871,43.812174],[85.776938,43.811708],[85.777288,43.811106],[85.777371,43.810624],[85.776822,43.808739],[85.776962,43.805947],[85.776797,43.805413],[85.775448,43.804381],[85.774747,43.804182],[85.774082,43.804182],[85.773699,43.804282],[85.772349,43.804851],[85.771749,43.804934],[85.771266,43.804801],[85.770566,43.804185],[85.770067,43.803435],[85.769733,43.802751],[85.769633,43.802251],[85.769983,43.801367],[85.769958,43.800192],[85.769658,43.797958],[85.768958,43.794774],[85.768300,43.793699],[85.767850,43.791232],[85.768017,43.790598],[85.768567,43.789697],[85.769250,43.788163],[85.769899,43.787779],[85.770708,43.786903],[85.771424,43.785586],[85.771890,43.785452],[85.773306,43.784801],[85.774273,43.784116],[85.775689,43.782648],[85.775872,43.782164],[85.776005,43.781314],[85.776388,43.780730],[85.776346,43.779988],[85.776613,43.779387],[85.777029,43.778820],[85.777745,43.776986],[85.777595,43.776652],[85.776946,43.775953],[85.776846,43.775602],[85.777237,43.772826],[85.777437,43.772126],[85.778103,43.771358],[85.778470,43.770674],[85.778370,43.770107],[85.777720,43.768841],[85.777504,43.767607],[85.777895,43.766731],[85.778012,43.765998],[85.779027,43.764363],[85.779144,43.763696],[85.778961,43.763146],[85.778111,43.761863],[85.777712,43.760929],[85.777328,43.760346],[85.776920,43.760238],[85.776321,43.760238],[85.774455,43.760657],[85.774039,43.760607],[85.773506,43.760107],[85.772873,43.759141],[85.772273,43.758524],[85.771490,43.758075],[85.770540,43.757692],[85.769857,43.757242],[85.768657,43.756209],[85.765716,43.755585],[85.764717,43.755252],[85.764383,43.754836],[85.764000,43.754069],[85.763950,43.753202],[85.764082,43.752051],[85.764049,43.751251],[85.763583,43.750601],[85.762917,43.750034],[85.760391,43.748376],[85.759591,43.747676],[85.759058,43.746942],[85.758874,43.746226],[85.759000,43.745266],[85.759383,43.744532],[85.759868,43.744032],[85.761701,43.743097],[85.761851,43.742781],[85.761735,43.742531],[85.759767,43.741998],[85.757900,43.741714],[85.756883,43.741765],[85.754476,43.742256],[85.753871,43.742190],[85.753288,43.741981],[85.753017,43.741606],[85.752912,43.741043],[85.753037,43.740272],[85.753433,43.739564],[85.754361,43.738636],[85.755153,43.737677],[85.755341,43.737156],[85.755361,43.736739],[85.754820,43.736010],[85.754382,43.735614],[85.753214,43.735093],[85.752047,43.734780],[85.751609,43.734405],[85.751630,43.733905],[85.752318,43.733009],[85.753902,43.731987],[85.754444,43.731404],[85.754486,43.730924],[85.754277,43.730362],[85.753631,43.729778],[85.752861,43.729236],[85.752235,43.729132],[85.751421,43.729236],[85.750254,43.729840],[85.749118,43.730601],[85.747679,43.731393],[85.746907,43.731476],[85.744301,43.731183],[85.740630,43.731724],[85.739128,43.731827],[85.738335,43.731535],[85.737918,43.731014],[85.738001,43.730451],[85.738700,43.729649],[85.740014,43.728462],[85.740369,43.727774],[85.739931,43.727169],[85.738241,43.725793],[85.738220,43.725001],[85.738095,43.724292],[85.737427,43.723416],[85.736906,43.722499],[85.736874,43.721092],[85.736561,43.720300],[85.736144,43.719779],[85.734496,43.718860],[85.733932,43.718318],[85.733181,43.716400],[85.733057,43.715608],[85.733349,43.715170],[85.733808,43.714879],[85.735143,43.714359],[85.736478,43.713422],[85.737324,43.712370],[85.737908,43.711120],[85.737866,43.710119],[85.737532,43.708472],[85.736479,43.704584],[85.736103,43.703835],[85.736103,43.702626],[85.735790,43.702084],[85.735039,43.701332],[85.733912,43.699373],[85.733432,43.697684],[85.733401,43.695944],[85.733693,43.694548],[85.733630,43.693609],[85.733359,43.693088],[85.732900,43.692713],[85.729498,43.690521],[85.727891,43.688832],[85.727171,43.687799],[85.726503,43.685777],[85.726169,43.684234],[85.725939,43.683734],[85.725125,43.683066],[85.723559,43.682022],[85.722370,43.681395],[85.721179,43.679852],[85.719749,43.678818],[85.719728,43.677234],[85.719978,43.676067],[85.720438,43.674880],[85.721921,43.673777],[85.722673,43.673006],[85.722777,43.672506],[85.721941,43.670921],[85.721796,43.669691],[85.721377,43.668503],[85.720355,43.667105],[85.719436,43.666145],[85.718768,43.665185],[85.718705,43.664664],[85.719269,43.663018],[85.719520,43.661434],[85.720626,43.659747],[85.720730,43.658809],[85.720501,43.656141],[85.720710,43.655349],[85.721179,43.654589],[85.721973,43.653882],[85.722056,43.653319],[85.721826,43.651380],[85.721659,43.650879],[85.720929,43.650378],[85.720532,43.649752],[85.720532,43.649128],[85.720908,43.648232],[85.721033,43.647627],[85.720814,43.647033],[85.720271,43.646533],[85.718642,43.645489],[85.717911,43.644571],[85.717514,43.643715],[85.717702,43.642506],[85.717577,43.641673],[85.717723,43.640838],[85.718099,43.640173],[85.719289,43.639194],[85.719634,43.638538],[85.719571,43.637788],[85.718987,43.637120],[85.718047,43.636348],[85.716293,43.634574],[85.715040,43.634092],[85.714268,43.633612],[85.713850,43.632799],[85.713391,43.632381],[85.712555,43.631984],[85.709776,43.631646],[85.708566,43.631353],[85.707594,43.630820],[85.707114,43.630194],[85.706925,43.629526],[85.706967,43.628797],[85.706779,43.626441],[85.706550,43.626066],[85.706424,43.624127],[85.706027,43.623522],[85.702799,43.621630],[85.701943,43.621337],[85.700543,43.621335],[85.699498,43.621062],[85.698600,43.620435],[85.697994,43.619683],[85.697325,43.619370],[85.693814,43.619364],[85.691526,43.620079],[85.690355,43.620285],[85.689101,43.620429],[85.688015,43.620447],[85.686280,43.620715],[85.683939,43.620231],[85.683040,43.620376],[85.682403,43.620739],[85.681901,43.621218],[85.681420,43.622009],[85.681023,43.622467],[85.679560,43.623110],[85.678891,43.623567],[85.677679,43.624149],[85.676571,43.624834],[85.675777,43.625021],[85.675108,43.624998],[85.673875,43.624746],[85.672328,43.624138],[85.671105,43.623834],[85.664939,43.622926],[85.664793,43.622675],[85.664875,43.622300],[85.665273,43.621697],[85.665357,43.621113],[85.665127,43.620654],[85.663936,43.619297],[85.662828,43.618711],[85.659954,43.617549],[85.659097,43.616943],[85.658073,43.616066],[85.657948,43.615190],[85.657550,43.614230],[85.656694,43.613291],[85.655293,43.612058],[85.654207,43.611619],[85.653621,43.611493],[85.651009,43.612113],[85.650048,43.611966],[85.649358,43.611610],[85.648794,43.610796],[85.648387,43.609326],[85.648533,43.608638],[85.648993,43.607993],[85.648700,43.606200],[85.647906,43.604427],[85.647216,43.603821],[85.641596,43.602374],[85.640259,43.601851],[85.639455,43.600922],[85.638828,43.599879],[85.637136,43.597875],[85.636008,43.597186],[85.634839,43.596601],[85.633836,43.595891],[85.631873,43.593532],[85.631403,43.592292],[85.630421,43.591331],[85.627791,43.589848],[85.623950,43.588448],[85.622509,43.587467],[85.621632,43.586736],[85.621131,43.585903],[85.621058,43.585142],[85.622332,43.580953],[85.622353,43.580119],[85.622102,43.579390],[85.621434,43.578889],[85.620933,43.578346],[85.620474,43.577177],[85.620244,43.576949],[85.619034,43.576719],[85.617928,43.576697],[85.616738,43.576800],[85.614850,43.577372],[85.613368,43.577662],[85.612846,43.577620],[85.612200,43.577391],[85.611553,43.576870],[85.611198,43.575994],[85.610468,43.573117],[85.610322,43.571762],[85.609842,43.571199],[85.608862,43.570844],[85.607735,43.570677],[85.606484,43.570614],[85.605775,43.570385],[85.603971,43.570124],[85.602344,43.570061],[85.600822,43.570249],[85.598946,43.571187],[85.598258,43.571374],[85.594839,43.571104],[85.593797,43.570896],[85.593047,43.570250],[85.592630,43.569541],[85.592567,43.567185],[85.592244,43.565924],[85.591744,43.565341],[85.590494,43.564299],[85.588035,43.561986],[85.586889,43.560673],[85.585358,43.558267],[85.584837,43.557225],[85.584171,43.556641],[85.582338,43.555892],[85.581838,43.555413],[85.581609,43.554830],[85.581692,43.554246],[85.581900,43.553724],[85.582379,43.553224],[85.582733,43.552431],[85.582839,43.551326],[85.583150,43.550680],[85.583587,43.549804],[85.584441,43.548699],[85.584421,43.548115],[85.584025,43.547531],[85.583337,43.546802],[85.583193,43.546177],[85.583193,43.545364],[85.583025,43.545030],[85.581919,43.544225],[85.581237,43.543141],[85.580686,43.542625],[85.579704,43.540524],[85.579604,43.539975],[85.579854,43.539590],[85.580237,43.539256],[85.580737,43.538472],[85.581803,43.537787],[85.582910,43.537411],[85.584278,43.537110],[85.587611,43.536475],[85.588861,43.536390],[85.589877,43.536207],[85.590261,43.535956],[85.590378,43.535655],[85.590278,43.535305],[85.589577,43.534505],[85.589361,43.534106],[85.589477,43.533822],[85.589911,43.533504],[85.590711,43.533187],[85.592061,43.532219],[85.593295,43.531885],[85.595229,43.531801],[85.596396,43.531651],[85.596842,43.531517],[85.597201,43.531185],[85.597487,43.530785],[85.595048,43.529555],[85.594025,43.529238],[85.592875,43.529008],[85.592273,43.529003],[85.590830,43.529167],[85.588552,43.529591],[85.587148,43.529938],[85.584196,43.531051],[85.583274,43.531213],[85.581615,43.531274],[85.579946,43.531219],[85.578735,43.530962],[85.577363,43.530426],[85.576575,43.530384],[85.575274,43.530502],[85.573415,43.530528],[85.571924,43.530425],[85.567771,43.530544],[85.565411,43.530492],[85.562378,43.530614],[85.559803,43.530910],[85.557749,43.530904],[85.555978,43.531198],[85.554324,43.531641],[85.552998,43.532252],[85.548934,43.533161],[85.547117,43.533789],[85.544427,43.534022],[85.542421,43.534325],[85.541235,43.534357],[85.539876,43.534071],[85.536677,43.533664],[85.534127,43.533181],[85.533125,43.532901],[85.532138,43.532863],[85.531018,43.533086],[85.529817,43.533509],[85.528490,43.534260],[85.524051,43.535684],[85.521262,43.535847],[85.519683,43.536188],[85.518686,43.536056],[85.518076,43.535694],[85.515823,43.534807],[85.514452,43.534166],[85.513157,43.533130],[85.511467,43.532168],[85.509832,43.530827],[85.509127,43.529890],[85.508995,43.529123],[85.506898,43.526141],[85.506381,43.524797],[85.506118,43.523733],[85.505765,43.523260],[85.505322,43.523022],[85.504086,43.522636],[85.502429,43.522758],[85.499033,43.524038],[85.496882,43.524748],[85.494982,43.525174],[85.494762,43.525101],[85.493663,43.523712],[85.492447,43.522560],[85.490260,43.520917],[85.489751,43.520324],[85.489424,43.519653],[85.489412,43.519157],[85.489899,43.518430],[85.489877,43.518172],[85.488932,43.516613],[85.488624,43.515106],[85.487653,43.512530],[85.487663,43.512116],[85.487795,43.511757],[85.487998,43.511534],[85.488799,43.511056],[85.489177,43.510699],[85.489613,43.510056],[85.489811,43.509058],[85.489746,43.508625],[85.489562,43.508119],[85.488561,43.506731],[85.488378,43.506171],[85.488330,43.504144],[85.486731,43.502975],[85.485785,43.502425],[85.484695,43.502059],[85.483309,43.500696],[85.483239,43.500262],[85.483775,43.499342],[85.483809,43.499007],[85.483764,43.498692],[85.483462,43.498324],[85.482637,43.497941],[85.481644,43.497773],[85.478201,43.497298],[85.475491,43.497154],[85.474270,43.497330],[85.472271,43.498279],[85.471199,43.498337],[85.469271,43.497451],[85.466583,43.496505],[85.464164,43.496162],[85.462741,43.496128],[85.460891,43.496293],[85.459391,43.496622],[85.459018,43.496441],[85.458308,43.495595],[85.457921,43.494642],[85.457838,43.493629],[85.457663,43.492844],[85.457241,43.491983],[85.456758,43.491565],[85.455556,43.491119],[85.454553,43.490891],[85.450610,43.490771],[85.449694,43.490169],[85.448047,43.488611],[85.447232,43.487112],[85.446584,43.484706],[85.446341,43.484097],[85.446032,43.483691],[85.444592,43.482890],[85.443196,43.481825],[85.442385,43.481324],[85.439401,43.480321],[85.437025,43.479756],[85.434808,43.479048],[85.434037,43.478898],[85.430711,43.478691],[85.428506,43.478773],[85.425022,43.479599],[85.422238,43.480377],[85.420944,43.480456],[85.419833,43.480345],[85.418955,43.480118],[85.417778,43.480170],[85.415212,43.480926],[85.414776,43.480985],[85.413772,43.480531],[85.412266,43.480241],[85.409063,43.480314],[85.407546,43.480633],[85.405798,43.480767],[85.403336,43.480220],[85.401916,43.480181],[85.399287,43.480321],[85.396608,43.480785],[85.394294,43.481070],[85.390713,43.481226],[85.389869,43.481391],[85.389312,43.481713],[85.388467,43.481907],[85.387190,43.481821],[85.386126,43.481572],[85.385314,43.481058],[85.383614,43.481038],[85.381382,43.481280],[85.377070,43.482022],[85.373685,43.482360],[85.370924,43.483165],[85.369635,43.484020],[85.367918,43.484763],[85.365603,43.484862],[85.363415,43.485160],[85.360650,43.485107],[85.359444,43.484777],[85.359255,43.484504],[85.359197,43.483302],[85.358023,43.482091],[85.357684,43.481902],[85.357342,43.481835],[85.356177,43.482061],[85.355059,43.482501],[85.353996,43.482686],[85.349348,43.483030],[85.348033,43.483230],[85.345097,43.484202],[85.339893,43.484460],[85.339392,43.484566],[85.338953,43.484803],[85.337781,43.485043],[85.335506,43.485119],[85.334361,43.485307],[85.332659,43.485787],[85.330513,43.486539],[85.328765,43.486608],[85.328297,43.486711],[85.326799,43.487409],[85.325130,43.488357],[85.324592,43.488798],[85.323716,43.490002],[85.323337,43.491070],[85.323216,43.492921],[85.323537,43.493644],[85.324067,43.494125],[85.324380,43.494564],[85.324599,43.495818],[85.324534,43.496444],[85.324603,43.497074],[85.325147,43.498518],[85.325189,43.498978],[85.325072,43.500115],[85.324392,43.501457],[85.324460,43.502039],[85.324342,43.502672],[85.323988,43.503353],[85.323436,43.503801],[85.323199,43.504205],[85.323094,43.504703],[85.323156,43.505229],[85.324182,43.507009],[85.324768,43.508680],[85.325177,43.510629],[85.325917,43.512287],[85.326164,43.513275],[85.326106,43.515106],[85.326185,43.515538],[85.326857,43.516757],[85.327432,43.517549],[85.327357,43.518228],[85.327055,43.518985],[85.326722,43.519364],[85.325961,43.519951],[85.324932,43.520556],[85.323454,43.521171],[85.323096,43.521402],[85.322310,43.522879],[85.321703,43.524386],[85.321339,43.524723],[85.320644,43.525343],[85.319060,43.526443],[85.317145,43.527464],[85.316382,43.528525],[85.315222,43.529173],[85.314477,43.529173],[85.313995,43.529079],[85.311142,43.528114],[85.306077,43.526871],[85.304915,43.526759],[85.303837,43.526868],[85.303076,43.526801],[85.300536,43.524979],[85.299222,43.523764],[85.296999,43.522310],[85.296657,43.521862],[85.296697,43.520454],[85.296444,43.519471],[85.296401,43.518502],[85.297068,43.516502],[85.297854,43.515032],[85.297962,43.513818],[85.297895,43.512936],[85.297616,43.512080],[85.297617,43.511608],[85.297354,43.510358],[85.297278,43.509439],[85.297285,43.509182],[85.297652,43.508630],[85.297757,43.508280],[85.297682,43.507922],[85.296873,43.507324],[85.296420,43.507146],[85.295656,43.506442],[85.293994,43.505431],[85.293200,43.505048],[85.291978,43.504639],[85.290668,43.503566],[85.287454,43.502453],[85.286812,43.502404],[85.286407,43.502514],[85.284644,43.503255],[85.283172,43.504089],[85.281108,43.505955],[85.280858,43.506282],[85.280447,43.506567],[85.277006,43.507171],[85.274526,43.507905],[85.273779,43.508043],[85.270421,43.509213],[85.269343,43.510096],[85.268353,43.511514],[85.267953,43.511793],[85.267516,43.511906],[85.266179,43.511960],[85.262251,43.511413],[85.260446,43.511601],[85.259552,43.511838],[85.258707,43.512229],[85.257958,43.512741],[85.257015,43.512639],[85.256393,43.512737],[85.255445,43.513032],[85.253864,43.513768],[85.253235,43.514212],[85.252716,43.514964],[85.252646,43.515248],[85.252656,43.517062],[85.252311,43.517582],[85.251907,43.518452],[85.251494,43.519890],[85.251457,43.520576],[85.251281,43.520851],[85.250718,43.521044],[85.248828,43.521219],[85.245941,43.521746],[85.244958,43.521634],[85.243531,43.521273],[85.242780,43.521182],[85.241829,43.520893],[85.241402,43.520653],[85.240961,43.520220],[85.240180,43.519171],[85.238365,43.517241],[85.237245,43.515560],[85.236733,43.515130],[85.235841,43.514961],[85.235109,43.514992],[85.234449,43.515181],[85.232849,43.515942],[85.229555,43.517102],[85.228818,43.517126],[85.228368,43.517049],[85.226868,43.516528],[85.225269,43.515788],[85.223387,43.515478],[85.221528,43.514804],[85.218231,43.513806],[85.217080,43.513251],[85.215178,43.511424],[85.214532,43.510245],[85.214270,43.509512],[85.213955,43.509343],[85.213120,43.509523],[85.212010,43.510071],[85.209966,43.510775],[85.209513,43.510804],[85.207429,43.510368],[85.205640,43.510626],[85.204228,43.510626],[85.203296,43.510470],[85.202442,43.510626],[85.202197,43.510745],[85.201813,43.511266],[85.201468,43.511459],[85.201023,43.511577],[85.200036,43.511612],[85.198834,43.512066],[85.196799,43.511962],[85.195573,43.512044],[85.193096,43.512632],[85.191007,43.512524],[85.189709,43.512779],[85.189400,43.512898],[85.189097,43.513500],[85.188948,43.514976],[85.188144,43.516274],[85.187968,43.516469],[85.187694,43.516565],[85.186002,43.516343],[85.185632,43.516214],[85.185211,43.515514],[85.184594,43.515146],[85.182556,43.515167],[85.181406,43.514977],[85.179600,43.515175],[85.178721,43.515063],[85.177410,43.514599],[85.175419,43.513617],[85.174239,43.513303],[85.171297,43.512099],[85.170982,43.511835],[85.170735,43.511447],[85.170504,43.510824],[85.170338,43.510894],[85.169631,43.511825],[85.168393,43.512971],[85.167596,43.513418],[85.165608,43.514009],[85.165300,43.514181],[85.164914,43.514674],[85.164881,43.515173],[85.166118,43.517381],[85.167940,43.519416],[85.167956,43.519807],[85.167659,43.520331],[85.167470,43.520972],[85.166755,43.522150],[85.166746,43.522447],[85.166971,43.522871],[85.167023,43.523392],[85.166914,43.523639],[85.162478,43.525965],[85.161783,43.526475],[85.161007,43.527430],[85.160868,43.528086],[85.160952,43.528680],[85.160904,43.529150],[85.160830,43.529348],[85.160444,43.529738],[85.160370,43.530493],[85.160936,43.532011],[85.159486,43.532940],[85.158309,43.533589],[85.157514,43.533919],[85.157237,43.534089],[85.157164,43.534261],[85.156803,43.535659],[85.156308,43.536860],[85.156222,43.537294],[85.156353,43.538535],[85.156250,43.544819],[85.156879,43.545896],[85.157035,43.546296],[85.157061,43.546654],[85.156950,43.546866],[85.156324,43.547328],[85.155000,43.547770],[85.154039,43.547978],[85.152063,43.548280],[85.149814,43.548459],[85.149103,43.548374],[85.146944,43.547822],[85.145995,43.547709],[85.142381,43.547684],[85.138255,43.547948],[85.136981,43.547798],[85.133477,43.547819],[85.127976,43.548069],[85.120679,43.549053],[85.119471,43.549303],[85.117447,43.550121],[85.116521,43.550354],[85.115483,43.550858],[85.114333,43.551731],[85.112827,43.552512],[85.111688,43.552989],[85.111104,43.553153],[85.108814,43.553413],[85.107986,43.553746],[85.106970,43.554671],[85.105926,43.555372],[85.105470,43.555572],[85.104460,43.555397],[85.101858,43.554710],[85.098111,43.553966],[85.096220,43.553837],[85.093159,43.553312],[85.092306,43.553322],[85.091484,43.553432],[85.090865,43.553620],[85.089792,43.554097],[85.087633,43.555426],[85.086185,43.556548],[85.085529,43.556784],[85.084266,43.556812],[85.082246,43.555959],[85.081535,43.555797],[85.078071,43.555902],[85.077319,43.556012],[85.076465,43.556432],[85.075885,43.556447],[85.075289,43.556342],[85.074397,43.556475],[85.072632,43.557235],[85.070913,43.558133],[85.067602,43.560252],[85.066013,43.560792],[85.065687,43.561381],[85.065668,43.563572],[85.065373,43.564260],[85.064345,43.564873],[85.062722,43.565412],[85.061714,43.565963],[85.061086,43.566348],[85.060699,43.566712],[85.060410,43.567177],[85.060336,43.567374],[85.060394,43.567672],[85.060688,43.568098],[85.060952,43.568401],[85.062059,43.569016],[85.062122,43.569191],[85.061944,43.569386],[85.061530,43.569527],[85.060289,43.569875],[85.059647,43.569912],[85.057817,43.568382],[85.056967,43.568044],[85.055580,43.567824],[85.055466,43.567671],[85.056239,43.563944],[85.056195,43.563470],[85.055949,43.562799],[85.055265,43.561926],[85.054745,43.561507],[85.053194,43.560844],[85.051844,43.559970],[85.050196,43.558557],[85.049602,43.557885],[85.048630,43.556369],[85.048049,43.555748],[85.046903,43.554852],[85.045000,43.552675],[85.042300,43.551277],[85.040617,43.550290],[85.039218,43.549282],[85.038090,43.548357],[85.037689,43.547897],[85.037607,43.547702],[85.037617,43.547315],[85.038194,43.545617],[85.038123,43.545057],[85.037666,43.544069],[85.037554,43.542927],[85.037194,43.542146],[85.037050,43.542014],[85.036815,43.541966],[85.032852,43.541905],[85.032158,43.541810],[85.031643,43.541659],[85.031092,43.541070],[85.030633,43.539939],[85.030177,43.539265],[85.028019,43.536716],[85.027767,43.536238],[85.027636,43.535257],[85.027874,43.533452],[85.028092,43.531793],[85.027850,43.529842],[85.027139,43.528710],[85.026509,43.528009],[85.025225,43.526876],[85.022636,43.525090],[85.021635,43.524535],[85.021553,43.524296],[85.021630,43.523781],[85.021888,43.523142],[85.021836,43.522000],[85.021592,43.521771],[85.020247,43.521140],[85.019347,43.520499],[85.018490,43.519660],[85.017942,43.518909],[85.017829,43.518226],[85.017904,43.517648],[85.018229,43.517087],[85.018627,43.516786],[85.020499,43.514430],[85.020487,43.513843],[85.020358,43.513641],[85.019762,43.513247],[85.018355,43.512606],[85.017069,43.511898],[85.014644,43.510786],[85.012468,43.509373],[85.011757,43.508839],[85.010811,43.507906],[85.010678,43.506838],[85.010605,43.506712],[85.010344,43.506583],[85.004429,43.506955],[85.003678,43.506867],[85.001609,43.505851],[85.000096,43.504685],[84.996775,43.502559],[84.995735,43.501751],[84.995222,43.501157],[84.995011,43.499755],[84.994613,43.499232],[84.993257,43.498659],[84.991526,43.498142],[84.990337,43.497573],[84.989848,43.497233],[84.989614,43.496777],[84.990391,43.495291],[84.990869,43.493718],[84.990671,43.491575],[84.991329,43.490728],[84.992680,43.489727],[84.994203,43.487787],[84.994559,43.487100],[84.994527,43.486795],[84.994079,43.486517],[84.989988,43.486009],[84.988092,43.485377],[84.985416,43.484075],[84.983291,43.482883],[84.982073,43.481955],[84.981186,43.481092],[84.980572,43.480159],[84.980242,43.479870],[84.979857,43.479740],[84.976856,43.479885],[84.975519,43.480040],[84.974011,43.480340],[84.973130,43.480681],[84.970645,43.482089],[84.969869,43.482341],[84.966954,43.483794],[84.965879,43.484868],[84.965192,43.485325],[84.963663,43.486106],[84.962227,43.486705],[84.959997,43.487289],[84.959054,43.487428],[84.958294,43.487373],[84.957322,43.487229],[84.956033,43.486879],[84.954829,43.486310],[84.952325,43.484728],[84.951731,43.484500],[84.950699,43.484309],[84.950072,43.484344],[84.949282,43.484516],[84.947644,43.484895],[84.946513,43.485097],[84.945549,43.485243],[84.944412,43.485325],[84.943653,43.485340],[84.943127,43.485360],[84.942523,43.485221],[84.942025,43.485009],[84.941252,43.484680],[84.940303,43.484085],[84.939264,43.483563],[84.938368,43.483232],[84.937420,43.482929],[84.936742,43.482841],[84.936138,43.482797],[84.935884,43.482783],[84.935259,43.483056],[84.934455,43.483562],[84.934181,43.483836],[84.933629,43.484491],[84.933425,43.484844],[84.933015,43.485196],[84.932788,43.485449],[84.932352,43.485919],[84.930938,43.487378],[84.929692,43.488609],[84.929167,43.489305],[84.929072,43.489393],[84.927902,43.489957],[84.927857,43.489989],[84.927393,43.490310],[84.926963,43.490556],[84.926643,43.490711],[84.926516,43.490787],[84.925989,43.491054],[84.925186,43.491529],[84.924610,43.491909],[84.924315,43.492150],[84.923946,43.492608],[84.923583,43.493199],[84.923266,43.493879],[84.923059,43.494708],[84.923030,43.495340],[84.923095,43.495913],[84.923220,43.496508],[84.923363,43.496927],[84.923490,43.497334],[84.923798,43.498010],[84.924049,43.498546],[84.924120,43.498797],[84.924482,43.499230],[84.924762,43.499584],[84.925141,43.499919],[84.925213,43.499990],[84.914044,43.508003],[84.906036,43.514097],[84.905465,43.514747],[84.905569,43.514957],[84.905641,43.515358],[84.904803,43.516205],[84.902931,43.517615],[84.902260,43.518579],[84.901322,43.519562],[84.900608,43.520048],[84.900097,43.520540],[84.899133,43.521601],[84.898888,43.522385],[84.898965,43.522645],[84.898899,43.524797],[84.898722,43.525547],[84.898246,43.526553],[84.898092,43.527089],[84.897746,43.528735],[84.897447,43.531583],[84.897176,43.532084],[84.896401,43.532398],[84.894221,43.532858],[84.892807,43.533535],[84.891073,43.534521],[84.891021,43.534869],[84.891855,43.537081],[84.892065,43.537895],[84.892071,43.538198],[84.891888,43.538888],[84.891306,43.539889],[84.890923,43.541386],[84.890936,43.542634],[84.891049,43.543057],[84.891455,43.543758],[84.890687,43.544189],[84.890234,43.544559],[84.890144,43.544778],[84.889551,43.547971],[84.889520,43.548581],[84.889062,43.549754],[84.889022,43.550107],[84.889129,43.550253],[84.890238,43.550813],[84.891155,43.551412],[84.892344,43.552286],[84.893327,43.553804],[84.893630,43.555506],[84.893589,43.556057],[84.893431,43.556444],[84.892832,43.557237],[84.890980,43.558748],[84.890519,43.559265],[84.890185,43.559492],[84.889889,43.559927],[84.889988,43.560047],[84.891456,43.560537],[84.893710,43.561485],[84.894586,43.562049],[84.895028,43.562741],[84.895077,43.563557],[84.894949,43.564172],[84.894261,43.565900],[84.894176,43.567658],[84.894327,43.568094],[84.895333,43.569029],[84.897980,43.570085],[84.898225,43.570515],[84.898294,43.571386],[84.898479,43.571958],[84.898492,43.572563],[84.898367,43.573077],[84.897775,43.573991],[84.897484,43.575864],[84.897168,43.576285],[84.896557,43.576729],[84.895143,43.577159],[84.893402,43.577219],[84.890446,43.576824],[84.883633,43.576788],[84.883093,43.576955],[84.882212,43.577421],[84.881651,43.577535],[84.880896,43.577522],[84.880041,43.577341],[84.879394,43.577067],[84.878830,43.577444],[84.872553,43.576466],[84.863210,43.575394],[84.861609,43.574439],[84.860518,43.573907],[84.858407,43.572458],[84.857879,43.571938],[84.856301,43.571726],[84.855689,43.571782],[84.854617,43.571720],[84.852479,43.571426],[84.851292,43.571099],[84.850530,43.570779],[84.849537,43.570091],[84.847442,43.570382],[84.846182,43.570680],[84.844025,43.570840],[84.842876,43.571813],[84.842616,43.571867],[84.842192,43.571768],[84.841236,43.571853],[84.838269,43.572633],[84.837805,43.573037],[84.835265,43.574755],[84.834557,43.575401],[84.834221,43.576379],[84.834501,43.576725],[84.834924,43.578401],[84.834877,43.578578],[84.838579,43.578907],[84.839055,43.579078],[84.841647,43.579336],[84.842913,43.579627],[84.843767,43.579936],[84.845020,43.580618],[84.847262,43.581330],[84.850507,43.581700],[84.853124,43.582861],[84.853607,43.583286],[84.853879,43.583707],[84.853985,43.584047],[84.853971,43.584456],[84.853655,43.585329],[84.852977,43.586033],[84.852715,43.586500],[84.852773,43.587158],[84.852653,43.588227],[84.852295,43.589111],[84.851686,43.590172],[84.850919,43.591054],[84.849838,43.593887],[84.848465,43.595707],[84.847451,43.596801],[84.846690,43.598408],[84.844414,43.600777],[84.843847,43.601517],[84.843198,43.602597],[84.843049,43.603440],[84.843034,43.604367],[84.843232,43.605725],[84.843191,43.606780],[84.843442,43.607750],[84.843091,43.608926],[84.843073,43.609417],[84.843422,43.609823],[84.843517,43.610116],[84.843429,43.610672],[84.843519,43.612306],[84.843212,43.613233],[84.843237,43.613598],[84.843595,43.614355],[84.843545,43.615374],[84.843608,43.615611],[84.844045,43.616511],[84.844003,43.616686],[84.843611,43.617062],[84.843491,43.618184],[84.843044,43.618850],[84.843175,43.620626],[84.843344,43.621337],[84.843816,43.621911],[84.843566,43.623122],[84.843700,43.623574],[84.843197,43.624498],[84.843612,43.625084],[84.844149,43.626201],[84.843874,43.626817],[84.844024,43.627328],[84.843985,43.627726],[84.843856,43.627832],[84.844328,43.628556],[84.844848,43.630369],[84.844869,43.630772],[84.844701,43.631542],[84.844740,43.631983],[84.845504,43.634055],[84.845549,43.634877],[84.845769,43.635616],[84.845833,43.635734],[84.847154,43.636534],[84.847277,43.637590],[84.847500,43.637925],[84.847656,43.638837],[84.849006,43.640037],[84.849420,43.640908],[84.850161,43.641315],[84.851849,43.641913],[84.852128,43.642162],[84.852475,43.642737],[84.852817,43.643021],[84.854078,43.643486],[84.854653,43.643912],[84.855924,43.645439],[84.856641,43.645994],[84.857128,43.646258],[84.858949,43.646901],[84.860068,43.647424],[84.861034,43.648052],[84.861268,43.648416],[84.861701,43.649546],[84.862202,43.649960],[84.862494,43.650629],[84.863518,43.651290],[84.863977,43.652084],[84.864638,43.652177],[84.865072,43.652092],[84.865823,43.652116],[84.866693,43.652387],[84.867539,43.652413],[84.868824,43.653168],[84.870095,43.653462],[84.870286,43.653645],[84.870558,43.654326],[84.870968,43.654712],[84.870988,43.655030],[84.870798,43.655611],[84.870865,43.655839],[84.871349,43.656245],[84.872035,43.657271],[84.872665,43.657753],[84.872671,43.658305],[84.872882,43.658689],[84.873850,43.659212],[84.874413,43.660086],[84.875187,43.660603],[84.875797,43.661549],[84.876811,43.662287],[84.877910,43.663421],[84.878143,43.663821],[84.878169,43.664551],[84.879373,43.665617],[84.879519,43.665901],[84.879572,43.666735],[84.880398,43.667279],[84.880575,43.667858],[84.880942,43.668394],[84.881036,43.669017],[84.881359,43.669275],[84.881418,43.669586],[84.881723,43.669922],[84.881787,43.670312],[84.882244,43.670844],[84.882281,43.671479],[84.882796,43.672017],[84.882937,43.672346],[84.882807,43.673301],[84.883121,43.673950],[84.883939,43.674985],[84.886139,43.677201],[84.886883,43.677630],[84.888387,43.679164],[84.889557,43.680552],[84.889778,43.680946],[84.890002,43.682411],[84.889865,43.684225],[84.890004,43.684934],[84.889930,43.685401],[84.889972,43.685555],[84.890452,43.685892],[84.890524,43.686082],[84.890375,43.687013],[84.890936,43.688035],[84.891079,43.688825],[84.891538,43.689777],[84.891579,43.689987],[84.891415,43.691088],[84.891509,43.691595],[84.891668,43.691946],[84.892226,43.692598],[84.892885,43.693645],[84.892734,43.696074],[84.892909,43.696852],[84.893021,43.699665],[84.893133,43.700023],[84.893443,43.700531],[84.893914,43.701121],[84.894031,43.701430],[84.894066,43.702249],[84.894146,43.702407],[84.895122,43.703365],[84.895086,43.703912],[84.895194,43.704206],[84.896536,43.706404],[84.896625,43.706693],[84.896659,43.707105],[84.896372,43.708273],[84.896356,43.708703],[84.896815,43.709888],[84.896472,43.711080],[84.896454,43.711583],[84.896592,43.711910],[84.897019,43.712457],[84.898512,43.713503],[84.898721,43.713859],[84.898816,43.714286],[84.898875,43.715128],[84.898749,43.715867],[84.898019,43.717455],[84.897987,43.717848],[84.898166,43.719256],[84.898131,43.720667],[84.897856,43.721662],[84.897879,43.721899],[84.898450,43.722593],[84.899971,43.723561],[84.900135,43.724605],[84.900774,43.725694],[84.900901,43.726308],[84.901149,43.726880],[84.901472,43.727447],[84.901907,43.727968],[84.902150,43.728601],[84.902900,43.729600],[84.903946,43.731544],[84.904323,43.732546],[84.904585,43.732955],[84.905736,43.734200],[84.905791,43.734469],[84.906160,43.735162],[84.906236,43.735523],[84.907174,43.737251],[84.908451,43.739074],[84.909653,43.740493],[84.909784,43.740856],[84.909854,43.741582],[84.910225,43.742506],[84.911465,43.743433],[84.913991,43.744696],[84.914178,43.744844],[84.914561,43.745541],[84.914996,43.745777],[84.916427,43.746309],[84.918309,43.746600],[84.920380,43.746833],[84.921639,43.746683],[84.922724,43.746736],[84.923692,43.747220],[84.923994,43.747802],[84.924956,43.748453],[84.925480,43.748992],[84.925736,43.749902],[84.925704,43.750502],[84.925471,43.751300],[84.924481,43.753457],[84.924315,43.754045],[84.924391,43.754401],[84.924844,43.755030],[84.925017,43.755593],[84.925063,43.756111],[84.924946,43.756751],[84.925198,43.757453],[84.925342,43.758409],[84.925340,43.758784],[84.925148,43.759230],[84.925280,43.759882],[84.925258,43.760202],[84.924645,43.761271],[84.924685,43.762990],[84.925110,43.764488],[84.926130,43.766377],[84.926153,43.766986],[84.925558,43.768245],[84.925527,43.768986],[84.925680,43.770101],[84.925337,43.770984],[84.925252,43.771983],[84.924830,43.772658],[84.923203,43.774132],[84.923015,43.774447],[84.922996,43.774680],[84.923054,43.774921],[84.923395,43.775312],[84.923465,43.775518],[84.923460,43.777180],[84.923546,43.777613],[84.923437,43.778568],[84.923035,43.779315],[84.923052,43.779442],[84.923217,43.779810],[84.923862,43.780703],[84.923881,43.782058],[84.924712,43.783359],[84.924723,43.783671],[84.924562,43.783844],[84.924437,43.784266],[84.924484,43.784804],[84.924666,43.785329],[84.924860,43.786429],[84.924686,43.786650],[84.924586,43.786977],[84.924312,43.787228],[84.923272,43.787496],[84.922899,43.787713],[84.922444,43.788330],[84.922005,43.789515],[84.921185,43.790444],[84.921053,43.791058],[84.921219,43.792023],[84.921382,43.792472],[84.921307,43.793190],[84.921140,43.793343],[84.921096,43.793546],[84.921168,43.794375],[84.920477,43.795245],[84.920389,43.795499],[84.920457,43.796454],[84.920782,43.797261],[84.920970,43.797597],[84.923075,43.799583],[84.923340,43.799916],[84.923591,43.800690],[84.925321,43.802565],[84.925398,43.802875],[84.925355,43.803835],[84.925581,43.804657],[84.925891,43.804959],[84.926391,43.805257],[84.926777,43.805657],[84.927626,43.807051],[84.927712,43.807789],[84.927929,43.808226],[84.929092,43.809210],[84.929765,43.809959],[84.929913,43.810819],[84.930131,43.811240],[84.931076,43.811823],[84.931024,43.812351],[84.931086,43.812472],[84.932527,43.813137],[84.933733,43.813889],[84.935622,43.815704],[84.935887,43.816069],[84.936914,43.816554],[84.937781,43.817124],[84.938609,43.817901],[84.938713,43.818098],[84.938662,43.818531],[84.938419,43.819104],[84.938590,43.819692],[84.940029,43.820591],[84.942366,43.822236],[84.944264,43.823967],[84.945734,43.825048],[84.946663,43.825570],[84.947539,43.826199],[84.947777,43.826527],[84.948477,43.828355],[84.948817,43.828753],[84.949968,43.829568],[84.950841,43.829925],[84.951395,43.830285],[84.951621,43.830776],[84.951618,43.831345],[84.951902,43.832346],[84.952027,43.834211],[84.952384,43.835227],[84.953096,43.836285],[84.953510,43.837301],[84.954693,43.838960],[84.954913,43.840027],[84.955054,43.840282],[84.955584,43.840832],[84.956124,43.841095],[84.958575,43.840929],[84.959521,43.840984],[84.961207,43.841305],[84.961940,43.841788],[84.962060,43.842654],[84.961704,43.844302],[84.961660,43.845115],[84.961236,43.845391],[84.959909,43.845837],[84.959604,43.846312],[84.959299,43.847315],[84.959419,43.848676],[84.960055,43.849853],[84.960042,43.850183],[84.958557,43.851382],[84.957416,43.852555],[84.956461,43.853385],[84.954664,43.854788],[84.952291,43.855549],[84.950660,43.856364],[84.948824,43.856473],[84.948306,43.856605],[84.947684,43.857065],[84.947047,43.857778],[84.945802,43.859743],[84.945377,43.860165],[84.944092,43.860810],[84.943720,43.861126],[84.943309,43.861866],[84.943204,43.862222],[84.942846,43.862551],[84.942394,43.864017],[84.941758,43.864717],[84.940380,43.865559],[84.939943,43.865888],[84.939692,43.866205],[84.939294,43.867565],[84.938500,43.868515],[84.937811,43.869782],[84.936710,43.870599],[84.936339,43.871021],[84.935863,43.872474],[84.935518,43.873966],[84.935439,43.874798],[84.935518,43.875921],[84.935849,43.876661],[84.936459,43.877481],[84.936591,43.877904],[84.936538,43.878802],[84.936631,43.879304],[84.937134,43.879860],[84.938035,43.880495],[84.938274,43.880839],[84.938287,43.881301],[84.938088,43.881710],[84.937267,43.882554],[84.936790,43.883254],[84.936697,43.883676],[84.936883,43.884165],[84.938062,43.885554],[84.938088,43.885937],[84.937930,43.886307],[84.937386,43.886900],[84.937188,43.887283],[84.937174,43.887627],[84.939997,43.888925],[84.940368,43.889296],[84.940977,43.890591],[84.941017,43.891265],[84.941163,43.891767],[84.941401,43.891979],[84.941865,43.892046],[84.942925,43.891942],[84.943535,43.891983],[84.944065,43.892169],[84.946305,43.893361],[84.947352,43.893614],[84.948890,43.893749],[84.949871,43.894002],[84.951064,43.894441],[84.952695,43.895395],[84.953716,43.895661],[84.955215,43.895902],[84.955878,43.896141],[84.956978,43.897082],[84.957575,43.897387],[84.958570,43.897653],[84.959923,43.898158],[84.960440,43.898516],[84.960745,43.899098],[84.960785,43.899957],[84.960652,43.901000],[84.959777,43.902279],[84.959658,43.902741],[84.959764,43.903111],[84.960202,43.903720],[84.960334,43.904130],[84.960440,43.904936],[84.960759,43.906007],[84.960772,43.906839],[84.960971,43.908213],[84.960825,43.908715],[84.960241,43.909479],[84.960228,43.909823],[84.960692,43.911079],[84.961959,43.911907],[84.962291,43.912225],[84.962371,43.912608],[84.962172,43.913242],[84.961376,43.914759],[84.961455,43.915050],[84.962702,43.915674],[84.962888,43.915859],[84.962834,43.916136],[84.962450,43.916413],[84.962039,43.916874],[84.961986,43.917112],[84.962450,43.917839],[84.962517,43.918183],[84.962397,43.918539],[84.962065,43.919014],[84.961986,43.919357],[84.962065,43.919648],[84.962570,43.920072],[84.963856,43.920841],[84.965196,43.922245],[84.965661,43.923144],[84.965740,43.924016],[84.965595,43.924874],[84.965209,43.925639],[84.963525,43.927616],[84.963306,43.928138],[84.963293,43.929776],[84.963134,43.930197],[84.962709,43.930474],[84.961899,43.930697],[84.961436,43.931051],[84.960665,43.931434],[84.957403,43.932113],[84.956846,43.932428],[84.956408,43.932929],[84.956348,43.933451],[84.956468,43.934310],[84.956481,43.935300],[84.956362,43.935974],[84.956096,43.936449],[84.955460,43.937332],[84.950706,43.942850],[84.948081,43.944839],[84.947737,43.945446],[84.946809,43.946462],[84.946385,43.947108],[84.945947,43.948785],[84.945112,43.950580],[84.945112,43.950936],[84.945430,43.951756],[84.945324,43.953341],[84.945126,43.954199],[84.945139,43.955005],[84.945232,43.955375],[84.946107,43.956776],[84.946186,43.958058],[84.946107,43.959564],[84.945895,43.960593],[84.945934,43.961558],[84.946173,43.962998],[84.946067,43.963698],[84.945749,43.964688],[84.945789,43.965203],[84.946325,43.966611],[84.945901,43.968750],[84.945477,43.970268],[84.945252,43.972949],[84.945132,43.973517],[84.945278,43.974257],[84.944906,43.976700],[84.945451,43.977982],[84.945503,43.979026],[84.945675,43.979409],[84.946590,43.980124],[84.946895,43.980943],[84.947466,43.981816],[84.948704,43.983278],[84.948943,43.983781],[84.949130,43.984613],[84.949447,43.985221],[84.950136,43.985989],[84.951847,43.986943],[84.953391,43.989291],[84.955513,43.991383],[84.955858,43.991951],[84.957244,43.993335],[84.957483,43.993930],[84.957880,43.995899],[84.958278,43.996798],[84.958371,43.997432],[84.958060,43.998692],[84.958347,44.000572],[84.958571,44.001213],[84.959061,44.002078],[84.959940,44.004081],[84.959986,44.006367],[84.960392,44.006941],[84.963830,44.010060],[84.965691,44.013901],[84.969750,44.018022],[84.974638,44.024129],[84.979103,44.029104],[84.984728,44.031926],[84.986522,44.032052],[84.988713,44.031891],[84.990714,44.032597],[84.992553,44.035009],[84.999397,44.038819],[85.001190,44.039233],[85.006762,44.039050],[85.010165,44.040028],[85.013997,44.042435],[85.016648,44.045700],[85.020487,44.048530],[85.021883,44.048666],[85.022473,44.048372],[85.023867,44.048220],[85.025476,44.049062],[85.025889,44.049915],[85.028104,44.051192],[85.031491,44.051160],[85.034095,44.052282],[85.036293,44.052694],[85.039510,44.054242],[85.042542,44.056648],[85.042757,44.057363],[85.041194,44.059230],[85.040812,44.059951],[85.040850,44.061814],[85.041470,44.063094],[85.041509,44.064668],[85.043124,44.065941],[85.045322,44.066353],[85.046325,44.066912],[85.046746,44.067909],[85.047948,44.068616],[85.051148,44.069298],[85.051960,44.070150],[85.052182,44.071152],[85.056391,44.072977],[85.063851,44.077767],[85.067653,44.079015],[85.070245,44.079279],[85.072057,44.080409],[85.072463,44.080974],[85.078685,44.083919],[85.079686,44.084188],[85.089145,44.090389],[85.094010,44.095338],[85.095468,44.096501],[85.095611,44.097052],[85.095685,44.097932],[85.095638,44.099773],[85.095499,44.100892],[85.095511,44.101975],[85.095923,44.106301],[85.096191,44.107783],[85.096270,44.108935],[85.096569,44.110116],[85.096698,44.112056],[85.096588,44.116567],[85.095940,44.123395],[85.095884,44.125137],[85.095357,44.128089],[85.094830,44.132503],[85.094015,44.136052],[85.092759,44.139984],[85.092445,44.142306],[85.092366,44.144361],[85.091799,44.147880],[85.092762,44.148959],[85.092835,44.149277],[85.092709,44.149556],[85.092357,44.149920],[85.092099,44.151295],[85.092127,44.151741],[85.092340,44.152178],[85.092393,44.152658],[85.092210,44.153021],[85.091147,44.154156],[85.091319,44.154795],[85.091080,44.156220],[85.090828,44.156991],[85.090313,44.157852],[85.090373,44.158763],[85.090578,44.159037],[85.090913,44.159276],[85.090967,44.159717],[85.090762,44.160113],[85.089092,44.161335],[85.088674,44.161971],[85.087842,44.163884],[85.087852,44.164234],[85.088054,44.164702],[85.088483,44.165091],[85.089041,44.166972],[85.089126,44.167775],[85.089078,44.168442],[85.088728,44.168993],[85.088577,44.169430],[85.088558,44.169761],[85.088653,44.169991],[85.088599,44.170211],[85.087581,44.171915],[85.087625,44.173708],[85.087745,44.173853],[85.087705,44.175065],[85.087848,44.176192],[85.088648,44.177808],[85.089104,44.178394],[85.089545,44.179416],[85.089874,44.179722],[85.090054,44.180091],[85.090070,44.180403],[85.091141,44.181943],[85.091348,44.182563],[85.091359,44.182871],[85.091495,44.183165],[85.091792,44.183497],[85.092105,44.184275],[85.092235,44.185551],[85.092522,44.186080],[85.092380,44.186826],[85.092453,44.187201],[85.092834,44.187805],[85.092998,44.188343],[85.093052,44.189445],[85.093195,44.189934],[85.094219,44.191400],[85.094217,44.191796],[85.093911,44.192138],[85.093877,44.192321],[85.093765,44.193868],[85.093425,44.194603],[85.093643,44.195519],[85.093536,44.197257],[85.093577,44.197574],[85.093792,44.197940],[85.094514,44.198571],[85.094772,44.198985],[85.094595,44.199691],[85.094739,44.200660],[85.094523,44.201210],[85.094112,44.201732],[85.094069,44.202008],[85.094100,44.202365],[85.094372,44.202689],[85.094488,44.203739],[85.094679,44.204050],[85.094945,44.207089],[85.095305,44.207461],[85.095148,44.207809],[85.095162,44.208012],[85.095534,44.208842],[85.095547,44.209100],[85.095440,44.209246],[85.095051,44.209353],[85.095116,44.209859],[85.094853,44.210318],[85.095024,44.210589],[85.095031,44.210767],[85.094565,44.211801],[85.094365,44.212831],[85.094405,44.213336],[85.094702,44.213928],[85.094905,44.214946],[85.095175,44.215448],[85.095119,44.216139],[85.095347,44.216361],[85.095479,44.216892],[85.095352,44.218329],[85.095546,44.218643],[85.095522,44.219374],[85.095618,44.219588],[85.096370,44.220446],[85.096461,44.220829],[85.097575,44.222117],[85.097801,44.222788],[85.098532,44.224305],[85.098894,44.224709],[85.099175,44.225320],[85.099338,44.225473],[85.099324,44.225749],[85.099898,44.226211],[85.099779,44.226725],[85.100192,44.227276],[85.100144,44.227688],[85.099811,44.228051],[85.099850,44.228239],[85.100691,44.228945],[85.100716,44.229237],[85.100458,44.229544],[85.100248,44.230099],[85.100655,44.230856],[85.100662,44.231327],[85.100361,44.231924],[85.100645,44.233580],[85.100365,44.234568],[85.100375,44.234925],[85.100641,44.235434],[85.100900,44.236935],[85.100883,44.237725],[85.101184,44.239292],[85.101324,44.240659],[85.102024,44.241777],[85.101664,44.243106],[85.102185,44.243831],[85.101989,44.244183],[85.102050,44.244412],[85.103039,44.245333],[85.103222,44.246042],[85.103892,44.246647],[85.104173,44.247061],[85.104652,44.248685],[85.104484,44.249392],[85.105287,44.249778],[85.105402,44.249915],[85.105376,44.250178],[85.105034,44.250579],[85.104934,44.250892],[85.105376,44.251578],[85.106049,44.253550],[85.106386,44.254899],[85.106480,44.255725],[85.106614,44.256120],[85.106616,44.256277],[85.106660,44.259908],[85.106703,44.263531],[85.106721,44.263730],[85.106989,44.267352],[85.107251,44.270974],[85.107510,44.274601],[85.107780,44.278223],[85.107597,44.279481],[85.107431,44.280690],[85.107536,44.280880],[85.107590,44.282676],[85.107807,44.283372],[85.109164,44.284445],[85.109647,44.284647],[85.110066,44.285019],[85.111278,44.285672],[85.111779,44.286609],[85.111797,44.286846],[85.112135,44.287257],[85.112238,44.288292],[85.112451,44.288606],[85.112487,44.289363],[85.112256,44.290536],[85.112421,44.291680],[85.112680,44.292139],[85.112760,44.292838],[85.112391,44.293681],[85.112383,44.293932],[85.112552,44.294381],[85.112497,44.294651],[85.112037,44.295218],[85.111985,44.295800],[85.112084,44.296968],[85.112018,44.297570],[85.112088,44.297928],[85.112282,44.298137],[85.112031,44.298880],[85.112051,44.299058],[85.112309,44.299422],[85.112320,44.299754],[85.111960,44.300431],[85.111953,44.300643],[85.112270,44.301315],[85.112390,44.302498],[85.111985,44.303115],[85.111626,44.304444],[85.111321,44.304863],[85.110608,44.305479],[85.110338,44.306538],[85.110330,44.307052],[85.109790,44.308386],[85.109658,44.309555],[85.110381,44.309715],[85.110816,44.309952],[85.111571,44.310528],[85.111795,44.311163],[85.111818,44.311902],[85.112016,44.312436],[85.112487,44.314565],[85.112499,44.316352],[85.113248,44.317866],[85.113546,44.319254],[85.113423,44.320546],[85.113427,44.321816],[85.113468,44.322071],[85.113778,44.322547],[85.113702,44.323477],[85.113913,44.325047],[85.113684,44.326015],[85.113241,44.327311],[85.113210,44.327699],[85.113295,44.327989],[85.113994,44.328650],[85.114226,44.329628],[85.114830,44.330551],[85.114815,44.330973],[85.114993,44.331606],[85.115114,44.332756],[85.114960,44.333526],[85.115222,44.334115],[85.115221,44.334766],[85.114760,44.336329],[85.114396,44.340056],[85.113921,44.343148],[85.113340,44.343750],[85.124855,44.340133],[85.133719,44.337536],[85.161171,44.329269],[85.161580,44.329186],[85.161927,44.329041],[85.168845,44.326956],[85.171304,44.326131],[85.173998,44.325387],[85.175152,44.325239],[85.175831,44.325230],[85.176984,44.325227],[85.177627,44.325206],[85.178418,44.325195],[85.179745,44.325241],[85.179814,44.325269],[85.179864,44.325273],[85.180065,44.325595],[85.180732,44.327346],[85.180765,44.329619],[85.181379,44.331157],[85.181906,44.332115],[85.181692,44.333686],[85.182130,44.334909],[85.181549,44.336313],[85.181829,44.337965],[85.181903,44.338282],[85.182212,44.339575],[85.181755,44.341691],[85.182204,44.343227],[85.181949,44.346135],[85.183462,44.350597],[85.184568,44.355643],[85.185115,44.358844],[85.185835,44.362121],[85.185742,44.363090],[85.186298,44.364815],[85.187019,44.367935],[85.187342,44.371519],[85.187592,44.372151],[85.188857,44.379185],[85.189222,44.380614],[85.189977,44.383573],[85.190139,44.385707],[85.191176,44.389292],[85.191023,44.390079],[85.191650,44.393530],[85.192440,44.395919],[85.192320,44.397562],[85.193748,44.401788],[85.194039,44.404711],[85.195096,44.407433],[85.196140,44.413111],[85.197590,44.419459],[85.197933,44.420399],[85.197807,44.422292],[85.198288,44.424572],[85.198328,44.425658],[85.198358,44.426483],[85.198590,44.427566],[85.198671,44.428752],[85.199210,44.431363],[85.199449,44.432945],[85.199675,44.434439],[85.200814,44.435767],[85.203656,44.438263],[85.204135,44.439963],[85.204464,44.442677],[85.205108,44.444739],[85.205945,44.446855],[85.206082,44.447547],[85.205925,44.449979],[85.207125,44.451379],[85.207829,44.453394],[85.208213,44.455049],[85.208728,44.455799],[85.209205,44.459861],[85.210161,44.461303],[85.210747,44.461576],[85.210575,44.463801],[85.210262,44.465253],[85.210343,44.465967],[85.210492,44.466519],[85.210850,44.467029],[85.211121,44.469008],[85.211369,44.469680],[85.211846,44.470355],[85.212429,44.472079],[85.212495,44.472830],[85.212357,44.473304],[85.212391,44.474210],[85.212541,44.474717],[85.212666,44.476056],[85.213200,44.478118],[85.212901,44.479214],[85.214039,44.479312],[85.215244,44.479545],[85.222711,44.480200],[85.228603,44.479298],[85.230229,44.479203],[85.236035,44.478605],[85.241914,44.478716],[85.250275,44.477610],[85.254648,44.476697],[85.254885,44.478553],[85.253328,44.480283],[85.253335,44.480572],[85.254152,44.481277],[85.254205,44.483563],[85.253633,44.484858],[85.255526,44.488845],[85.255762,44.490559],[85.254992,44.491707],[85.251641,44.493608],[85.246468,44.494393],[85.245491,44.495403],[85.243377,44.499150],[85.243005,44.500161],[85.243057,44.502447],[85.242477,44.503311],[85.240532,44.505486],[85.239968,44.507061],[85.239625,44.509646],[85.240037,44.510210],[85.240067,44.511353],[85.235728,44.513844],[85.235949,44.514702],[85.238389,44.516672],[85.238610,44.517521],[85.237215,44.517689],[85.236208,44.517413],[85.234424,44.517720],[85.233868,44.519592],[85.233974,44.524308],[85.234828,44.526731],[85.234851,44.527874],[85.234066,44.528457],[85.233745,44.531754],[85.233151,44.532186],[85.231565,44.532495],[85.230201,44.533941],[85.229454,44.536243],[85.229492,44.538097],[85.230117,44.539239],[85.229201,44.542681],[85.229438,44.544250],[85.230041,44.544671],[85.230269,44.545674],[85.228912,44.547696],[85.229342,44.549180],[85.229781,44.550687],[85.230390,44.551109],[85.232189,44.551226],[85.232418,44.552651],[85.231634,44.553234],[85.231442,44.553671],[85.233073,44.554937],[85.233875,44.555066],[85.234484,44.555490],[85.234934,44.557628],[85.234156,44.558498],[85.234789,44.560208],[85.235414,44.561198],[85.234240,44.562215],[85.233691,44.564654],[85.233928,44.566079],[85.236566,44.567765],[85.236779,44.568623],[85.236391,44.569058],[85.235407,44.569637],[85.235818,44.570345],[85.236833,44.570909],[85.237275,44.572472],[85.239509,44.574161],[85.238762,44.576606],[85.238800,44.578325],[85.239607,44.579297],[85.239256,44.581451],[85.239881,44.582297],[85.239737,44.584877],[85.240972,44.586434],[85.240819,44.588294],[85.241430,44.589005],[85.241072,44.590872],[85.240492,44.591448],[85.240508,44.592168],[85.241117,44.592591],[85.241139,44.593878],[85.239973,44.595174],[85.238655,44.598771],[85.235004,44.601181],[85.235100,44.601465],[85.235075,44.601972],[85.234797,44.602215],[85.234408,44.602403],[85.233566,44.602471],[85.232949,44.602624],[85.232327,44.602997],[85.231613,44.602631],[85.231019,44.603619],[85.230112,44.604224],[85.229934,44.605040],[85.229658,44.605333],[85.229724,44.605663],[85.229517,44.606235],[85.228969,44.606664],[85.228523,44.607449],[85.226963,44.608519],[85.226258,44.609139],[85.226242,44.609602],[85.226498,44.609988],[85.226835,44.610236],[85.226828,44.610429],[85.225847,44.612106],[85.225063,44.612737],[85.223000,44.613214],[85.222776,44.613419],[85.222687,44.613914],[85.222846,44.614674],[85.223158,44.615253],[85.223146,44.615645],[85.222926,44.615900],[85.222658,44.616113],[85.222198,44.616262],[85.220314,44.616778],[85.220525,44.616998],[85.220518,44.617215],[85.219411,44.617215],[85.219077,44.617490],[85.218529,44.617652],[85.218347,44.617929],[85.218015,44.618157],[85.217320,44.618132],[85.217144,44.618222],[85.216790,44.619327],[85.216500,44.620508],[85.216888,44.621122],[85.216986,44.622323],[85.216915,44.623387],[85.214819,44.623971],[85.213883,44.624739],[85.212863,44.624882],[85.212453,44.624925],[85.212097,44.625650],[85.212141,44.626430],[85.211290,44.627041],[85.210327,44.627227],[85.210228,44.627497],[85.210129,44.627759],[85.210334,44.628050],[85.210384,44.628604],[85.209775,44.628931],[85.209364,44.629371],[85.208789,44.629787],[85.208486,44.630181],[85.208060,44.630537],[85.208046,44.630948],[85.207863,44.631318],[85.207847,44.631928],[85.207649,44.632538],[85.206615,44.632994],[85.205892,44.633577],[85.204858,44.634047],[85.204094,44.634573],[85.203805,44.634945],[85.203017,44.636107],[85.200738,44.636182],[85.198712,44.635504],[85.186756,44.635918],[85.179893,44.634708],[85.163080,44.631525],[85.160811,44.630891],[85.150190,44.629718],[85.141647,44.629405],[85.131447,44.628820],[85.119820,44.628072],[85.118269,44.627823],[85.116080,44.627825],[85.112368,44.627467],[85.103316,44.627693],[85.099190,44.627796],[85.093608,44.627935],[85.081814,44.627963],[85.078864,44.627371],[85.068360,44.626379],[85.065200,44.625716],[85.055088,44.624382],[85.046780,44.623117],[85.018256,44.619649],[85.019509,44.632371],[85.021783,44.650311],[85.022113,44.653035],[85.023643,44.665647],[85.023623,44.666221],[85.023852,44.668079],[85.024220,44.670030],[85.024406,44.674495],[85.024615,44.675593],[85.024834,44.678200],[85.024998,44.678793],[85.025254,44.681588],[85.025102,44.682601],[85.025452,44.685603],[85.025342,44.686690],[85.026042,44.688199],[85.026816,44.689256],[85.027517,44.690473],[85.028989,44.691688],[85.030225,44.692450],[85.033308,44.693531],[85.037886,44.694735],[85.039937,44.695185],[85.041838,44.695915],[85.043487,44.696058],[85.045317,44.696576],[85.052880,44.698130],[85.052348,44.701721],[85.050423,44.712878],[85.050493,44.713131],[85.050676,44.713225],[85.051897,44.713341],[85.052025,44.714299],[85.052654,44.716137],[85.053116,44.717064],[85.054008,44.718185],[85.054130,44.718957],[85.054792,44.723165],[85.054406,44.723351],[85.053518,44.724483],[85.053245,44.726642],[85.050844,44.732733],[85.049385,44.736003],[85.047629,44.739195],[85.046596,44.740205],[85.041371,44.742551],[85.038746,44.743350],[85.035508,44.744528],[85.031624,44.745585],[85.026679,44.748397],[85.023985,44.749693],[85.021954,44.750606],[85.019371,44.751548],[85.015326,44.752852],[85.012936,44.754010],[85.010856,44.754854],[85.010403,44.755283],[85.018808,44.757822],[85.026635,44.760479],[85.030590,44.761620],[85.037218,44.763799],[85.037578,44.764140],[85.044666,44.768493],[85.046778,44.769790],[85.047406,44.770204],[85.047462,44.770456],[85.047130,44.772961],[85.046793,44.778013],[85.046436,44.783362],[85.045999,44.787391],[85.045993,44.788962],[85.045888,44.790155],[85.045709,44.790904],[85.045593,44.791031],[85.045308,44.791105],[85.043430,44.791420],[85.042722,44.791619],[85.042320,44.791987],[85.040997,44.793641],[85.040200,44.794198],[85.038823,44.794882],[85.036606,44.796309],[85.035627,44.796666],[85.034891,44.796827],[85.034321,44.797137],[85.033552,44.797720],[85.031953,44.799343],[85.031055,44.801804],[85.030205,44.802882],[85.029226,44.803756],[85.026490,44.806690],[85.025988,44.807716],[85.024218,44.810535],[85.023682,44.811222],[85.022984,44.812466],[85.022501,44.813840],[85.022072,44.814475],[85.021555,44.815956],[85.020815,44.818792],[85.020669,44.820306],[85.019950,44.822665],[85.019627,44.826579],[85.019797,44.831581],[85.020152,44.834827],[85.020519,44.836126],[85.020494,44.837199],[85.020607,44.838551],[85.026359,44.845931],[85.029880,44.850269],[85.032055,44.859636],[85.031793,44.860567],[85.031645,44.862136],[85.030300,44.870911],[85.028567,44.880982],[85.027668,44.884617],[85.027148,44.886207],[85.027135,44.886595],[85.027639,44.887889],[85.028984,44.890515],[85.029335,44.891638],[85.030204,44.893678],[85.030616,44.895258],[85.031359,44.896840],[85.032748,44.900542],[85.033225,44.901662],[85.033645,44.902649],[85.034211,44.904407],[85.034510,44.904802],[85.035474,44.907684],[85.036131,44.909013],[85.036549,44.910434],[85.037240,44.912174],[85.038199,44.913301],[85.039514,44.915061],[85.041896,44.918481],[85.043612,44.920946],[85.050074,44.929865],[85.051032,44.931351],[85.051536,44.931816],[85.059956,44.934462],[85.064982,44.936216],[85.075248,44.939567],[85.080286,44.941384],[85.084797,44.942755],[85.091080,44.945296],[85.107115,44.951383],[85.114493,44.954270],[85.120092,44.956269],[85.127893,44.959379],[85.131258,44.960567],[85.136432,44.962660],[85.147987,44.967630],[85.155480,44.970699],[85.156033,44.971025],[85.158234,44.977861],[85.160298,44.985372],[85.161621,44.989570],[85.162767,44.993741],[85.165361,45.001585],[85.171715,45.022676],[85.194987,45.029618],[85.213365,45.027982],[85.214271,45.027970],[85.220349,45.024715],[85.221705,45.024300],[85.225116,45.023597],[85.239602,45.020017],[85.240849,45.019709],[85.242026,45.020877],[85.242910,45.020999],[85.255355,45.028892],[85.258432,45.031577],[85.259699,45.034432],[85.260157,45.037436],[85.257874,45.044474],[85.254577,45.051515],[85.253395,45.052820],[85.251600,45.054124],[85.251440,45.055985],[85.253333,45.060118],[85.253555,45.061408],[85.251593,45.064285],[85.250327,45.071745],[85.249548,45.073047],[85.248549,45.073626],[85.248006,45.074238],[85.247480,45.074595],[85.246852,45.074729],[85.246270,45.074720],[85.245750,45.074916],[85.242687,45.076564],[85.240869,45.077999],[85.238461,45.080225],[85.238438,45.081004],[85.238758,45.083625],[85.239115,45.085444],[85.238877,45.085875],[85.237932,45.086329],[85.237042,45.086934],[85.236782,45.087307],[85.236699,45.087723],[85.236683,45.088258],[85.237056,45.091423],[85.237913,45.101902],[85.238419,45.110001],[85.238608,45.116106],[85.238911,45.117397],[85.239144,45.119014],[85.241022,45.127803],[85.241211,45.129703],[85.242005,45.133435],[85.242457,45.134102],[85.243213,45.135994],[85.244411,45.138536],[85.245272,45.140071],[85.246683,45.142943],[85.247173,45.144346],[85.248618,45.149968],[85.248622,45.150963],[85.248999,45.151763],[85.249430,45.154122],[85.250023,45.156355],[85.250398,45.158363],[85.250295,45.158629],[85.249954,45.158974],[85.248378,45.160112],[85.245216,45.163073],[85.241755,45.166139],[85.239344,45.168092],[85.238688,45.168692],[85.238392,45.169093],[85.232566,45.174252],[85.221620,45.187666],[85.216641,45.194055],[85.210834,45.201268],[85.206125,45.206910],[85.205924,45.207300],[85.206035,45.210912],[85.205905,45.213936],[85.205916,45.220707],[85.205719,45.224724],[85.205751,45.227826],[85.205623,45.228927],[85.204830,45.232368],[85.204280,45.234313],[85.203528,45.236971],[85.202069,45.242630],[85.201666,45.243456],[85.201925,45.244200],[85.204178,45.248214],[85.205368,45.250931],[85.206504,45.252711],[85.208624,45.254797],[85.209387,45.255318],[85.213197,45.258490],[85.214806,45.259951],[85.216823,45.261552],[85.218338,45.262969],[85.220014,45.264189],[85.222480,45.266590],[85.224339,45.268005],[85.225152,45.269212],[85.225820,45.270525],[85.226496,45.271221],[85.227582,45.273184],[85.235796,45.285600],[85.235987,45.285981],[85.237697,45.289396],[85.239406,45.292803],[85.239485,45.293054],[85.240553,45.296587],[85.241619,45.300129],[85.242687,45.303670],[85.243051,45.306136],[85.243573,45.309734],[85.244093,45.313336],[85.244632,45.315980],[85.245369,45.319561],[85.245465,45.321739],[85.245639,45.325355],[85.245813,45.328971],[85.244937,45.331679],[85.243799,45.335204],[85.242664,45.338734],[85.241917,45.340895],[85.240719,45.344412],[85.240250,45.346382],[85.239409,45.349951],[85.238576,45.353519],[85.238395,45.354938],[85.237960,45.358546],[85.239020,45.360754],[85.240668,45.364182],[85.242326,45.367606],[85.244245,45.369155],[85.244982,45.369752],[85.239926,45.375002],[85.239505,45.375559],[85.241500,45.378890],[85.244613,45.383676],[85.245674,45.385790],[85.247209,45.387894],[85.249430,45.391262],[85.251098,45.394121],[85.252486,45.396039],[85.274884,45.410564],[85.276601,45.411877],[85.277421,45.413005],[85.280180,45.417282],[85.280690,45.417901],[85.280968,45.418135],[85.281360,45.418167],[85.281746,45.418336],[85.282504,45.418845],[85.282845,45.419549],[85.282994,45.420712],[85.283475,45.421363],[85.285904,45.421648],[85.287875,45.422052],[85.288327,45.422074],[85.289425,45.421933],[85.292132,45.421369],[85.294252,45.420714],[85.296977,45.420444],[85.297917,45.420034],[85.298515,45.419629],[85.299382,45.419349],[85.302359,45.419296],[85.304240,45.418837],[85.304967,45.418522],[85.305372,45.418466],[85.306152,45.418660],[85.306890,45.419217],[85.307868,45.419714],[85.311911,45.421042],[85.313383,45.421876],[85.314344,45.421992],[85.315424,45.422276],[85.316573,45.422390],[85.318510,45.423041],[85.320416,45.423478],[85.321419,45.423481],[85.323169,45.423247],[85.350596,45.427984],[85.353714,45.428770],[85.363444,45.430923],[85.382025,45.434854],[85.388119,45.436233],[85.389236,45.436642],[85.391743,45.437899],[85.394499,45.439577],[85.397776,45.441321],[85.410459,45.448403],[85.413079,45.450202],[85.419635,45.453808],[85.421020,45.454754],[85.423533,45.455673],[85.426076,45.456767],[85.429133,45.457717],[85.430738,45.458423],[85.432724,45.459041],[85.433684,45.459471],[85.434431,45.459881],[85.438952,45.464425],[85.443933,45.468998],[85.447196,45.472287],[85.451448,45.476207],[85.461911,45.486429],[85.463990,45.488349],[85.473224,45.496681],[85.475864,45.498849],[85.478668,45.501536],[85.483167,45.505238],[85.491699,45.512643],[85.492423,45.513461],[85.492907,45.514376],[85.493936,45.516617],[85.498315,45.525474],[85.501974,45.533638],[85.502431,45.534166],[85.509050,45.544458],[85.510246,45.546683],[85.511350,45.548152],[85.511720,45.548477],[85.514186,45.549914],[85.516084,45.550893],[85.522878,45.555230],[85.529052,45.558918],[85.531373,45.560542],[85.532807,45.562811],[85.533685,45.563915],[85.534494,45.565368],[85.536554,45.568174],[85.538421,45.571067],[85.540626,45.574230],[85.541017,45.574927],[85.541248,45.575627],[85.543435,45.586875],[85.543583,45.587774],[85.543541,45.588985],[85.543893,45.589344],[85.544263,45.589469],[85.545157,45.589557],[85.545343,45.589668],[85.545755,45.590712],[85.546096,45.590837],[85.546446,45.591304],[85.547013,45.592270],[85.547335,45.593113],[85.547775,45.593318],[85.548414,45.593346],[85.549316,45.593159],[85.550272,45.593111],[85.552804,45.593539],[85.553237,45.593752],[85.553431,45.594063],[85.553557,45.595380],[85.553770,45.595670],[85.556310,45.597001],[85.556444,45.597299],[85.556215,45.597672],[85.556218,45.598014],[85.556452,45.598184],[85.556670,45.598266],[85.558005,45.598268],[85.558423,45.598347],[85.561943,45.600165],[85.563808,45.600352],[85.564699,45.600584],[85.565672,45.601037],[85.566396,45.601751],[85.566762,45.602709],[85.566627,45.604317],[85.566925,45.604993],[85.566394,45.605354],[85.566016,45.605480],[85.565547,45.605930],[85.564685,45.606505],[85.564288,45.607340],[85.564341,45.607582],[85.564574,45.607819],[85.565605,45.608064],[85.568145,45.608134],[85.568136,45.608522],[85.566842,45.609402],[85.566243,45.610092],[85.565665,45.611343],[85.565793,45.612351],[85.566548,45.613023],[85.567071,45.613354],[85.567389,45.613861],[85.567352,45.614314],[85.567208,45.614561],[85.566198,45.615614],[85.566144,45.615841],[85.566165,45.615986],[85.566930,45.616817],[85.566997,45.617204],[85.567230,45.617357],[85.567646,45.617376],[85.570295,45.616982],[85.570819,45.617059],[85.571710,45.617545],[85.572311,45.618086],[85.573470,45.618851],[85.573695,45.619290],[85.574954,45.619548],[85.575126,45.619859],[85.575074,45.620681],[85.575288,45.620915],[85.575457,45.621334],[85.576967,45.623104],[85.577869,45.624534],[85.580065,45.627006],[85.587104,45.633628],[85.590981,45.637499],[85.592552,45.638888],[85.594667,45.639974],[85.595959,45.640432],[85.596793,45.641140],[85.596916,45.641458],[85.596723,45.641895],[85.595377,45.643271],[85.594897,45.644121],[85.594809,45.647016],[85.595481,45.648132],[85.595346,45.648519],[85.594543,45.649486],[85.594199,45.650382],[85.593968,45.650722],[85.591969,45.651627],[85.591807,45.651800],[85.591828,45.651907],[85.592194,45.652164],[85.591943,45.652393],[85.591601,45.652516],[85.590601,45.652554],[85.590122,45.652770],[85.590070,45.652934],[85.590376,45.653330],[85.590632,45.653467],[85.591315,45.653602],[85.591509,45.653964],[85.591597,45.654420],[85.598573,45.674787],[85.602715,45.687632],[85.605036,45.693723],[85.606565,45.698336],[85.610951,45.710015],[85.612308,45.713974],[85.613258,45.718980],[85.614121,45.722615],[85.616244,45.738141],[85.616817,45.742924],[85.617840,45.747004],[85.619031,45.752431],[85.619466,45.753655],[85.620548,45.758705],[85.621361,45.763049],[85.623848,45.764384],[85.626155,45.765851],[85.629469,45.767639],[85.635886,45.771674],[85.637292,45.772361],[85.640834,45.773736],[85.642495,45.775236],[85.642808,45.775641],[85.642632,45.776515],[85.642265,45.777329],[85.642255,45.777729],[85.642368,45.778015],[85.642924,45.778774],[85.643857,45.779254],[85.644430,45.779303],[85.645935,45.779875],[85.646768,45.780554],[85.647726,45.781510],[85.647936,45.782198],[85.647929,45.782507],[85.647769,45.782688],[85.647056,45.782988],[85.645335,45.783407],[85.643615,45.784261],[85.643342,45.784700],[85.643230,45.785826],[85.642984,45.786615],[85.642047,45.787246],[85.641690,45.787659],[85.641650,45.788351],[85.642287,45.789195],[85.648832,45.794134],[85.649649,45.794951],[85.651549,45.796334],[85.652594,45.796891],[85.653672,45.797623],[85.655407,45.799104],[85.656661,45.799751],[85.657648,45.800737],[85.659419,45.802252],[85.659857,45.802479],[85.661501,45.802543],[85.662173,45.802987],[85.662803,45.803688],[85.663275,45.803983],[85.663761,45.804156],[85.665216,45.804151],[85.665800,45.804259],[85.666376,45.804722],[85.666458,45.805295],[85.666654,45.805598],[85.666949,45.805765],[85.668292,45.805963],[85.669751,45.806534],[85.670061,45.806839],[85.670074,45.807027],[85.669786,45.807829],[85.669907,45.808006],[85.670174,45.808088],[85.671695,45.808084],[85.672698,45.807956],[85.673043,45.808035],[85.673557,45.808351],[85.673730,45.808354],[85.673892,45.808348],[85.674342,45.808045],[85.674952,45.807832],[85.675929,45.808033],[85.676270,45.808313],[85.676408,45.808544],[85.676281,45.809085],[85.676317,45.809595],[85.677272,45.809971],[85.678896,45.810415],[85.679789,45.810890],[85.681068,45.810974],[85.681353,45.811078],[85.681795,45.811615],[85.681852,45.812000],[85.682068,45.812224],[85.684363,45.812376],[85.684593,45.812525],[85.684845,45.812791],[85.684892,45.813301],[85.684326,45.813966],[85.684396,45.814309],[85.684708,45.814501],[85.686134,45.815217],[85.687856,45.815307],[85.688076,45.815410],[85.688288,45.815797],[85.688298,45.816127],[85.688468,45.816297],[85.689287,45.816353],[85.690339,45.816167],[85.690655,45.816225],[85.691009,45.816706],[85.691108,45.817041],[85.691094,45.817659],[85.691224,45.817736],[85.691668,45.817700],[85.692214,45.817386],[85.693105,45.817176],[85.693399,45.817389],[85.693518,45.817666],[85.693512,45.817946],[85.692901,45.818476],[85.692752,45.818675],[85.692779,45.818830],[85.693625,45.819237],[85.694201,45.819708],[85.694564,45.819813],[85.695479,45.819846],[85.695667,45.819995],[85.695708,45.820271],[85.694989,45.821055],[85.694953,45.821309],[85.695582,45.821551],[85.695675,45.821707],[85.695760,45.822138],[85.695559,45.822565],[85.695628,45.822909],[85.695912,45.823079],[85.697083,45.823182],[85.699151,45.822821],[85.699701,45.822854],[85.699888,45.823044],[85.699883,45.823253],[85.699552,45.823845],[85.699546,45.824087],[85.699701,45.824357],[85.700625,45.824774],[85.701167,45.825181],[85.701796,45.825398],[85.704072,45.825595],[85.704702,45.825812],[85.704754,45.826134],[85.703979,45.826763],[85.703835,45.827049],[85.703926,45.827225],[85.704712,45.827403],[85.705273,45.827740],[85.705686,45.827770],[85.706063,45.827742],[85.706848,45.827464],[85.707657,45.827428],[85.707762,45.827550],[85.707677,45.827850],[85.707340,45.828201],[85.706991,45.828789],[85.707081,45.829036],[85.707298,45.829202],[85.708200,45.829314],[85.708340,45.829462],[85.708292,45.829958],[85.708373,45.830088],[85.708863,45.830141],[85.709518,45.829740],[85.709934,45.829603],[85.710723,45.829676],[85.711101,45.829881],[85.711174,45.830082],[85.711091,45.830323],[85.710422,45.831046],[85.710460,45.831443],[85.710755,45.831643],[85.711559,45.831832],[85.712029,45.832214],[85.712905,45.832609],[85.713294,45.832869],[85.713506,45.833281],[85.713677,45.833404],[85.714023,45.833454],[85.714612,45.833349],[85.716369,45.833417],[85.716555,45.833649],[85.716502,45.833895],[85.715573,45.834213],[85.715218,45.834563],[85.715154,45.834750],[85.715211,45.834843],[85.715635,45.835026],[85.717916,45.835115],[85.718874,45.835335],[85.719422,45.835718],[85.719436,45.836403],[85.719734,45.836465],[85.721396,45.836486],[85.722460,45.836298],[85.723659,45.836434],[85.723667,45.836856],[85.722496,45.837601],[85.722101,45.838106],[85.722074,45.838778],[85.722564,45.839314],[85.723192,45.839589],[85.724271,45.839468],[85.726044,45.838872],[85.726738,45.838860],[85.726908,45.838991],[85.727015,45.839293],[85.726975,45.839489],[85.725282,45.841059],[85.725355,45.841281],[85.725652,45.841351],[85.726846,45.841191],[85.727287,45.841284],[85.727610,45.841521],[85.727944,45.841555],[85.728679,45.841355],[85.729517,45.841311],[85.729706,45.841434],[85.729825,45.841690],[85.729724,45.841923],[85.729158,45.842388],[85.729121,45.842696],[85.729262,45.842798],[85.729626,45.842823],[85.729988,45.842686],[85.731052,45.841939],[85.731958,45.841803],[85.732106,45.842135],[85.731946,45.843636],[85.732099,45.843993],[85.732329,45.844150],[85.733411,45.843920],[85.733679,45.843945],[85.733974,45.844115],[85.734195,45.844414],[85.734008,45.844755],[85.732866,45.845768],[85.732839,45.846189],[85.734333,45.846482],[85.734695,45.846620],[85.734911,45.846865],[85.734907,45.847019],[85.734648,45.847379],[85.733670,45.847777],[85.733653,45.847986],[85.733776,45.848087],[85.734656,45.848352],[85.734884,45.848810],[85.735116,45.848888],[85.735373,45.848891],[85.735549,45.848772],[85.736021,45.848268],[85.736323,45.848130],[85.736670,45.848113],[85.736908,45.848157],[85.737496,45.848607],[85.739238,45.848527],[85.740742,45.849141],[85.741806,45.849717],[85.742208,45.850144],[85.742265,45.850541],[85.742135,45.850761],[85.741276,45.851477],[85.741316,45.851812],[85.741570,45.851936],[85.742059,45.851975],[85.742601,45.851826],[85.743752,45.851927],[85.743987,45.851863],[85.744279,45.851612],[85.745014,45.851357],[85.745958,45.851376],[85.746308,45.851514],[85.746507,45.851704],[85.746520,45.851904],[85.746000,45.852449],[85.746026,45.852604],[85.746292,45.852728],[85.746850,45.852660],[85.747589,45.852764],[85.747698,45.852945],[85.747610,45.853916],[85.747722,45.854026],[85.748883,45.854461],[85.749376,45.854884],[85.749371,45.855084],[85.749033,45.855489],[85.749077,45.855665],[85.750781,45.855651],[85.751208,45.855789],[85.751483,45.856055],[85.751522,45.856431],[85.751354,45.857018],[85.751409,45.857228],[85.751550,45.857329],[85.752687,45.857268],[85.752979,45.857003],[85.754552,45.856135],[85.755116,45.856049],[85.755433,45.856278],[85.755425,45.856654],[85.755226,45.857002],[85.754423,45.857611],[85.754356,45.857945],[85.754532,45.858097],[85.755794,45.858294],[85.755968,45.859089],[85.755728,45.860189],[85.755998,45.860417],[85.756417,45.860423],[85.757595,45.860076],[85.758346,45.860194],[85.758940,45.860825],[85.759178,45.861422],[85.758914,45.862012],[85.757632,45.862749],[85.757329,45.863456],[85.757573,45.863767],[85.757859,45.863812],[85.758267,45.863708],[85.760193,45.862585],[85.760634,45.862589],[85.761821,45.863462],[85.762533,45.863670],[85.763260,45.863744],[85.763724,45.864342],[85.763899,45.865095],[85.764523,45.865544],[85.764481,45.865761],[85.763735,45.866597],[85.763825,45.866865],[85.764168,45.866952],[85.765500,45.866682],[85.766169,45.866689],[85.766394,45.866775],[85.765386,45.868067],[85.765751,45.868271],[85.766858,45.868458],[85.767036,45.869061],[85.767533,45.869241],[85.769099,45.868639],[85.769446,45.868685],[85.769440,45.868885],[85.769042,45.869674],[85.768974,45.870033],[85.769157,45.870360],[85.769522,45.870589],[85.770034,45.870678],[85.772885,45.870264],[85.773325,45.870319],[85.773656,45.871074],[85.773936,45.871335],[85.774242,45.871497],[85.775101,45.871530],[85.775345,45.871858],[85.775183,45.872166],[85.774467,45.872693],[85.774377,45.872960],[85.774460,45.873069],[85.774874,45.873182],[85.775725,45.873082],[85.777155,45.872611],[85.777598,45.872591],[85.777917,45.872753],[85.777874,45.873061],[85.776083,45.874121],[85.776080,45.874279],[85.777014,45.874681],[85.777389,45.875044],[85.777718,45.875798],[85.778000,45.875993],[85.779617,45.875792],[85.780605,45.875317],[85.780952,45.875337],[85.781105,45.875431],[85.780942,45.875780],[85.779606,45.876276],[85.779597,45.876677],[85.779976,45.876856],[85.780357,45.876835],[85.780986,45.876515],[85.782252,45.876435],[85.782532,45.876789],[85.782791,45.878035],[85.783062,45.878673],[85.783496,45.879036],[85.784030,45.879191],[85.785212,45.879737],[85.785431,45.880065],[85.785516,45.880533],[85.786048,45.880822],[85.787310,45.880926],[85.788005,45.880841],[85.791054,45.880009],[85.791742,45.880216],[85.791828,45.880593],[85.791727,45.880834],[85.790442,45.881791],[85.790314,45.882215],[85.790389,45.882633],[85.790703,45.882945],[85.791297,45.883059],[85.792094,45.882649],[85.793168,45.882634],[85.794321,45.883421],[85.795417,45.884024],[85.796395,45.884017],[85.797186,45.883849],[85.797686,45.883962],[85.798283,45.884476],[85.798319,45.885512],[85.798429,45.885997],[85.798706,45.886417],[85.799514,45.887093],[85.799787,45.887755],[85.800125,45.888134],[85.800467,45.888270],[85.801696,45.888281],[85.801979,45.888443],[85.802013,45.888551],[85.801656,45.889033],[85.801613,45.889408],[85.801798,45.889652],[85.802292,45.889923],[85.803175,45.889973],[85.804441,45.889876],[85.804591,45.890161],[85.804618,45.890537],[85.804839,45.890806],[85.805551,45.891013],[85.805889,45.891350],[85.806009,45.891877],[85.805784,45.892359],[85.805837,45.892694],[85.807429,45.893501],[85.808461,45.893802],[85.808933,45.894049],[85.809858,45.894850],[85.810521,45.895098],[85.813021,45.894744],[85.813617,45.894749],[85.813924,45.894927],[85.814204,45.895197],[85.814140,45.895397],[85.813277,45.896182],[85.813319,45.896959],[85.814537,45.897479],[85.815918,45.897600],[85.816235,45.897861],[85.816346,45.898221],[85.815703,45.899318],[85.815313,45.899715],[85.815426,45.900000],[85.815685,45.900136],[85.816663,45.900103],[85.818198,45.900333],[85.821633,45.902041],[85.821972,45.902378],[85.821872,45.902594],[85.820615,45.902809],[85.820095,45.903138],[85.820160,45.903448],[85.821533,45.903944],[85.823105,45.904066],[85.823351,45.904285],[85.823571,45.904579],[85.823529,45.904862],[85.823111,45.905477],[85.822806,45.906359],[85.823048,45.906762],[85.823713,45.906918],[85.824118,45.906921],[85.824718,45.906751],[85.825613,45.906717],[85.826555,45.906725],[85.827781,45.906869],[85.828063,45.907088],[85.828004,45.908173],[85.828286,45.908376],[85.829792,45.908740],[85.830770,45.908790],[85.831645,45.909173],[85.832407,45.909246],[85.832653,45.909423],[85.833266,45.910364],[85.833955,45.910478],[85.834616,45.910834],[85.834610,45.911101],[85.834371,45.911717],[85.834386,45.912711],[85.834840,45.913182],[85.835809,45.913675],[85.836313,45.914122],[85.836705,45.914743],[85.837171,45.915273],[85.837316,45.915783],[85.837020,45.916265],[85.836477,45.918248],[85.837005,45.918678],[85.838918,45.919045],[85.839296,45.919223],[85.839444,45.919558],[85.839417,45.919733],[85.838701,45.920320],[85.838532,45.920962],[85.838559,45.921405],[85.838992,45.921826],[85.839719,45.921857],[85.844881,45.920881],[85.848151,45.921460],[85.848613,45.922199],[85.849906,45.923712],[85.850433,45.924134],[85.850813,45.924271],[85.851184,45.924232],[85.851606,45.924052],[85.852106,45.924081],[85.852136,45.924391],[85.851825,45.925557],[85.852044,45.925918],[85.852448,45.926005],[85.852831,45.925991],[85.853974,45.925533],[85.855098,45.924833],[85.856171,45.924341],[85.857166,45.924082],[85.858592,45.923852],[85.860759,45.924088],[85.862513,45.924704],[85.864471,45.924696],[85.865959,45.924926],[85.866837,45.925200],[85.867237,45.925513],[85.867743,45.927020],[85.868023,45.927373],[85.868960,45.927690],[85.869491,45.928004],[85.869650,45.928364],[85.869699,45.928916],[85.869103,45.930063],[85.868712,45.930452],[85.868707,45.930719],[85.868932,45.930829],[85.870759,45.930828],[85.871175,45.930941],[85.871361,45.931184],[85.870825,45.932282],[85.870376,45.932654],[85.870406,45.932896],[85.870655,45.933007],[85.873880,45.933018],[85.875296,45.933273],[85.875765,45.933694],[85.875971,45.934180],[85.876344,45.934610],[85.877700,45.934930],[85.879694,45.934990],[85.881448,45.935715],[85.881532,45.936284],[85.880703,45.936527],[85.880602,45.936785],[85.880656,45.937052],[85.880878,45.937322],[85.880870,45.937714],[85.880729,45.938180],[85.880341,45.938444],[85.879932,45.938591],[85.879674,45.938947],[85.879814,45.939700],[85.881168,45.940105],[85.883255,45.939748],[85.884089,45.939271],[85.885400,45.938907],[85.886214,45.938806],[85.886882,45.938895],[85.887352,45.939300],[85.887688,45.939854],[85.888394,45.941030],[85.888571,45.941699],[85.888369,45.942249],[85.887811,45.943279],[85.886570,45.943735],[85.885772,45.943569],[85.884360,45.943047],[85.883037,45.942885],[85.881554,45.942939],[85.879542,45.943739],[85.878029,45.945295],[85.877678,45.945484],[85.875816,45.945401],[85.875298,45.945580],[85.875042,45.945837],[85.875038,45.946062],[85.876426,45.947711],[85.876764,45.948173],[85.876853,45.948483],[85.876787,45.948791],[85.875288,45.949621],[85.875283,45.949888],[85.875490,45.950266],[85.875866,45.950620],[85.876806,45.950829],[85.878668,45.950912],[85.879274,45.951109],[85.879387,45.951444],[85.879411,45.952021],[85.879808,45.952483],[85.880276,45.952955],[85.881120,45.953188],[85.882171,45.953239],[85.882730,45.953378],[85.883842,45.953405],[85.884290,45.953100],[85.886076,45.952297],[85.886618,45.952110],[85.887285,45.952200],[85.887587,45.952670],[85.886523,45.953830],[85.886577,45.954139],[85.886898,45.954234],[85.888285,45.954221],[85.889163,45.954605],[85.890588,45.954510],[85.891472,45.954559],[85.891943,45.954898],[85.892586,45.955672],[85.892904,45.955900],[85.893979,45.956019],[85.895021,45.955937],[85.895495,45.956141],[85.895737,45.956611],[85.895630,45.957203],[85.895163,45.958418],[85.895601,45.958639],[85.895985,45.958601],[85.897130,45.958169],[85.900917,45.957278],[85.902975,45.957339],[85.903377,45.957569],[85.904236,45.958946],[85.903907,45.959820],[85.903576,45.960259],[85.901386,45.960798],[85.899058,45.961719],[85.898282,45.962263],[85.897353,45.963248],[85.897047,45.964155],[85.897291,45.964533],[85.898117,45.964516],[85.899323,45.964085],[85.902532,45.963414],[85.907337,45.962575],[85.908997,45.962191],[85.910351,45.962162],[85.911116,45.962262],[85.911362,45.962548],[85.911308,45.963432],[85.910607,45.963776],[85.909899,45.964454],[85.909307,45.965308],[85.909709,45.966197],[85.910608,45.966782],[85.911651,45.967318],[85.913685,45.966854],[85.914954,45.966917],[85.916243,45.967172],[85.917956,45.967189],[85.918373,45.967277],[85.918776,45.967507],[85.919171,45.968471],[85.919375,45.969387],[85.919612,45.969523],[85.919971,45.969527],[85.920646,45.969379],[85.926581,45.967453],[85.928206,45.967136],[85.929141,45.966528],[85.930014,45.965385],[85.930562,45.964974],[85.931070,45.964762],[85.932252,45.964399],[85.933780,45.964173],[85.935829,45.963635],[85.940102,45.962295],[85.940510,45.962300],[85.940865,45.962571],[85.943159,45.963715],[85.943905,45.964257],[85.943991,45.964768],[85.943621,45.965933],[85.942939,45.967077],[85.941644,45.968257],[85.941122,45.968577],[85.939378,45.968800],[85.938796,45.969128],[85.938320,45.969524],[85.938175,45.970223],[85.938038,45.970447],[85.937374,45.970682],[85.936071,45.972305],[85.933704,45.973098],[85.932487,45.973986],[85.931922,45.975308],[85.932307,45.976506],[85.933207,45.977710],[85.936404,45.979973],[85.939606,45.981928],[85.939908,45.982458],[85.939762,45.983207],[85.938262,45.986949],[85.937940,45.987454],[85.937515,45.987734],[85.937044,45.987846],[85.936717,45.988034],[85.935745,45.989268],[85.935898,45.991273],[85.936300,45.991586],[85.937221,45.991797],[85.938330,45.992184],[85.939468,45.992289],[85.941369,45.992702],[85.942276,45.993004],[85.943156,45.993431],[85.946220,45.995218],[85.949251,45.997565],[85.951829,45.999097],[85.954629,46.001292],[85.954572,46.001842],[85.953434,46.004183],[85.952155,46.006373],[85.952039,46.007416],[85.952021,46.009603],[85.952203,46.013980],[85.952083,46.018371],[85.952169,46.018948],[85.952694,46.019747],[85.955592,46.022894],[85.960603,46.028787],[85.961183,46.029938],[85.961456,46.030759],[85.961583,46.032306],[85.961561,46.033524],[85.962103,46.038565],[85.962491,46.044799],[85.964009,46.045325],[85.966541,46.046373],[85.973524,46.049460],[85.985687,46.054479],[85.986665,46.055000],[85.988283,46.055462],[86.002288,46.058699],[86.004789,46.059147],[86.005770,46.059517],[86.010262,46.061641],[86.013931,46.063161],[86.016021,46.064188],[86.024301,46.067948],[86.024510,46.068392],[86.024289,46.070001],[86.022811,46.072498],[86.019954,46.074060],[86.016426,46.076625],[86.014609,46.078549],[86.013748,46.080125],[86.013017,46.081954],[86.011924,46.086408],[86.011520,46.087464],[86.011306,46.088631],[86.010502,46.090449],[86.009489,46.091857],[86.006574,46.094725],[86.003419,46.097238],[86.002943,46.097963],[86.002722,46.098867],[86.002846,46.099666],[86.004132,46.100787],[86.004795,46.101497],[86.005155,46.102236],[86.004890,46.103288],[86.004232,46.104300],[86.003548,46.105072],[86.002356,46.106056],[86.000671,46.106925],[85.999572,46.107623],[85.998567,46.108563],[85.998438,46.110331],[85.997772,46.112502],[85.996813,46.114111],[85.995786,46.116219],[85.993150,46.123896],[85.992572,46.124482],[85.990004,46.126471],[85.979606,46.133229],[85.955583,46.149150],[85.932525,46.163944],[85.926932,46.167917],[85.922256,46.170884],[85.909065,46.179001],[85.905907,46.181238],[85.905342,46.181541],[85.902921,46.181839],[85.898403,46.182168],[85.892298,46.182257],[85.887940,46.182460],[85.884824,46.182464],[85.879360,46.182657],[85.873784,46.183581],[85.868340,46.184285],[85.863022,46.185100],[85.862753,46.185064],[85.862522,46.184920],[85.860274,46.183122],[85.859208,46.182483],[85.858347,46.181758],[85.856673,46.180662],[85.855212,46.180019],[85.854519,46.179871],[85.853692,46.179898],[85.852993,46.180067],[85.851324,46.180187],[85.850067,46.180398],[85.846746,46.181242],[85.845543,46.182017],[85.844119,46.181905],[85.843509,46.182130],[85.842205,46.182286],[85.841909,46.182129],[85.841586,46.181805],[85.841218,46.181029],[85.840802,46.180575],[85.839542,46.180076],[85.839112,46.179997],[85.838609,46.180014],[85.837915,46.180484],[85.837518,46.180556],[85.836218,46.180536],[85.833291,46.180950],[85.830131,46.181278],[85.828417,46.181285],[85.827851,46.181159],[85.826593,46.180551],[85.825908,46.180612],[85.824920,46.180879],[85.823747,46.180794],[85.823038,46.180049],[85.822105,46.179653],[85.817634,46.179636],[85.817037,46.179530],[85.814658,46.178132],[85.814168,46.178040],[85.813860,46.178146],[85.809281,46.183154],[85.806874,46.186072],[85.806611,46.186278],[85.804527,46.187287],[85.798150,46.190123],[85.793030,46.192230],[85.792143,46.192731],[85.791455,46.192892],[85.783818,46.192840],[85.764816,46.193001],[85.752604,46.192935],[85.741937,46.192673],[85.716814,46.192893],[85.713002,46.193121],[85.711919,46.193095],[85.706253,46.192163],[85.705043,46.192113],[85.704482,46.192139],[85.701176,46.193104],[85.698065,46.193158],[85.696236,46.193025],[85.694054,46.192266],[85.692632,46.192247],[85.688646,46.191813],[85.683151,46.191216],[85.680261,46.190814],[85.679874,46.190841],[85.677226,46.192188],[85.671311,46.194712],[85.662781,46.198651],[85.660750,46.199354],[85.660119,46.199763],[85.660015,46.200096],[85.660058,46.200292],[85.660442,46.200874],[85.660426,46.201041],[85.660042,46.201707],[85.658826,46.201867],[85.656766,46.202523],[85.655670,46.202973],[85.654225,46.204125],[85.653121,46.205392],[85.652367,46.206882],[85.651557,46.208177],[85.651249,46.208946],[85.651152,46.209708],[85.650783,46.210517],[85.650468,46.210814],[85.648288,46.211946],[85.647172,46.211972],[85.646251,46.211651],[85.645862,46.211302],[85.644061,46.210782],[85.640992,46.210324],[85.639991,46.210097],[85.636782,46.209745],[85.632306,46.209443],[85.631047,46.209447],[85.630667,46.209455],[85.630248,46.209591],[85.629539,46.209991],[85.627727,46.210464],[85.624170,46.211061],[85.620231,46.211319],[85.619714,46.211541],[85.619209,46.211978],[85.618663,46.212158],[85.614965,46.212199],[85.614648,46.212119],[85.613709,46.211644],[85.608913,46.211120],[85.607837,46.210852],[85.607524,46.210626],[85.606646,46.208692],[85.606070,46.208145],[85.605403,46.207673],[85.604032,46.206905],[85.603010,46.206437],[85.602490,46.206309],[85.601903,46.206203],[85.601439,46.206229],[85.600074,46.206922],[85.599432,46.207136],[85.597636,46.207055],[85.594562,46.207106],[85.593531,46.207007],[85.592868,46.206810],[85.591761,46.205936],[85.590757,46.205945],[85.588520,46.205764],[85.588017,46.205683],[85.587309,46.205407],[85.586529,46.205345],[85.584129,46.205470],[85.583668,46.205398],[85.583139,46.204942],[85.582989,46.204471],[85.582925,46.202750],[85.582866,46.202509],[85.582667,46.202292],[85.581663,46.201871],[85.580252,46.201605],[85.577428,46.200257],[85.576578,46.199938],[85.574269,46.199612],[85.573440,46.199635],[85.572825,46.199507],[85.571643,46.199019],[85.570904,46.198822],[85.570219,46.198405],[85.569369,46.198066],[85.567914,46.197740],[85.567171,46.197698],[85.565769,46.197858],[85.564332,46.198210],[85.562582,46.198366],[85.561477,46.198187],[85.558096,46.198117],[85.557528,46.198035],[85.553373,46.196213],[85.551501,46.195575],[85.549304,46.195229],[85.548410,46.194798],[85.547120,46.194387],[85.545966,46.193857],[85.542751,46.191925],[85.540017,46.189717],[85.538702,46.189130],[85.536870,46.188870],[85.534510,46.188888],[85.532994,46.188675],[85.531844,46.188229],[85.530666,46.187269],[85.529212,46.185409],[85.527007,46.184338],[85.526013,46.183685],[85.524371,46.182842],[85.521605,46.181929],[85.520358,46.181782],[85.519227,46.181528],[85.517579,46.181370],[85.514560,46.180567],[85.510688,46.179213],[85.507253,46.177850],[85.506350,46.177390],[85.505453,46.176032],[85.504831,46.174887],[85.504569,46.174620],[85.504100,46.174494],[85.502493,46.174475],[85.501735,46.174285],[85.501179,46.173803],[85.499228,46.172936],[85.498609,46.172387],[85.497778,46.171439],[85.497572,46.171329],[85.495673,46.170720],[85.495238,46.170453],[85.494047,46.170011],[85.492567,46.169640],[85.490412,46.168557],[85.490170,46.167980],[85.488641,46.167445],[85.487678,46.167206],[85.483481,46.167271],[85.482991,46.167220],[85.482220,46.166949],[85.481995,46.166670],[85.481714,46.165761],[85.481564,46.164908],[85.481368,46.164644],[85.480776,46.164194],[85.480582,46.163825],[85.480683,46.163650],[85.482161,46.163436],[85.482522,46.163148],[85.482558,46.162706],[85.482325,46.162043],[85.481964,46.161885],[85.481351,46.161778],[85.480015,46.162032],[85.479621,46.162007],[85.474997,46.160133],[85.473490,46.159640],[85.470263,46.158370],[85.467360,46.157445],[85.461619,46.155878],[85.459148,46.155374],[85.457256,46.154271],[85.455352,46.153794],[85.453903,46.153548],[85.452036,46.152817],[85.451083,46.152840],[85.449834,46.153368],[85.449082,46.153458],[85.448239,46.153173],[85.447575,46.152480],[85.446633,46.152093],[85.445952,46.152019],[85.444662,46.151635],[85.441763,46.151560],[85.441197,46.151452],[85.439854,46.150575],[85.437993,46.150231],[85.437294,46.149713],[85.435830,46.148280],[85.433416,46.146672],[85.433021,46.146015],[85.432997,46.145163],[85.433294,46.144220],[85.434080,46.142740],[85.434159,46.141622],[85.435908,46.140428],[85.436472,46.139555],[85.436466,46.139153],[85.436131,46.138685],[85.434194,46.136995],[85.433544,46.136035],[85.433361,46.135094],[85.433132,46.134694],[85.432152,46.133522],[85.431261,46.131944],[85.431019,46.131621],[85.430812,46.131497],[85.430021,46.131474],[85.428919,46.131574],[85.427083,46.131860],[85.426253,46.131445],[85.422960,46.131204],[85.419386,46.128108],[85.416709,46.127865],[85.414879,46.128749],[85.414468,46.128753],[85.413651,46.128760],[85.412408,46.128491],[85.411798,46.128788],[85.410853,46.131806],[85.408641,46.133692],[85.406611,46.134437],[85.406247,46.134443],[85.405774,46.134720],[85.402324,46.136236],[85.398798,46.136186],[85.397561,46.136544],[85.394876,46.137699],[85.394722,46.138052],[85.394884,46.138882],[85.394987,46.140298],[85.394693,46.140678],[85.394381,46.140861],[85.391402,46.142199],[85.390818,46.142621],[85.390332,46.143219],[85.390020,46.144433],[85.389912,46.145643],[85.389521,46.146280],[85.388307,46.146245],[85.385659,46.145454],[85.384207,46.144898],[85.382487,46.144055],[85.380092,46.143605],[85.377789,46.144252],[85.363059,46.147772],[85.347789,46.151552],[85.343242,46.152096],[85.338034,46.151355],[85.335696,46.151541],[85.333766,46.153026],[85.333132,46.154992],[85.331957,46.155856],[85.330437,46.156265],[85.328197,46.156573],[85.324778,46.157374],[85.323309,46.158864],[85.321971,46.159192],[85.319492,46.158936],[85.319071,46.158649],[85.316814,46.159106],[85.313723,46.159137],[85.312705,46.159722],[85.312108,46.160728],[85.310670,46.160597],[85.309201,46.159898],[85.308176,46.160053],[85.307373,46.160776],[85.307632,46.163065],[85.307029,46.163496],[85.304566,46.164093],[85.303143,46.164970],[85.298799,46.164304],[85.296328,46.164616],[85.296780,46.166044],[85.297200,46.166321],[85.296627,46.168190],[85.293790,46.170078],[85.293216,46.171940],[85.292811,46.172230],[85.290135,46.172402],[85.287864,46.172150],[85.287253,46.172436],[85.287520,46.175004],[85.287329,46.175442],[85.286106,46.176168],[85.281971,46.175499],[85.278677,46.175823],[85.277462,46.176550],[85.277065,46.177129],[85.276690,46.178850],[85.275468,46.179433],[85.270739,46.179627],[85.269583,46.179889],[85.268073,46.180232],[85.264828,46.182278],[85.261949,46.182304],[85.261330,46.182169],[85.259857,46.181192],[85.257795,46.181070],[85.256162,46.181523],[85.252910,46.183271],[85.249622,46.183455],[85.245486,46.182654],[85.242404,46.182689],[85.240970,46.182991],[85.238942,46.184310],[85.231584,46.185971],[85.229320,46.186002],[85.227478,46.184494],[85.224551,46.184955],[85.220511,46.185952],[85.215623,46.187157],[85.214357,46.187583],[85.209686,46.189151],[85.205016,46.190725],[85.201655,46.191950],[85.197055,46.193624],[85.196579,46.193759],[85.191771,46.195120],[85.186965,46.196484],[85.182158,46.197842],[85.178720,46.198178],[85.173585,46.198687],[85.171446,46.198934],[85.166328,46.199537],[85.166190,46.199533],[85.161011,46.199539],[85.155822,46.199542],[85.156775,46.199685],[85.151743,46.199862],[85.146562,46.200049],[85.143521,46.199936],[85.138339,46.199744],[85.137463,46.200132],[85.133086,46.202064],[85.128691,46.203994],[85.127755,46.204179],[85.122769,46.205173],[85.117773,46.206169],[85.116836,46.206257],[85.111690,46.206724],[85.106526,46.207195],[85.103965,46.207629],[85.098911,46.208484],[85.096288,46.209007],[85.091284,46.209996],[85.087721,46.210675],[85.082697,46.211625],[85.077680,46.212581],[85.077480,46.212645],[85.072748,46.214150],[85.068024,46.215658],[85.066762,46.216341],[85.062662,46.218560],[85.062419,46.218695],[85.058362,46.220956],[85.054313,46.223214],[85.050254,46.225475],[85.048991,46.226157],[85.044888,46.228375],[85.041394,46.230918],[85.037813,46.233530],[85.036313,46.235136],[85.033489,46.238171],[85.030674,46.241192],[85.029332,46.242277],[85.025924,46.245003],[85.024023,46.245787],[85.019559,46.247654],[85.017048,46.249508],[85.013481,46.252131],[85.009748,46.253878],[85.005431,46.255900],[85.003792,46.256632],[84.999414,46.258585],[84.995036,46.260542],[84.994914,46.260607],[84.990771,46.262794],[84.986629,46.264986],[84.986062,46.265367],[84.982304,46.267860],[84.978538,46.270349],[84.978050,46.270612],[84.973927,46.272818],[84.969803,46.275016],[84.969411,46.275349],[84.966057,46.278101],[84.962702,46.280857],[84.961012,46.282450],[84.957945,46.285359],[84.956726,46.286632],[84.953860,46.289642],[84.951596,46.292037],[84.948749,46.295056],[84.947478,46.296980],[84.945310,46.300257],[84.943804,46.301197],[84.939922,46.303611],[84.937251,46.306115],[84.934153,46.309014],[84.933327,46.309859],[84.930413,46.312846],[84.927882,46.314444],[84.924030,46.316871],[84.923126,46.317565],[84.919607,46.320227],[84.917765,46.322873],[84.915497,46.326114],[84.914959,46.327224],[84.913299,46.330639],[84.911659,46.334064],[84.911355,46.336173],[84.910843,46.339762],[84.909888,46.341992],[84.908385,46.345442],[84.907343,46.347122],[84.905252,46.350473],[84.902708,46.353620],[84.900165,46.356766],[84.899948,46.358923],[84.899610,46.362521],[84.899264,46.366124],[84.899307,46.367092],[84.899481,46.370694],[84.900054,46.372877],[84.900992,46.376431],[84.901045,46.377620],[84.901202,46.381224],[84.901550,46.382708],[84.902401,46.386267],[84.902453,46.387296],[84.902653,46.390898],[84.902845,46.394505],[84.902620,46.395782],[84.901960,46.399363],[84.901318,46.402939],[84.899765,46.406099],[84.898099,46.409515],[84.896424,46.412932],[84.894568,46.414096],[84.890707,46.416519],[84.889310,46.419246],[84.887567,46.422651],[84.885704,46.425252],[84.883380,46.428483],[84.881056,46.431810],[84.880961,46.435413],[84.880866,46.439020],[84.881197,46.441385],[84.881700,46.444970],[84.881648,46.445761],[84.881414,46.449364],[84.881172,46.452962],[84.880062,46.454496],[84.877731,46.457723],[84.878121,46.459429],[84.878928,46.462992],[84.880871,46.465391],[84.883420,46.468531],[84.884418,46.469768],[84.886951,46.472917],[84.887601,46.473702],[84.890171,46.476839],[84.890613,46.478996],[84.891342,46.482568],[84.891412,46.482855],[84.892211,46.486418],[84.893018,46.489982],[84.893818,46.493545],[84.891996,46.496121],[84.889697,46.499356],[84.887528,46.502374],[84.885213,46.505610],[84.882924,46.507187],[84.879239,46.509739],[84.876153,46.511031],[84.871689,46.512900],[84.870164,46.513279],[84.865259,46.514493],[84.863145,46.515195],[84.858442,46.516760],[84.858303,46.516908],[84.855471,46.519938],[84.852639,46.522969],[84.849755,46.525001],[84.846101,46.527577],[84.842438,46.530154],[84.837841,46.531817],[84.833226,46.533484],[84.828827,46.535246],[84.824307,46.537052],[84.821424,46.538659],[84.817363,46.540919],[84.816238,46.543765],[84.814862,46.547249],[84.814689,46.547275],[84.809571,46.547983],[84.804461,46.548695],[84.803898,46.548821],[84.798943,46.549936],[84.793978,46.551051],[84.789342,46.552116],[84.784385,46.553255],[84.779435,46.554389],[84.777146,46.555720],[84.773159,46.558050],[84.772152,46.558667],[84.768257,46.561070],[84.767434,46.561426],[84.763018,46.563351],[84.758593,46.565276],[84.757846,46.565845],[84.754314,46.568506],[84.750789,46.571164],[84.749366,46.572145],[84.745667,46.574692],[84.741967,46.577239],[84.740873,46.577990],[84.737180,46.580541],[84.733488,46.583091],[84.730124,46.585050],[84.726136,46.587378],[84.724718,46.588427],[84.721163,46.591067],[84.719667,46.592390],[84.716476,46.595239],[84.714510,46.596591],[84.710814,46.599134],[84.708874,46.601536],[84.706343,46.604684],[84.703716,46.607619],[84.700984,46.610689],[84.698235,46.613753],[84.695659,46.616840],[84.693040,46.619957],[84.692048,46.621749],[84.690186,46.625114],[84.688316,46.628476],[84.688159,46.629101],[84.687245,46.632646],[84.686332,46.636192],[84.687002,46.639471],[84.687725,46.643037],[84.688458,46.646612],[84.689067,46.647871],[84.690730,46.651292],[84.691670,46.652566],[84.694029,46.655792],[84.694325,46.656152],[84.696901,46.659296],[84.699477,46.662439],[84.700818,46.663775],[84.703794,46.666749],[84.704813,46.667593],[84.708163,46.670372],[84.709807,46.671495],[84.713539,46.674036],[84.715061,46.675453],[84.718184,46.678354],[84.718462,46.678788],[84.720524,46.682104],[84.722593,46.685419],[84.723298,46.687660],[84.724395,46.691191],[84.725491,46.694709],[84.725743,46.696537],[84.726247,46.700124],[84.726743,46.703711],[84.726109,46.706299],[84.725232,46.709845],[84.725432,46.712460],[84.725711,46.716060],[84.725841,46.716372],[84.727311,46.719834],[84.728780,46.723296],[84.728867,46.723453],[84.730877,46.726789],[84.732885,46.730116],[84.733537,46.730929],[84.736092,46.734079],[84.738629,46.737233],[84.738872,46.737412],[84.742356,46.740105],[84.745849,46.742794],[84.749444,46.745322],[84.753109,46.747897],[84.756816,46.750164],[84.760731,46.752560],[84.761226,46.753636],[84.762814,46.757071],[84.764402,46.760500],[84.764473,46.761960],[84.764647,46.765560],[84.764586,46.766372],[84.764283,46.769967],[84.763988,46.773567],[84.764049,46.776159],[84.764146,46.779767],[84.764119,46.779902],[84.763494,46.783476],[84.762871,46.787058],[84.762654,46.787910],[84.762288,46.789365],[84.762300,46.790082],[84.761476,46.790948],[84.761927,46.792802],[84.761317,46.794095],[84.762377,46.794944],[84.767190,46.797196],[84.769896,46.797598],[84.772396,46.797582],[84.775536,46.798172],[84.781155,46.800118],[84.789512,46.802435],[84.792429,46.803118],[84.799716,46.804337],[84.801376,46.804466],[84.803264,46.805588],[84.803691,46.806163],[84.808328,46.810404],[84.813353,46.812931],[84.820020,46.814297],[84.821276,46.815282],[84.821504,46.816420],[84.819678,46.818729],[84.819701,46.820160],[84.820766,46.823456],[84.821650,46.825432],[84.820977,46.826416],[84.820725,46.826506],[84.820656,46.826664],[84.822050,46.832166],[84.828378,46.832553],[84.830443,46.832828],[84.832617,46.833261],[84.834206,46.833887],[84.835072,46.834591],[84.836130,46.835460],[84.836467,46.836195],[84.836596,46.837038],[84.836485,46.837765],[84.836579,46.838467],[84.836959,46.839175],[84.837277,46.840357],[84.837866,46.841937],[84.838174,46.842391],[84.839150,46.843417],[84.841084,46.844992],[84.842798,46.845947],[84.844119,46.846530],[84.845255,46.846634],[84.848353,46.846603],[84.852002,46.846022],[84.853263,46.846071],[84.856093,46.846625],[84.858080,46.846663],[84.859605,46.846860],[84.861775,46.847301],[84.862994,46.847803],[84.868031,46.850433],[84.871797,46.851569],[84.873452,46.852499],[84.876104,46.853352],[84.878343,46.854942],[84.879403,46.855503],[84.880945,46.855903],[84.884447,46.855810],[84.886333,46.855471],[84.887425,46.855274],[84.891116,46.853852],[84.893172,46.853812],[84.895246,46.853322],[84.895924,46.853319],[84.897474,46.853533],[84.900883,46.853596],[84.903509,46.853752],[84.905778,46.853515],[84.907212,46.853263],[84.908662,46.853181],[84.910921,46.852634],[84.913900,46.851605],[84.915542,46.851248],[84.916610,46.851129],[84.917537,46.851131],[84.918549,46.851274],[84.921871,46.852531],[84.923360,46.852844],[84.924648,46.852884],[84.925715,46.852812],[84.928723,46.852281],[84.930391,46.852452],[84.933853,46.853078],[84.934545,46.853339],[84.935999,46.854406],[84.938110,46.856618],[84.938469,46.857308],[84.938763,46.858476],[84.939076,46.859180],[84.939510,46.859685],[84.940624,46.860172],[84.943604,46.861920|84.795312,46.972533],[84.810272,46.968792],[84.822742,46.967024],[84.829011,46.966136],[84.849394,46.956940],[84.850909,46.950750],[84.859059,46.936879],[84.866942,46.927531],[84.883690,46.916913],[84.900625,46.903286],[84.914633,46.889593],[84.929915,46.869272],[84.934473,46.863985],[84.940460,46.862148],[84.943604,46.861920],[84.940624,46.860172],[84.939510,46.859685],[84.939076,46.859180],[84.938763,46.858476],[84.938469,46.857308],[84.938110,46.856618],[84.935999,46.854406],[84.934545,46.853339],[84.933853,46.853078],[84.930391,46.852452],[84.928723,46.852281],[84.925715,46.852812],[84.924648,46.852884],[84.923360,46.852844],[84.921871,46.852531],[84.918549,46.851274],[84.917537,46.851131],[84.916610,46.851129],[84.915542,46.851248],[84.913900,46.851605],[84.910921,46.852634],[84.908662,46.853181],[84.907212,46.853263],[84.905778,46.853515],[84.903509,46.853752],[84.900883,46.853596],[84.897474,46.853533],[84.895924,46.853319],[84.895246,46.853322],[84.893172,46.853812],[84.891116,46.853852],[84.887425,46.855274],[84.886333,46.855471],[84.884447,46.855810],[84.880945,46.855903],[84.879403,46.855503],[84.878343,46.854942],[84.876104,46.853352],[84.873452,46.852499],[84.871797,46.851569],[84.868031,46.850433],[84.862994,46.847803],[84.861775,46.847301],[84.859605,46.846860],[84.858080,46.846663],[84.856093,46.846625],[84.853263,46.846071],[84.852002,46.846022],[84.848353,46.846603],[84.845255,46.846634],[84.844119,46.846530],[84.842798,46.845947],[84.841084,46.844992],[84.839150,46.843417],[84.838174,46.842391],[84.837866,46.841937],[84.837277,46.840357],[84.836959,46.839175],[84.836579,46.838467],[84.836485,46.837765],[84.836596,46.837038],[84.836467,46.836195],[84.836130,46.835460],[84.835072,46.834591],[84.834206,46.833887],[84.832617,46.833261],[84.830443,46.832828],[84.828378,46.832553],[84.822050,46.832166],[84.820656,46.826664],[84.820725,46.826506],[84.820977,46.826416],[84.821650,46.825432],[84.820766,46.823456],[84.819701,46.820160],[84.819678,46.818729],[84.821504,46.816420],[84.821276,46.815282],[84.820020,46.814297],[84.813353,46.812931],[84.808328,46.810404],[84.803691,46.806163],[84.803264,46.805588],[84.801376,46.804466],[84.799716,46.804337],[84.792429,46.803118],[84.789512,46.802435],[84.781155,46.800118],[84.775536,46.798172],[84.772396,46.797582],[84.769896,46.797598],[84.767190,46.797196],[84.762377,46.794944],[84.761317,46.794095],[84.761927,46.792802],[84.761476,46.790948],[84.762300,46.790082],[84.762288,46.789365],[84.762654,46.787910],[84.762871,46.787058],[84.763494,46.783476],[84.764119,46.779902],[84.764146,46.779767],[84.764049,46.776159],[84.763988,46.773567],[84.764283,46.769967],[84.764586,46.766372],[84.764647,46.765560],[84.764473,46.761960],[84.764402,46.760500],[84.762814,46.757071],[84.761226,46.753636],[84.760731,46.752560],[84.756816,46.750164],[84.753109,46.747897],[84.749444,46.745322],[84.745849,46.742794],[84.742356,46.740105],[84.738872,46.737412],[84.738629,46.737233],[84.736092,46.734079],[84.733537,46.730929],[84.732885,46.730116],[84.730877,46.726789],[84.728867,46.723453],[84.728780,46.723296],[84.727311,46.719834],[84.725841,46.716372],[84.725711,46.716060],[84.725432,46.712460],[84.725232,46.709845],[84.726109,46.706299],[84.726743,46.703711],[84.726247,46.700124],[84.725743,46.696537],[84.725491,46.694709],[84.724395,46.691191],[84.723298,46.687660],[84.722593,46.685419],[84.720524,46.682104],[84.718462,46.678788],[84.718184,46.678354],[84.715061,46.675453],[84.713539,46.674036],[84.709807,46.671495],[84.708163,46.670372],[84.704813,46.667593],[84.703794,46.666749],[84.700818,46.663775],[84.699477,46.662439],[84.696901,46.659296],[84.694325,46.656152],[84.694029,46.655792],[84.691670,46.652566],[84.690730,46.651292],[84.689067,46.647871],[84.688458,46.646612],[84.687725,46.643037],[84.687002,46.639471],[84.686332,46.636192],[84.687245,46.632646],[84.688159,46.629101],[84.688316,46.628476],[84.690186,46.625114],[84.692048,46.621749],[84.693040,46.619957],[84.695659,46.616840],[84.698235,46.613753],[84.700984,46.610689],[84.703716,46.607619],[84.706343,46.604684],[84.708874,46.601536],[84.710814,46.599134],[84.714510,46.596591],[84.716476,46.595239],[84.719667,46.592390],[84.721163,46.591067],[84.724718,46.588427],[84.726136,46.587378],[84.730124,46.585050],[84.733488,46.583091],[84.737180,46.580541],[84.740873,46.577990],[84.741967,46.577239],[84.745667,46.574692],[84.749366,46.572145],[84.750789,46.571164],[84.754314,46.568506],[84.757846,46.565845],[84.758593,46.565276],[84.763018,46.563351],[84.767434,46.561426],[84.768257,46.561070],[84.772152,46.558667],[84.773159,46.558050],[84.777146,46.555720],[84.779435,46.554389],[84.784385,46.553255],[84.789342,46.552116],[84.793978,46.551051],[84.798943,46.549936],[84.803898,46.548821],[84.804461,46.548695],[84.809571,46.547983],[84.814689,46.547275],[84.814862,46.547249],[84.816238,46.543765],[84.817363,46.540919],[84.821424,46.538659],[84.824307,46.537052],[84.828827,46.535246],[84.833226,46.533484],[84.837841,46.531817],[84.842438,46.530154],[84.846101,46.527577],[84.849755,46.525001],[84.852639,46.522969],[84.855471,46.519938],[84.858303,46.516908],[84.858442,46.516760],[84.863145,46.515195],[84.865259,46.514493],[84.870164,46.513279],[84.871689,46.512900],[84.876153,46.511031],[84.879239,46.509739],[84.882924,46.507187],[84.885213,46.505610],[84.887528,46.502374],[84.889697,46.499356],[84.891996,46.496121],[84.893818,46.493545],[84.893018,46.489982],[84.892211,46.486418],[84.891412,46.482855],[84.891342,46.482568],[84.890613,46.478996],[84.890171,46.476839],[84.887601,46.473702],[84.886951,46.472917],[84.884418,46.469768],[84.883420,46.468531],[84.880871,46.465391],[84.878928,46.462992],[84.878121,46.459429],[84.877731,46.457723],[84.880062,46.454496],[84.881172,46.452962],[84.881414,46.449364],[84.881648,46.445761],[84.881700,46.444970],[84.881197,46.441385],[84.880866,46.439020],[84.880961,46.435413],[84.881056,46.431810],[84.883380,46.428483],[84.885704,46.425252],[84.887567,46.422651],[84.889310,46.419246],[84.890707,46.416519],[84.894568,46.414096],[84.896424,46.412932],[84.898099,46.409515],[84.899765,46.406099],[84.901318,46.402939],[84.901960,46.399363],[84.902620,46.395782],[84.902845,46.394505],[84.902653,46.390898],[84.902453,46.387296],[84.902401,46.386267],[84.901550,46.382708],[84.901202,46.381224],[84.901045,46.377620],[84.900992,46.376431],[84.900054,46.372877],[84.899481,46.370694],[84.899307,46.367092],[84.899264,46.366124],[84.899610,46.362521],[84.899948,46.358923],[84.900165,46.356766],[84.902708,46.353620],[84.905252,46.350473],[84.907343,46.347122],[84.908385,46.345442],[84.909888,46.341992],[84.910843,46.339762],[84.911355,46.336173],[84.911659,46.334064],[84.913299,46.330639],[84.914959,46.327224],[84.915497,46.326114],[84.917765,46.322873],[84.919607,46.320227],[84.923126,46.317565],[84.924030,46.316871],[84.927882,46.314444],[84.930413,46.312846],[84.933327,46.309859],[84.934153,46.309014],[84.937251,46.306115],[84.939922,46.303611],[84.943804,46.301197],[84.945310,46.300257],[84.947478,46.296980],[84.948749,46.295056],[84.951596,46.292037],[84.953860,46.289642],[84.956726,46.286632],[84.957945,46.285359],[84.961012,46.282450],[84.962702,46.280857],[84.966057,46.278101],[84.969411,46.275349],[84.969803,46.275016],[84.973927,46.272818],[84.978050,46.270612],[84.978538,46.270349],[84.982304,46.267860],[84.986062,46.265367],[84.986629,46.264986],[84.990771,46.262794],[84.994914,46.260607],[84.995036,46.260542],[84.999414,46.258585],[85.003792,46.256632],[85.005431,46.255900],[85.009748,46.253878],[85.013481,46.252131],[85.017048,46.249508],[85.019559,46.247654],[85.024023,46.245787],[85.025924,46.245003],[85.029332,46.242277],[85.030674,46.241192],[85.033489,46.238171],[85.036313,46.235136],[85.037813,46.233530],[85.041394,46.230918],[85.044888,46.228375],[85.048991,46.226157],[85.050254,46.225475],[85.054313,46.223214],[85.058362,46.220956],[85.062419,46.218695],[85.062662,46.218560],[85.066762,46.216341],[85.068024,46.215658],[85.072748,46.214150],[85.077480,46.212645],[85.077680,46.212581],[85.082697,46.211625],[85.087721,46.210675],[85.091284,46.209996],[85.096288,46.209007],[85.098911,46.208484],[85.103965,46.207629],[85.106526,46.207195],[85.111690,46.206724],[85.116836,46.206257],[85.117773,46.206169],[85.122769,46.205173],[85.127755,46.204179],[85.128691,46.203994],[85.133086,46.202064],[85.137463,46.200132],[85.138339,46.199744],[85.143521,46.199936],[85.146562,46.200049],[85.151743,46.199862],[85.156775,46.199685],[85.155822,46.199542],[85.161011,46.199539],[85.166190,46.199533],[85.166328,46.199537],[85.171446,46.198934],[85.173585,46.198687],[85.178720,46.198178],[85.182158,46.197842],[85.186965,46.196484],[85.191771,46.195120],[85.196579,46.193759],[85.197055,46.193624],[85.201655,46.191950],[85.205016,46.190725],[85.209686,46.189151],[85.214357,46.187583],[85.215623,46.187157],[85.220511,46.185952],[85.224551,46.184955],[85.227478,46.184494],[85.229320,46.186002],[85.231584,46.185971],[85.238942,46.184310],[85.240970,46.182991],[85.242404,46.182689],[85.245486,46.182654],[85.249622,46.183455],[85.252910,46.183271],[85.256162,46.181523],[85.257795,46.181070],[85.259857,46.181192],[85.261330,46.182169],[85.261949,46.182304],[85.264828,46.182278],[85.268073,46.180232],[85.269583,46.179889],[85.270739,46.179627],[85.275468,46.179433],[85.276690,46.178850],[85.277065,46.177129],[85.277462,46.176550],[85.278677,46.175823],[85.281971,46.175499],[85.286106,46.176168],[85.287329,46.175442],[85.287520,46.175004],[85.287253,46.172436],[85.287864,46.172150],[85.290135,46.172402],[85.292811,46.172230],[85.293216,46.171940],[85.293790,46.170078],[85.296627,46.168190],[85.297200,46.166321],[85.296780,46.166044],[85.296328,46.164616],[85.298799,46.164304],[85.303143,46.164970],[85.304566,46.164093],[85.307029,46.163496],[85.307632,46.163065],[85.307373,46.160776],[85.308176,46.160053],[85.309201,46.159898],[85.310670,46.160597],[85.312108,46.160728],[85.312705,46.159722],[85.313723,46.159137],[85.316814,46.159106],[85.319071,46.158649],[85.319492,46.158936],[85.321971,46.159192],[85.323309,46.158864],[85.324778,46.157374],[85.328197,46.156573],[85.330437,46.156265],[85.331957,46.155856],[85.333132,46.154992],[85.333766,46.153026],[85.335696,46.151541],[85.338034,46.151355],[85.343242,46.152096],[85.347789,46.151552],[85.363059,46.147772],[85.377789,46.144252],[85.380092,46.143605],[85.378118,46.142818],[85.377721,46.142411],[85.376800,46.140193],[85.376243,46.138656],[85.376025,46.138277],[85.375251,46.137606],[85.371407,46.136228],[85.368666,46.135158],[85.367275,46.134960],[85.365797,46.134035],[85.360518,46.129751],[85.358830,46.129415],[85.357586,46.128736],[85.355990,46.128510],[85.353728,46.128448],[85.352913,46.128327],[85.349590,46.127456],[85.347625,46.127089],[85.344589,46.127106],[85.343240,46.126692],[85.341885,46.126093],[85.341157,46.125881],[85.337426,46.125729],[85.336449,46.125386],[85.335894,46.125018],[85.334119,46.123537],[85.332183,46.122243],[85.330795,46.121139],[85.327964,46.119945],[85.326714,46.119644],[85.326045,46.119608],[85.325235,46.119565],[85.325015,46.119453],[85.324946,46.119151],[85.324968,46.118216],[85.324582,46.117458],[85.322786,46.112744],[85.322660,46.112157],[85.322449,46.111169],[85.321546,46.109183],[85.319755,46.104319],[85.319190,46.103100],[85.318666,46.102514],[85.315908,46.100965],[85.314170,46.100294],[85.312925,46.099680],[85.310044,46.099015],[85.308286,46.098235],[85.305248,46.098376],[85.301442,46.098030],[85.298361,46.097645],[85.296689,46.097225],[85.290816,46.094524],[85.288044,46.093544],[85.286410,46.093075],[85.285504,46.092426],[85.284441,46.091807],[85.283786,46.091596],[85.282944,46.090839],[85.282446,46.088268],[85.282479,46.085855],[85.282237,46.085522],[85.281179,46.084753],[85.281019,46.084300],[85.281206,46.083882],[85.281913,46.083007],[85.282177,46.081855],[85.282188,46.080924],[85.281977,46.080546],[85.281307,46.080050],[85.279536,46.079780],[85.279647,46.079318],[85.281177,46.078633],[85.281988,46.078074],[85.282112,46.077775],[85.282136,46.077367],[85.281907,46.077201],[85.281347,46.077245],[85.277177,46.079287],[85.276876,46.079328],[85.276685,46.079258],[85.276691,46.079070],[85.277842,46.078404],[85.278445,46.077587],[85.279817,46.076382],[85.280570,46.075158],[85.280583,46.074749],[85.280253,46.074543],[85.277795,46.075477],[85.276870,46.075463],[85.276238,46.075307],[85.276115,46.075195],[85.276046,46.074906],[85.276383,46.074306],[85.276818,46.073098],[85.276752,46.072696],[85.276615,46.072464],[85.275800,46.071996],[85.275697,46.071840],[85.275715,46.071665],[85.276305,46.071244],[85.276439,46.070980],[85.276359,46.070473],[85.275825,46.069655],[85.275173,46.068797],[85.274766,46.068556],[85.273642,46.068396],[85.272633,46.068577],[85.272314,46.068572],[85.272143,46.068473],[85.272283,46.067060],[85.271739,46.065252],[85.271564,46.065103],[85.271361,46.065066],[85.270124,46.065047],[85.269319,46.064838],[85.269288,46.064691],[85.269787,46.064478],[85.270294,46.064014],[85.270463,46.063804],[85.270343,46.063606],[85.269579,46.063063],[85.268939,46.062222],[85.268564,46.061920],[85.268237,46.061828],[85.266930,46.061928],[85.266762,46.061737],[85.267010,46.061486],[85.268070,46.061006],[85.268156,46.060766],[85.268017,46.059240],[85.268118,46.058523],[85.267860,46.058143],[85.267531,46.057892],[85.266451,46.057491],[85.266311,46.057367],[85.266278,46.056878],[85.266702,46.056568],[85.268248,46.055907],[85.268976,46.055485],[85.269176,46.055233],[85.269199,46.054870],[85.269113,46.054539],[85.268871,46.054226],[85.268260,46.053996],[85.267673,46.053940],[85.265517,46.054328],[85.264883,46.054272],[85.264203,46.053723],[85.263337,46.053388],[85.263294,46.053233],[85.263492,46.053049],[85.264100,46.052816],[85.264934,46.052649],[85.265606,46.051887],[85.265992,46.051255],[85.265953,46.050590],[85.266105,46.050317],[85.266234,46.049668],[85.266086,46.049411],[85.264702,46.048350],[85.264583,46.048126],[85.264621,46.047864],[85.264963,46.047681],[85.265874,46.047550],[85.266406,46.047237],[85.267429,46.046017],[85.268008,46.045731],[85.269475,46.045686],[85.270997,46.045777],[85.271740,46.045455],[85.271653,46.045169],[85.270728,46.044027],[85.270413,46.042962],[85.270078,46.042514],[85.269937,46.042044],[85.269350,46.041618],[85.267953,46.041353],[85.267706,46.041191],[85.267749,46.040974],[85.268866,46.040575],[85.269225,46.040246],[85.269277,46.039721],[85.269154,46.039427],[85.268887,46.039139],[85.268828,46.038712],[85.269063,46.038520],[85.269805,46.038201],[85.269919,46.038015],[85.269865,46.034754],[85.270065,46.034319],[85.270717,46.033799],[85.271149,46.033230],[85.271073,46.032611],[85.270952,46.032442],[85.270989,46.032200],[85.271281,46.032071],[85.272426,46.031956],[85.275652,46.031898],[85.276506,46.031678],[85.277569,46.031069],[85.279073,46.029749],[85.279184,46.029559],[85.279174,46.029304],[85.278966,46.028847],[85.278209,46.027514],[85.276720,46.025762],[85.276695,46.025607],[85.277147,46.025359],[85.277672,46.025280],[85.279882,46.025249],[85.280030,46.025143],[85.279990,46.024875],[85.279542,46.024404],[85.277853,46.023505],[85.276130,46.023314],[85.275943,46.023144],[85.276042,46.023033],[85.276442,46.022931],[85.277619,46.022916],[85.283100,46.023944],[85.283990,46.023912],[85.284208,46.023653],[85.284170,46.023352],[85.283319,46.022511],[85.282462,46.022055],[85.281005,46.021802],[85.280634,46.021541],[85.279776,46.020367],[85.279966,46.020061],[85.280367,46.019888],[85.283703,46.020397],[85.284178,46.020371],[85.284453,46.020200],[85.284574,46.020002],[85.284554,46.019680],[85.284307,46.019313],[85.283502,46.018723],[85.282310,46.018253],[85.282249,46.018085],[85.282331,46.017957],[85.282817,46.017765],[85.282934,46.016915],[85.283206,46.016853],[85.284806,46.017146],[85.285330,46.017121],[85.285729,46.017014],[85.285957,46.016467],[85.285819,46.016256],[85.284583,46.015652],[85.284199,46.015224],[85.282676,46.014393],[85.281572,46.014376],[85.279086,46.013972],[85.278986,46.013716],[85.279148,46.013539],[85.279884,46.013422],[85.284615,46.013064],[85.284856,46.012825],[85.284865,46.012537],[85.284538,46.011873],[85.283168,46.010911],[85.282024,46.010450],[85.281138,46.010357],[85.280265,46.010422],[85.279740,46.010334],[85.279216,46.009795],[85.278485,46.009366],[85.277197,46.008916],[85.275997,46.008099],[85.275414,46.007539],[85.274724,46.007173],[85.274480,46.006906],[85.274502,46.006773],[85.274709,46.006688],[85.275392,46.006733],[85.279492,46.008664],[85.281093,46.009287],[85.282337,46.009637],[85.282811,46.009645],[85.283675,46.009496],[85.283871,46.009365],[85.283906,46.009186],[85.283683,46.008853],[85.283687,46.008711],[85.283993,46.008516],[85.284274,46.008553],[85.284557,46.008733],[85.285047,46.009393],[85.285790,46.010027],[85.286740,46.011165],[85.287828,46.011880],[85.288298,46.012042],[85.288953,46.012019],[85.289019,46.011832],[85.288907,46.011380],[85.288394,46.010090],[85.288359,46.009693],[85.288441,46.009539],[85.288865,46.009621],[85.291018,46.010529],[85.291876,46.010531],[85.293120,46.010342],[85.293348,46.010150],[85.293472,46.009818],[85.293398,46.009495],[85.292118,46.007762],[85.291799,46.006830],[85.291381,46.005951],[85.291092,46.005583],[85.289690,46.004500],[85.289381,46.004395],[85.288037,46.004548],[85.286774,46.004440],[85.286443,46.004259],[85.286497,46.004081],[85.286985,46.003625],[85.287955,46.003136],[85.288173,46.002893],[85.288587,46.001432],[85.289071,46.000393],[85.289010,45.999265],[85.288775,45.998710],[85.288782,45.998484],[85.288905,45.998403],[85.289289,45.998409],[85.290484,45.998980],[85.291236,45.999142],[85.291524,45.999147],[85.292232,45.998766],[85.292244,45.998391],[85.291422,45.997400],[85.291187,45.996845],[85.291254,45.996604],[85.291566,45.996609],[85.292621,45.997470],[85.293000,45.997626],[85.293504,45.997660],[85.293858,45.997465],[85.293868,45.997156],[85.293385,45.996439],[85.293495,45.994812],[85.293430,45.993818],[85.293037,45.993319],[85.291874,45.992882],[85.290142,45.992570],[85.289466,45.992668],[85.285738,45.994018],[85.284091,45.994852],[85.282714,45.995138],[85.282559,45.995094],[85.282567,45.994852],[85.284445,45.993914],[85.284453,45.993647],[85.284173,45.993375],[85.283771,45.993193],[85.283412,45.993146],[85.283142,45.992958],[85.283112,45.992740],[85.283433,45.992461],[85.285603,45.992187],[85.285994,45.991968],[85.286035,45.990641],[85.284641,45.989517],[85.283385,45.988987],[85.282881,45.988979],[85.280859,45.989547],[85.280607,45.989543],[85.280416,45.989490],[85.280234,45.989178],[85.280186,45.988802],[85.280037,45.988557],[85.279503,45.988348],[85.274953,45.988409],[85.270890,45.988637],[85.269468,45.989232],[85.268926,45.989307],[85.268717,45.989087],[85.268580,45.988483],[85.267886,45.988055],[85.267442,45.988048],[85.266774,45.988305],[85.265715,45.988422],[85.265367,45.988416],[85.265154,45.988321],[85.264936,45.988009],[85.264869,45.987106],[85.264718,45.986928],[85.264374,45.986806],[85.263871,45.986798],[85.263190,45.987096],[85.262877,45.987141],[85.262015,45.987078],[85.261712,45.986814],[85.261596,45.986303],[85.261354,45.985990],[85.260858,45.985741],[85.260638,45.985512],[85.260682,45.985229],[85.261373,45.984221],[85.261723,45.984159],[85.262485,45.984347],[85.263224,45.984851],[85.263640,45.984982],[85.265066,45.985005],[85.265608,45.984930],[85.266992,45.984417],[85.267104,45.983893],[85.266610,45.983200],[85.266628,45.982625],[85.266329,45.982219],[85.266140,45.982108],[85.265364,45.982388],[85.264217,45.982654],[85.263208,45.982705],[85.262947,45.982609],[85.262955,45.982350],[85.263566,45.981207],[85.263386,45.980829],[85.261502,45.979363],[85.259966,45.978629],[85.259129,45.978174],[85.258909,45.977953],[85.259048,45.977713],[85.260563,45.976810],[85.260610,45.976452],[85.260424,45.976257],[85.260103,45.976185],[85.258653,45.976179],[85.258428,45.976067],[85.258472,45.975784],[85.259246,45.975220],[85.260331,45.975036],[85.261096,45.975090],[85.261472,45.975321],[85.261900,45.975837],[85.262242,45.976035],[85.262779,45.976110],[85.264402,45.975960],[85.266093,45.975527],[85.268615,45.975074],[85.269612,45.974656],[85.269931,45.974411],[85.269917,45.974101],[85.269601,45.973854],[85.268667,45.973397],[85.268485,45.973085],[85.268400,45.972733],[85.268769,45.972054],[85.272023,45.970402],[85.272251,45.970406],[85.272302,45.970674],[85.272236,45.970890],[85.271838,45.971351],[85.271732,45.971659],[85.271815,45.972061],[85.272433,45.972638],[85.273691,45.973084],[85.275252,45.973042],[85.277845,45.972199],[85.279185,45.971953],[85.279980,45.971857],[85.281824,45.971979],[85.282546,45.971898],[85.283192,45.971600],[85.284312,45.971459],[85.284894,45.971277],[85.287176,45.970053],[85.287902,45.969463],[85.288279,45.968543],[85.288463,45.967644],[85.288432,45.967468],[85.287845,45.967058],[85.287116,45.966954],[85.286835,45.966707],[85.286665,45.966020],[85.286397,45.965757],[85.285607,45.965677],[85.284768,45.966039],[85.284072,45.966028],[85.283790,45.965840],[85.283856,45.965649],[85.284846,45.965465],[85.285554,45.965059],[85.285564,45.964741],[85.284090,45.963131],[85.282364,45.961534],[85.279988,45.960393],[85.278633,45.959971],[85.276928,45.959634],[85.276365,45.959609],[85.276014,45.959712],[85.275659,45.959948],[85.274471,45.961123],[85.274025,45.961200],[85.273022,45.961785],[85.272696,45.962289],[85.272581,45.963673],[85.271921,45.965583],[85.271328,45.966551],[85.270632,45.967308],[85.270341,45.967437],[85.269136,45.967618],[85.267830,45.967581],[85.267582,45.967460],[85.267458,45.967199],[85.267473,45.966732],[85.267695,45.965742],[85.267567,45.964855],[85.267291,45.964475],[85.267300,45.964191],[85.267545,45.963644],[85.267706,45.963487],[85.268497,45.963500],[85.269067,45.963684],[85.269474,45.963691],[85.269983,45.963523],[85.271090,45.962639],[85.271339,45.961958],[85.272247,45.961305],[85.274348,45.960061],[85.274585,45.959772],[85.274721,45.959248],[85.275486,45.958200],[85.275436,45.957865],[85.274629,45.957210],[85.273517,45.957083],[85.272953,45.957116],[85.271685,45.957781],[85.271399,45.958110],[85.271269,45.959194],[85.270844,45.959362],[85.270026,45.959441],[85.269733,45.959628],[85.269398,45.959982],[85.269002,45.960769],[85.268711,45.960856],[85.268427,45.960760],[85.268411,45.960100],[85.267984,45.959584],[85.267731,45.959622],[85.266248,45.960258],[85.265841,45.960235],[85.265754,45.959967],[85.266403,45.959534],[85.266906,45.958766],[85.267512,45.958558],[85.267839,45.958079],[85.268650,45.957449],[85.269786,45.956782],[85.269795,45.956473],[85.269645,45.956254],[85.268481,45.955943],[85.267666,45.955538],[85.266823,45.955299],[85.266009,45.954886],[85.265957,45.954601],[85.266157,45.954362],[85.266783,45.954280],[85.269198,45.955253],[85.270211,45.955444],[85.270559,45.955450],[85.270875,45.955296],[85.270984,45.954881],[85.270404,45.954254],[85.269931,45.954046],[85.268799,45.953811],[85.268056,45.953423],[85.267639,45.953350],[85.266942,45.953406],[85.265951,45.953649],[85.264585,45.953653],[85.261976,45.953127],[85.261599,45.952921],[85.261415,45.952693],[85.261461,45.952368],[85.261624,45.952145],[85.262475,45.952117],[85.263619,45.952352],[85.267863,45.952310],[85.269249,45.951697],[85.269912,45.951574],[85.270172,45.951712],[85.270317,45.952040],[85.270624,45.952203],[85.271163,45.952187],[85.272035,45.951933],[85.272696,45.951902],[85.273169,45.952085],[85.274370,45.953189],[85.274998,45.953441],[85.276208,45.954254],[85.276622,45.954394],[85.277417,45.954340],[85.277865,45.954197],[85.277977,45.953689],[85.277794,45.953394],[85.277142,45.952766],[85.277340,45.952569],[85.277980,45.952429],[85.278495,45.952061],[85.278731,45.951781],[85.278747,45.951272],[85.278394,45.950273],[85.278404,45.949981],[85.279048,45.949682],[85.279652,45.949558],[85.281745,45.949750],[85.282574,45.949697],[85.282773,45.949500],[85.282684,45.949256],[85.282440,45.949010],[85.280671,45.948431],[85.280075,45.947511],[85.279567,45.947261],[85.278582,45.947337],[85.277940,45.947527],[85.277331,45.947843],[85.276036,45.947822],[85.275406,45.947637],[85.274266,45.946516],[85.272907,45.946253],[85.272183,45.946016],[85.271423,45.946179],[85.271131,45.946333],[85.270616,45.947452],[85.270301,45.948332],[85.270225,45.948840],[85.269921,45.949361],[85.269706,45.949316],[85.269486,45.949046],[85.269344,45.948642],[85.268879,45.948176],[85.267216,45.947707],[85.266993,45.947545],[85.266526,45.947538],[85.265909,45.947712],[85.265755,45.947617],[85.265996,45.947245],[85.267471,45.946450],[85.268471,45.946266],[85.269104,45.945967],[85.269971,45.945847],[85.270966,45.945470],[85.271067,45.945296],[85.271048,45.944720],[85.270613,45.944446],[85.269230,45.944224],[85.266848,45.944119],[85.266540,45.944006],[85.265983,45.943421],[85.265697,45.943333],[85.262946,45.943223],[85.262254,45.943104],[85.261878,45.942873],[85.261862,45.942630],[85.262144,45.942417],[85.264524,45.942563],[85.265227,45.942307],[85.265515,45.942287],[85.266937,45.942426],[85.268437,45.941982],[85.269244,45.941469],[85.269848,45.941720],[85.270700,45.941684],[85.270958,45.941496],[85.271104,45.941030],[85.271832,45.941134],[85.272575,45.941538],[85.273054,45.941529],[85.274783,45.941064],[85.274673,45.940361],[85.273072,45.939049],[85.272795,45.938653],[85.272679,45.938183],[85.272818,45.937918],[85.274979,45.937869],[85.276035,45.937443],[85.276268,45.937272],[85.276204,45.937020],[85.275901,45.936731],[85.274579,45.936468],[85.274490,45.936225],[85.274767,45.935436],[85.274277,45.934985],[85.273073,45.934766],[85.272725,45.934785],[85.271768,45.935096],[85.271133,45.935111],[85.270595,45.935061],[85.270122,45.934853],[85.269969,45.934742],[85.270038,45.934476],[85.271028,45.934249],[85.271290,45.933894],[85.271251,45.933234],[85.270941,45.932787],[85.270596,45.932714],[85.269992,45.932863],[85.269575,45.933166],[85.269285,45.933245],[85.268938,45.933223],[85.268560,45.933058],[85.268162,45.932743],[85.268195,45.932476],[85.269160,45.932274],[85.269480,45.931987],[85.269494,45.931553],[85.268973,45.930944],[85.267895,45.930175],[85.267287,45.930057],[85.266818,45.930133],[85.265745,45.930717],[85.265176,45.930909],[85.264304,45.930453],[85.263443,45.930347],[85.263199,45.930143],[85.263112,45.929858],[85.263410,45.929512],[85.263395,45.928844],[85.263167,45.928114],[85.262961,45.927776],[85.262587,45.927512],[85.261606,45.927471],[85.260170,45.926656],[85.259581,45.926313],[85.258784,45.925399],[85.258376,45.925434],[85.258106,45.925630],[85.257810,45.926285],[85.257724,45.926726],[85.257529,45.926832],[85.257217,45.926869],[85.256911,45.926689],[85.256799,45.926052],[85.256526,45.925581],[85.256223,45.925334],[85.255875,45.925370],[85.254831,45.926197],[85.253808,45.926357],[85.251785,45.927307],[85.251497,45.927315],[85.251106,45.927209],[85.250260,45.926491],[85.248587,45.925835],[85.248200,45.925587],[85.247941,45.925274],[85.247989,45.924698],[85.248242,45.924602],[85.248778,45.924689],[85.249740,45.925335],[85.250085,45.925402],[85.250575,45.925402],[85.251552,45.925195],[85.252102,45.924828],[85.254274,45.922782],[85.255356,45.922060],[85.256841,45.920162],[85.257378,45.919265],[85.257915,45.918722],[85.257927,45.918346],[85.258292,45.917788],[85.258340,45.917380],[85.258268,45.917037],[85.257882,45.916709],[85.257812,45.916499],[85.257836,45.915702],[85.258372,45.915239],[85.258351,45.914950],[85.258102,45.914826],[85.257211,45.914853],[85.256638,45.914991],[85.256546,45.914810],[85.256906,45.914627],[85.257815,45.913903],[85.257680,45.913625],[85.257269,45.913552],[85.256455,45.913760],[85.254555,45.914771],[85.253230,45.915623],[85.251994,45.916088],[85.251501,45.916147],[85.251206,45.916022],[85.252398,45.915023],[85.254262,45.914023],[85.255092,45.913309],[85.256108,45.912770],[85.257332,45.912471],[85.257608,45.912309],[85.257706,45.911847],[85.257364,45.911478],[85.256214,45.910939],[85.254998,45.910765],[85.253981,45.910950],[85.253757,45.910847],[85.253671,45.910703],[85.253953,45.910307],[85.254836,45.909849],[85.255162,45.909511],[85.255272,45.908515],[85.254915,45.907850],[85.254682,45.907692],[85.254290,45.907586],[85.252627,45.907531],[85.252365,45.907882],[85.251565,45.908613],[85.251295,45.908621],[85.251031,45.908450],[85.250907,45.907822],[85.251029,45.907578],[85.251952,45.906974],[85.252134,45.906689],[85.252143,45.905841],[85.251956,45.905684],[85.251216,45.905627],[85.249705,45.906839],[85.248754,45.907422],[85.248322,45.907440],[85.248221,45.907259],[85.248419,45.907041],[85.249954,45.905996],[85.250299,45.905633],[85.250337,45.905392],[85.250202,45.905135],[85.249921,45.904943],[85.249311,45.904771],[85.247957,45.904629],[85.247619,45.903760],[85.246622,45.903294],[85.246587,45.902884],[85.246748,45.902168],[85.246702,45.901725],[85.246488,45.901522],[85.245982,45.901439],[85.245401,45.901793],[85.244829,45.902327],[85.244416,45.902354],[85.244246,45.902239],[85.244212,45.901809],[85.244625,45.900224],[85.244736,45.899211],[85.244890,45.898846],[85.245056,45.898728],[85.245773,45.898563],[85.245955,45.898257],[85.245945,45.898048],[85.245674,45.897689],[85.245508,45.897499],[85.245317,45.897450],[85.244586,45.897518],[85.243577,45.897812],[85.243312,45.897720],[85.243285,45.897632],[85.243738,45.897305],[85.244201,45.897212],[85.244447,45.897007],[85.244379,45.896497],[85.244113,45.896396],[85.243736,45.896399],[85.243290,45.896505],[85.241926,45.896551],[85.241096,45.896902],[85.240665,45.896917],[85.237318,45.896679],[85.236896,45.896605],[85.236710,45.896448],[85.236683,45.896327],[85.236861,45.896187],[85.239581,45.896195],[85.240892,45.895784],[85.242323,45.895484],[85.243965,45.894657],[85.245173,45.893903],[85.246407,45.893083],[85.246695,45.892853],[85.246877,45.892572],[85.246959,45.892077],[85.246871,45.891796],[85.246777,45.891761],[85.246265,45.891845],[85.245387,45.892216],[85.245020,45.892277],[85.244608,45.892271],[85.244295,45.892145],[85.244221,45.892002],[85.245088,45.891627],[85.245471,45.891048],[85.245505,45.890573],[85.245301,45.890369],[85.244639,45.890326],[85.243874,45.890515],[85.243167,45.890383],[85.242026,45.890353],[85.241777,45.890283],[85.241609,45.890126],[85.241596,45.889950],[85.241354,45.889658],[85.241007,45.889645],[85.240382,45.889919],[85.239580,45.889820],[85.238921,45.889622],[85.238832,45.889458],[85.239003,45.888972],[85.238866,45.888740],[85.238263,45.888364],[85.237901,45.887874],[85.237265,45.887401],[85.236774,45.886864],[85.236971,45.886654],[85.237354,45.886659],[85.238905,45.887138],[85.239312,45.887131],[85.239648,45.887094],[85.240180,45.886702],[85.240461,45.885361],[85.240044,45.884007],[85.240051,45.883422],[85.240761,45.882844],[85.240994,45.882497],[85.240904,45.881911],[85.240764,45.881817],[85.240429,45.881846],[85.240052,45.882216],[85.239754,45.882211],[85.239681,45.882068],[85.239847,45.881716],[85.239854,45.881486],[85.239752,45.881330],[85.239434,45.881359],[85.238054,45.881898],[85.236659,45.882574],[85.235691,45.882706],[85.234018,45.883119],[85.233293,45.882967],[85.233242,45.882699],[85.233502,45.881855],[85.233225,45.881175],[85.233343,45.881035],[85.233704,45.880919],[85.234453,45.880876],[85.235109,45.880518],[85.235416,45.879884],[85.235293,45.878721],[85.235502,45.878161],[85.236006,45.877726],[85.236582,45.877405],[85.237164,45.876574],[85.237231,45.875978],[85.236984,45.875331],[85.236381,45.875281],[85.236157,45.875365],[85.235412,45.876105],[85.234836,45.876130],[85.234715,45.875995],[85.234739,45.875799],[85.235257,45.875527],[85.235273,45.875352],[85.234852,45.875237],[85.233415,45.875203],[85.233057,45.874977],[85.233113,45.874723],[85.233860,45.874700],[85.234655,45.874504],[85.234792,45.874142],[85.234862,45.873467],[85.234757,45.873169],[85.234367,45.873042],[85.232995,45.872955],[85.232607,45.872741],[85.232568,45.872473],[85.232844,45.872289],[85.233584,45.872300],[85.234317,45.872169],[85.235098,45.871483],[85.235043,45.871140],[85.232688,45.870245],[85.232351,45.870315],[85.231529,45.870779],[85.231284,45.871164],[85.231022,45.871335],[85.230723,45.871331],[85.230504,45.871248],[85.230526,45.871119],[85.230833,45.870869],[85.230834,45.870314],[85.230492,45.870146],[85.228947,45.870077],[85.228662,45.870019],[85.228560,45.869884],[85.228573,45.869796],[85.230235,45.869746],[85.231082,45.869424],[85.231704,45.869433],[85.233772,45.869952],[85.235607,45.869934],[85.236172,45.869433],[85.236210,45.868803],[85.236074,45.868538],[85.235907,45.868360],[85.235581,45.868309],[85.233726,45.868348],[85.233130,45.868118],[85.232203,45.868004],[85.232005,45.867826],[85.231981,45.867638],[85.232881,45.867530],[85.233298,45.867348],[85.233305,45.866764],[85.233076,45.866473],[85.232403,45.866229],[85.231300,45.865173],[85.230875,45.865012],[85.229613,45.863582],[85.229734,45.863163],[85.230007,45.863012],[85.230191,45.862718],[85.230231,45.862352],[85.230088,45.861986],[85.229830,45.861661],[85.228870,45.861572],[85.228589,45.861447],[85.228544,45.861333],[85.228752,45.861182],[85.230138,45.861369],[85.230728,45.861211],[85.230739,45.860869],[85.230353,45.860587],[85.229728,45.860336],[85.229580,45.860146],[85.229551,45.859891],[85.230241,45.859262],[85.230396,45.858701],[85.230385,45.858083],[85.230248,45.857893],[85.229979,45.857877],[85.229695,45.857993],[85.229236,45.858538],[85.228826,45.858866],[85.228401,45.858880],[85.228310,45.858712],[85.228961,45.858204],[85.229083,45.857897],[85.229042,45.857124],[85.228579,45.857225],[85.227782,45.858074],[85.227465,45.858061],[85.227039,45.857934],[85.225668,45.856941],[85.223873,45.856693],[85.223828,45.856592],[85.223997,45.856386],[85.224472,45.856238],[85.225696,45.856478],[85.226098,45.856383],[85.226287,45.856253],[85.226330,45.856024],[85.226289,45.855823],[85.225978,45.855643],[85.223826,45.855177],[85.223365,45.855195],[85.222590,45.855393],[85.222338,45.855402],[85.222134,45.855265],[85.222122,45.855077],[85.222365,45.854939],[85.223733,45.854712],[85.223915,45.854431],[85.223923,45.854197],[85.223429,45.853760],[85.223625,45.853617],[85.223999,45.853668],[85.225750,45.854378],[85.227170,45.854433],[85.227500,45.854329],[85.227998,45.854090],[85.228051,45.853903],[85.227840,45.853582],[85.227791,45.853281],[85.228272,45.852958],[85.228427,45.852618],[85.226887,45.851260],[85.226230,45.851083],[85.224436,45.851003],[85.223446,45.851339],[85.222530,45.851847],[85.222037,45.851928],[85.220741,45.851412],[85.219622,45.851283],[85.219443,45.851105],[85.219489,45.850985],[85.220066,45.850839],[85.222244,45.850870],[85.223059,45.850561],[85.223978,45.850002],[85.224278,45.849973],[85.225152,45.850249],[85.225814,45.850271],[85.226876,45.850120],[85.228015,45.850157],[85.228286,45.850107],[85.228532,45.849868],[85.228542,45.849572],[85.228361,45.849223],[85.228022,45.849009],[85.226924,45.848651],[85.226261,45.848257],[85.225305,45.847512],[85.224911,45.846379],[85.224549,45.845978],[85.223764,45.846275],[85.223405,45.846679],[85.222903,45.847047],[85.222517,45.847205],[85.221300,45.846757],[85.221241,45.846568],[85.221421,45.846374],[85.222588,45.846425],[85.222954,45.846384],[85.223324,45.846202],[85.223408,45.845994],[85.223293,45.845671],[85.223079,45.845434],[85.222119,45.845399],[85.220339,45.845695],[85.218203,45.845852],[85.217779,45.845846],[85.217650,45.845765],[85.217655,45.845602],[85.217948,45.845393],[85.221914,45.844920],[85.222617,45.844613],[85.222652,45.844426],[85.222340,45.843900],[85.222501,45.843772],[85.223659,45.843568],[85.223789,45.843390],[85.223800,45.843027],[85.223368,45.842382],[85.221958,45.842424],[85.221758,45.842313],[85.221733,45.842158],[85.221921,45.842061],[85.222987,45.841976],[85.223319,45.841839],[85.223451,45.841620],[85.223356,45.841242],[85.222725,45.840615],[85.221921,45.840570],[85.221697,45.840688],[85.221525,45.841228],[85.221364,45.841213],[85.220815,45.840629],[85.220672,45.840619],[85.220168,45.840753],[85.219970,45.840964],[85.219730,45.841014],[85.218499,45.841030],[85.218133,45.841112],[85.215715,45.842647],[85.214897,45.842677],[85.214788,45.842521],[85.214989,45.842215],[85.216906,45.841403],[85.218005,45.840655],[85.218833,45.839916],[85.218956,45.839609],[85.218966,45.839291],[85.218653,45.838636],[85.216227,45.838567],[85.215824,45.838328],[85.215876,45.838207],[85.216021,45.838155],[85.216823,45.838208],[85.217088,45.838125],[85.217239,45.837905],[85.217244,45.837743],[85.217004,45.837393],[85.216576,45.837023],[85.216356,45.836448],[85.216672,45.836407],[85.217281,45.836624],[85.217661,45.836663],[85.218121,45.836616],[85.218378,45.836452],[85.218695,45.835829],[85.219015,45.835430],[85.219083,45.835099],[85.218944,45.834932],[85.218719,45.834912],[85.215486,45.835438],[85.214998,45.835389],[85.214925,45.835267],[85.215053,45.835169],[85.215779,45.834842],[85.217410,45.834639],[85.217967,45.834359],[85.218072,45.834051],[85.217951,45.833540],[85.217397,45.832956],[85.217057,45.832759],[85.216044,45.832761],[85.215869,45.832583],[85.215890,45.831941],[85.215639,45.831628],[85.215179,45.831429],[85.213392,45.830978],[85.212433,45.830371],[85.211744,45.829167],[85.211815,45.828834],[85.212109,45.828571],[85.212273,45.828290],[85.212356,45.827940],[85.212271,45.827647],[85.211931,45.827425],[85.211230,45.827323],[85.210116,45.826739],[85.210060,45.826621],[85.210164,45.826406],[85.210706,45.826188],[85.210685,45.825962],[85.210288,45.825497],[85.209856,45.825166],[85.209861,45.825007],[85.211545,45.824589],[85.211315,45.823967],[85.210730,45.823208],[85.210384,45.822476],[85.210049,45.822137],[85.209447,45.821928],[85.209430,45.821736],[85.209530,45.821579],[85.210252,45.821372],[85.210521,45.821175],[85.210498,45.820774],[85.209794,45.820055],[85.209555,45.819684],[85.209511,45.819190],[85.208991,45.818674],[85.208087,45.818243],[85.207786,45.817579],[85.206497,45.816500],[85.205695,45.816247],[85.204900,45.816119],[85.204715,45.815189],[85.204564,45.815078],[85.202823,45.815079],[85.202351,45.814938],[85.201350,45.813822],[85.200090,45.813712],[85.199785,45.813574],[85.199602,45.813304],[85.199707,45.812997],[85.200986,45.812531],[85.201024,45.812089],[85.200911,45.811887],[85.200086,45.811967],[85.198151,45.812465],[85.197438,45.812773],[85.196899,45.812849],[85.196557,45.812735],[85.196465,45.812625],[85.196473,45.812400],[85.196959,45.812098],[85.197555,45.812106],[85.198322,45.811984],[85.199984,45.811064],[85.199983,45.810371],[85.199452,45.810188],[85.199406,45.809769],[85.199564,45.809680],[85.200292,45.809632],[85.200742,45.809371],[85.200811,45.809080],[85.200597,45.808701],[85.200111,45.808235],[85.200059,45.807992],[85.200322,45.807595],[85.201358,45.806900],[85.201465,45.806550],[85.201436,45.806333],[85.201191,45.806171],[85.199352,45.806278],[85.199144,45.806075],[85.199212,45.805792],[85.200205,45.805322],[85.200702,45.804686],[85.200517,45.804508],[85.199794,45.804381],[85.198274,45.804585],[85.197839,45.804403],[85.197810,45.804227],[85.199298,45.803121],[85.199594,45.802833],[85.199602,45.802616],[85.199358,45.802371],[85.199132,45.802367],[85.198233,45.802881],[85.197829,45.802858],[85.197207,45.802557],[85.196154,45.802701],[85.195637,45.802468],[85.194936,45.802416],[85.194743,45.802480],[85.194726,45.802990],[85.195036,45.804472],[85.194860,45.804753],[85.194486,45.804907],[85.194071,45.804834],[85.193258,45.803804],[85.191688,45.803364],[85.191443,45.803185],[85.191446,45.803094],[85.192024,45.802926],[85.193631,45.802949],[85.193826,45.802843],[85.193802,45.802467],[85.193440,45.801861],[85.192708,45.801283],[85.192239,45.801051],[85.191648,45.800909],[85.190904,45.800347],[85.188543,45.800380],[85.188454,45.800229],[85.188675,45.799982],[85.189485,45.799642],[85.189743,45.799379],[85.189752,45.799137],[85.189440,45.798807],[85.189038,45.798709],[85.187584,45.798780],[85.187529,45.798579],[85.187849,45.798291],[85.187855,45.798099],[85.187590,45.797803],[85.186098,45.797164],[85.185412,45.796645],[85.184374,45.794869],[85.183276,45.793810],[85.181990,45.793441],[85.181470,45.792949],[85.180898,45.792206],[85.180190,45.791645],[85.179528,45.791485],[85.177806,45.791344],[85.177240,45.791144],[85.177128,45.790942],[85.177194,45.790743],[85.177580,45.790598],[85.180213,45.790944],[85.182415,45.790992],[85.183210,45.790719],[85.183442,45.790547],[85.183478,45.790172],[85.183123,45.789724],[85.182522,45.789540],[85.181585,45.789410],[85.180704,45.789398],[85.180209,45.789240],[85.179756,45.788507],[85.179260,45.788367],[85.178559,45.788332],[85.177005,45.787775],[85.174406,45.788206],[85.172684,45.788775],[85.171883,45.789231],[85.170744,45.789457],[85.169805,45.789427],[85.169740,45.789201],[85.170258,45.789033],[85.172125,45.788750],[85.172676,45.788315],[85.172616,45.787939],[85.172134,45.787397],[85.170320,45.787130],[85.169969,45.786949],[85.169449,45.786457],[85.169236,45.786429],[85.168657,45.786647],[85.168407,45.786643],[85.168475,45.786377],[85.168998,45.786050],[85.169006,45.785791],[85.168689,45.785653],[85.167960,45.785726],[85.167070,45.786006],[85.165750,45.785937],[85.164970,45.785751],[85.163734,45.784940],[85.163249,45.784490],[85.161778,45.784294],[85.161501,45.784022],[85.161476,45.783688],[85.163474,45.782347],[85.163709,45.782067],[85.163646,45.781799],[85.163254,45.781417],[85.161926,45.781599],[85.161642,45.781553],[85.161675,45.780576],[85.161567,45.780199],[85.160978,45.779639],[85.159539,45.779577],[85.159319,45.779373],[85.159299,45.778914],[85.159095,45.778577],[85.158666,45.778220],[85.157576,45.777712],[85.156425,45.776484],[85.154880,45.776370],[85.154579,45.776123],[85.154515,45.775880],[85.156855,45.774637],[85.159249,45.773895],[85.159955,45.773437],[85.160157,45.773089],[85.160130,45.772822],[85.158747,45.771791],[85.158730,45.771591],[85.158460,45.771102],[85.157229,45.771218],[85.156568,45.771050],[85.155627,45.771062],[85.153784,45.771319],[85.153101,45.771092],[85.153050,45.770840],[85.153401,45.770670],[85.155479,45.770483],[85.156218,45.770118],[85.156256,45.770027],[85.155944,45.769738],[85.155835,45.769445],[85.155997,45.769230],[85.156865,45.768908],[85.156871,45.768733],[85.156498,45.768486],[85.155907,45.768343],[85.153384,45.768290],[85.152856,45.768057],[85.152612,45.767853],[85.152625,45.767477],[85.152997,45.766648],[85.153069,45.766273],[85.152766,45.766068],[85.152048,45.765816],[85.151891,45.764820],[85.151612,45.764590],[85.149910,45.764565],[85.149380,45.764382],[85.149229,45.764271],[85.149329,45.764114],[85.149910,45.763839],[85.149752,45.763569],[85.149543,45.763416],[85.148532,45.763376],[85.148063,45.763169],[85.147991,45.762817],[85.148627,45.762292],[85.149780,45.762000],[85.149915,45.761517],[85.149421,45.761335],[85.146337,45.761331],[85.146018,45.761243],[85.145838,45.760931],[85.146452,45.759654],[85.146431,45.759195],[85.146229,45.758833],[85.145822,45.758518],[85.145421,45.758403],[85.144505,45.758390],[85.143708,45.758712],[85.141837,45.760162],[85.141550,45.760200],[85.141233,45.760061],[85.141244,45.759736],[85.142185,45.759015],[85.142451,45.758535],[85.142435,45.758292],[85.142252,45.758089],[85.140928,45.758136],[85.140218,45.758351],[85.139453,45.758782],[85.138636,45.759714],[85.138007,45.759637],[85.137859,45.759418],[85.138030,45.758953],[85.139490,45.757656],[85.140353,45.757159],[85.141435,45.756841],[85.142054,45.756500],[85.143140,45.755013],[85.143096,45.754544],[85.142761,45.754214],[85.141871,45.754109],[85.141424,45.754302],[85.140813,45.754778],[85.140051,45.755117],[85.139633,45.755161],[85.139282,45.755331],[85.138881,45.755918],[85.138605,45.755981],[85.138071,45.755931],[85.137413,45.755637],[85.137170,45.755433],[85.137532,45.754929],[85.138711,45.754596],[85.138934,45.754332],[85.139074,45.754042],[85.139047,45.753783],[85.138624,45.753267],[85.138262,45.753036],[85.136821,45.753390],[85.136452,45.753385],[85.135887,45.753184],[85.135462,45.752710],[85.135107,45.751911],[85.134748,45.751597],[85.133249,45.751173],[85.133034,45.750836],[85.132987,45.750460],[85.132769,45.750197],[85.131985,45.750135],[85.131648,45.749888],[85.131755,45.749539],[85.131980,45.749208],[85.131872,45.748881],[85.131352,45.748380],[85.130854,45.748331],[85.130278,45.748431],[85.128806,45.748984],[85.127984,45.748972],[85.127969,45.748729],[85.128445,45.748386],[85.129668,45.747787],[85.130510,45.747199],[85.130625,45.746607],[85.130508,45.746205],[85.129961,45.745445],[85.129752,45.745291],[85.129217,45.745258],[85.128544,45.745423],[85.127394,45.745230],[85.126853,45.745397],[85.125976,45.745960],[85.125246,45.746032],[85.125158,45.745838],[85.125905,45.745232],[85.125822,45.744872],[85.125900,45.744656],[85.125588,45.744384],[85.125245,45.744287],[85.124760,45.744288],[85.123946,45.744291],[85.122855,45.744124],[85.122033,45.744111],[85.121822,45.744016],[85.121948,45.743801],[85.122936,45.743482],[85.123386,45.743222],[85.123399,45.742822],[85.123099,45.742533],[85.121815,45.742095],[85.121009,45.742659],[85.120570,45.742602],[85.120457,45.742425],[85.120936,45.741990],[85.121284,45.741202],[85.121296,45.740868],[85.121133,45.740732],[85.120512,45.740789],[85.119837,45.741004],[85.119166,45.741102],[85.119021,45.740815],[85.119256,45.740552],[85.119229,45.740284],[85.119045,45.740106],[85.118028,45.740199],[85.117876,45.740113],[85.117740,45.739551],[85.117344,45.739261],[85.116304,45.739002],[85.115396,45.739054],[85.114328,45.738904],[85.112449,45.737345],[85.112165,45.737282],[85.111694,45.737450],[85.110937,45.738340],[85.110459,45.738374],[85.110152,45.738260],[85.110099,45.737708],[85.110650,45.736590],[85.110593,45.736171],[85.110238,45.735723],[85.109093,45.735729],[85.108586,45.735913],[85.107229,45.736885],[85.106981,45.736797],[85.106861,45.736486],[85.106984,45.735670],[85.106617,45.735221],[85.106279,45.734999],[85.104713,45.734722],[85.103356,45.734658],[85.103145,45.734546],[85.102877,45.733991],[85.102573,45.733810],[85.101967,45.733750],[85.101019,45.733893],[85.099854,45.733782],[85.099552,45.733534],[85.099144,45.732200],[85.098467,45.731729],[85.095569,45.731680],[85.094637,45.732065],[85.094021,45.732606],[85.093637,45.732683],[85.093198,45.732609],[85.093174,45.732257],[85.093327,45.731617],[85.093754,45.730990],[85.093744,45.730589],[85.093524,45.730384],[85.093084,45.730335],[85.092831,45.730414],[85.091575,45.731195],[85.091098,45.731161],[85.090506,45.729982],[85.087951,45.728209],[85.087250,45.727404],[85.086033,45.727032],[85.085602,45.726715],[85.084472,45.725526],[85.083913,45.725116],[85.083307,45.724328],[85.083027,45.724123],[85.082530,45.724006],[85.082249,45.723825],[85.081719,45.722931],[85.080971,45.722433],[85.080304,45.721695],[85.076791,45.721699],[85.076604,45.721579],[85.076713,45.721205],[85.076949,45.720925],[85.076957,45.720683],[85.076718,45.720345],[85.074319,45.719225],[85.072657,45.718902],[85.071240,45.718768],[85.070144,45.718305],[85.069158,45.717427],[85.067451,45.716669],[85.066588,45.716052],[85.064919,45.715579],[85.064166,45.715548],[85.063886,45.715359],[85.064085,45.714110],[85.063696,45.713593],[85.063054,45.713840],[85.062853,45.714129],[85.062112,45.714466],[85.059885,45.713163],[85.059502,45.713156],[85.059186,45.713309],[85.059173,45.713684],[85.058871,45.714121],[85.058518,45.714290],[85.058038,45.714348],[85.057396,45.714578],[85.056855,45.714634],[85.055627,45.714519],[85.055406,45.714340],[85.055564,45.713590],[85.055251,45.713301],[85.054980,45.713187],[85.054593,45.713314],[85.054196,45.713724],[85.053779,45.714000],[85.052990,45.713985],[85.052426,45.713690],[85.051987,45.713590],[85.051541,45.713673],[85.051377,45.713937],[85.051313,45.714729],[85.051527,45.715109],[85.050908,45.715381],[85.048174,45.715863],[85.047038,45.715841],[85.044674,45.716363],[85.043848,45.716372],[85.041986,45.716887],[85.041379,45.717142],[85.039757,45.717311],[85.038343,45.716991],[85.037877,45.716982],[85.036790,45.717912],[85.035600,45.718398],[85.035288,45.718417],[85.034757,45.718181],[85.034126,45.718102],[85.032031,45.718060],[85.031232,45.718311],[85.030453,45.719022],[85.029551,45.719447],[85.026192,45.720290],[85.025041,45.720659],[85.024355,45.721072],[85.023776,45.721194],[85.022700,45.721122],[85.022271,45.720721],[85.022598,45.719617],[85.022315,45.719502],[85.021748,45.719600],[85.021516,45.719728],[85.021110,45.719704],[85.020793,45.719497],[85.020649,45.719185],[85.020278,45.718818],[85.019651,45.718614],[85.018325,45.718495],[85.017785,45.718526],[85.017504,45.718679],[85.017279,45.718607],[85.017353,45.717548],[85.016949,45.717098],[85.016549,45.716889],[85.016662,45.716407],[85.016556,45.715695],[85.016323,45.715181],[85.016046,45.714866],[85.015069,45.714738],[85.013140,45.714740],[85.012172,45.715013],[85.011608,45.715043],[85.011157,45.715235],[85.010173,45.715966],[85.009826,45.715959],[85.009368,45.715682],[85.008850,45.715764],[85.008269,45.716261],[85.007982,45.716915],[85.007944,45.717315],[85.008343,45.717566],[85.009419,45.717629],[85.009663,45.717835],[85.009645,45.718344],[85.009025,45.718924],[85.007332,45.719357],[85.007074,45.719527],[85.006889,45.720008],[85.006387,45.719972],[85.006144,45.719750],[85.006028,45.719305],[85.005624,45.719205],[85.002996,45.719498],[85.002353,45.719385],[85.002246,45.719195],[85.000683,45.718996],[84.999254,45.719100],[84.998215,45.718987],[84.996667,45.718738],[84.996172,45.718511],[84.995117,45.717846],[84.994504,45.717232],[84.993970,45.717088],[84.991953,45.716871],[84.991177,45.716462],[84.990324,45.716219],[84.989293,45.716557],[84.988060,45.716549],[84.987379,45.716159],[84.986917,45.715690],[84.986325,45.715478],[84.984687,45.715402],[84.984403,45.715305],[84.984251,45.714859],[84.984043,45.714654],[84.981356,45.714449],[84.980957,45.714214],[84.979785,45.714150],[84.978242,45.713784],[84.977275,45.713372],[84.975142,45.712751],[84.972707,45.711859],[84.972203,45.711565],[84.971751,45.711155],[84.971725,45.710895],[84.972347,45.710240],[84.972999,45.709769],[84.974232,45.709109],[84.974689,45.708718],[84.974818,45.708478],[84.974704,45.708325],[84.974456,45.708229],[84.973879,45.708284],[84.972764,45.708662],[84.972441,45.708655],[84.972233,45.708451],[84.972180,45.707915],[84.971865,45.707032],[84.971309,45.706861],[84.970642,45.706756],[84.969791,45.706789],[84.969329,45.706980],[84.968853,45.707228],[84.966985,45.708895],[84.964760,45.709819],[84.963712,45.710023],[84.961620,45.709956],[84.961030,45.709727],[84.960578,45.709300],[84.958809,45.708930],[84.958259,45.708585],[84.958175,45.708274],[84.958759,45.707668],[84.959580,45.706182],[84.960244,45.705359],[84.960491,45.704495],[84.959886,45.703048],[84.959550,45.702732],[84.958870,45.703011],[84.958610,45.703248],[84.958547,45.703997],[84.957904,45.705221],[84.957238,45.707061],[84.956672,45.707827],[84.956417,45.707930],[84.956070,45.707923],[84.955787,45.707809],[84.955917,45.707518],[84.956681,45.706590],[84.956742,45.705907],[84.956655,45.705664],[84.956410,45.705500],[84.955653,45.705267],[84.954321,45.704398],[84.952867,45.703592],[84.951918,45.702713],[84.949948,45.701329],[84.949490,45.700769],[84.948297,45.700369],[84.946940,45.698414],[84.946391,45.697258],[84.945790,45.696916],[84.945465,45.696731],[84.944858,45.696009],[84.944442,45.695316],[84.943827,45.694803],[84.943145,45.694497],[84.942742,45.694071],[84.942300,45.693420],[84.942039,45.692730],[84.941814,45.692016],[84.941873,45.691047],[84.941709,45.690318],[84.941048,45.688802],[84.940470,45.687947],[84.938644,45.686900],[84.938132,45.686223],[84.937943,45.685518],[84.937781,45.685356],[84.937569,45.685285],[84.936618,45.685467],[84.936297,45.685435],[84.935635,45.684603],[84.935596,45.684036],[84.935201,45.683401],[84.934993,45.683222],[84.934706,45.683242],[84.934444,45.683545],[84.934014,45.683845],[84.933071,45.683853],[84.931466,45.682668],[84.928545,45.681577],[84.927747,45.680894],[84.927334,45.680752],[84.926645,45.680681],[84.926345,45.680382],[84.925896,45.679623],[84.925627,45.678515],[84.925176,45.677779],[84.925415,45.677142],[84.925411,45.676606],[84.922931,45.674288],[84.922475,45.673986],[84.922547,45.672684],[84.922078,45.671815],[84.920900,45.670448],[84.919709,45.669432],[84.919510,45.668677],[84.919558,45.668112],[84.919821,45.667530],[84.919978,45.666840],[84.919953,45.666217],[84.918943,45.665325],[84.918414,45.665098],[84.918083,45.664716],[84.917952,45.664046],[84.918077,45.663255],[84.916734,45.661860],[84.916211,45.661474],[84.915619,45.661355],[84.915380,45.661058],[84.915309,45.657833],[84.915127,45.656635],[84.914490,45.654527],[84.914192,45.653903],[84.913040,45.652821],[84.912526,45.652210],[84.912005,45.651783],[84.911756,45.651444],[84.911453,45.651247],[84.909946,45.651060],[84.909474,45.650943],[84.909136,45.650736],[84.909061,45.650208],[84.909167,45.649918],[84.909400,45.649722],[84.909830,45.649555],[84.910119,45.649297],[84.910240,45.649099],[84.910228,45.648936],[84.909063,45.648075],[84.908531,45.647159],[84.907871,45.647113],[84.907264,45.647256],[84.906942,45.647426],[84.906424,45.647404],[84.906000,45.646966],[84.905822,45.646633],[84.905594,45.646507],[84.905213,45.646500],[84.904686,45.646733],[84.904370,45.646748],[84.902987,45.646138],[84.901908,45.646018],[84.901218,45.645817],[84.900741,45.645533],[84.900074,45.645354],[84.899299,45.645398],[84.898444,45.645967],[84.897985,45.645971],[84.897274,45.645558],[84.896744,45.645418],[84.895723,45.645333],[84.893018,45.644453],[84.891718,45.644188],[84.889041,45.642595],[84.888589,45.642090],[84.886658,45.641082],[84.886426,45.640911],[84.886077,45.641038],[84.885476,45.641512],[84.885159,45.641540],[84.884883,45.641447],[84.884858,45.641171],[84.885191,45.640380],[84.885106,45.640115],[84.884845,45.639922],[84.883954,45.639740],[84.882311,45.638671],[84.880578,45.638732],[84.879851,45.638297],[84.878947,45.638139],[84.877651,45.637494],[84.876394,45.637410],[84.875493,45.637481],[84.873053,45.638023],[84.871887,45.638533],[84.871236,45.638589],[84.870807,45.638326],[84.870676,45.637994],[84.870266,45.637687],[84.870077,45.637662],[84.869329,45.637937],[84.868022,45.637931],[84.867296,45.637326],[84.866922,45.637144],[84.865413,45.637143],[84.864773,45.637416],[84.864394,45.637363],[84.864016,45.637311],[84.863747,45.637197],[84.863204,45.636478],[84.862984,45.636324],[84.862806,45.636321],[84.862127,45.636660],[84.860493,45.636498],[84.859789,45.636269],[84.859102,45.635906],[84.858894,45.634817],[84.858861,45.634106],[84.858555,45.633725],[84.857331,45.633729],[84.856206,45.632883],[84.855194,45.632122],[84.853739,45.631638],[84.851048,45.631191],[84.847680,45.631350],[84.846315,45.631636],[84.845398,45.631963],[84.842871,45.632863],[84.842460,45.633056],[84.842192,45.633536],[84.840752,45.634221],[84.840247,45.634405],[84.839295,45.634438],[84.838592,45.633875],[84.838362,45.633378],[84.838376,45.633003],[84.837902,45.632360],[84.837613,45.631537],[84.836355,45.630897],[84.835464,45.629353],[84.834223,45.628271],[84.833590,45.627960],[84.831010,45.630007],[84.826863,45.633360],[84.827307,45.636996],[84.827212,45.639455],[84.827475,45.644346],[84.827636,45.644805],[84.828088,45.645353],[84.829756,45.646609],[84.829656,45.647259],[84.826495,45.648516],[84.824386,45.649599],[84.822866,45.650508],[84.821856,45.650816],[84.821321,45.650832],[84.819593,45.650643],[84.817904,45.651324],[84.817304,45.651472],[84.816453,45.651340],[84.814352,45.651304],[84.813252,45.651176],[84.812853,45.651035],[84.811154,45.651031],[84.806863,45.652283],[84.803982,45.653643],[84.803712,45.654165],[84.803511,45.656859],[84.803181,45.658022],[84.800900,45.659201],[84.797516,45.660619],[84.796652,45.661714],[84.794823,45.662583],[84.793662,45.663380],[84.792889,45.663676],[84.792066,45.663753],[84.788688,45.663466],[84.786960,45.662349],[84.785536,45.661045],[84.785458,45.660601],[84.785679,45.659828],[84.786270,45.658428],[84.785914,45.657803],[84.784660,45.656102],[84.783412,45.655177],[84.780946,45.653778],[84.778984,45.652548],[84.776136,45.651167],[84.773892,45.650732],[84.772743,45.650310],[84.772196,45.649706],[84.772142,45.648662],[84.772851,45.646094],[84.773767,45.643389],[84.773981,45.642182],[84.773956,45.641029],[84.773607,45.640513],[84.773205,45.640155],[84.773097,45.639886],[84.773325,45.639539],[84.773680,45.639279],[84.776138,45.639375],[84.777445,45.639725],[84.778191,45.639806],[84.778865,45.639618],[84.788363,45.634848],[84.790946,45.633835],[84.792232,45.633173],[84.793685,45.631278],[84.800542,45.623977],[84.802024,45.623118],[84.803371,45.621789],[84.803906,45.620855],[84.803919,45.620546],[84.803404,45.620027],[84.803319,45.619783],[84.803467,45.619343],[84.804205,45.618672],[84.805033,45.616941],[84.804833,45.615676],[84.804874,45.614616],[84.805204,45.614071],[84.805455,45.613432],[84.806077,45.612692],[84.806252,45.612160],[84.806089,45.611631],[84.806127,45.610968],[84.805963,45.610756],[84.805672,45.610605],[84.805602,45.610407],[84.805939,45.610159],[84.806526,45.609242],[84.806469,45.608731],[84.806273,45.608440],[84.805970,45.608272],[84.805716,45.608242],[84.805197,45.608321],[84.804257,45.608672],[84.803382,45.608865],[84.802972,45.608870],[84.802821,45.608788],[84.802694,45.608080],[84.802193,45.607541],[84.802191,45.606058],[84.801450,45.605586],[84.800580,45.604752],[84.799369,45.603812],[84.798451,45.602856],[84.797197,45.601969],[84.795302,45.601363],[84.794537,45.600894],[84.794124,45.600511],[84.793681,45.600306],[84.792787,45.600244],[84.792336,45.600082],[84.792170,45.599924],[84.792171,45.599118],[84.792007,45.598915],[84.791605,45.598711],[84.791027,45.598613],[84.790127,45.598705],[84.789784,45.598653],[84.788063,45.597574],[84.787289,45.597318],[84.785090,45.597641],[84.783618,45.597593],[84.783240,45.597243],[84.783256,45.596834],[84.783117,45.596301],[84.780917,45.594219],[84.780773,45.593949],[84.780778,45.593373],[84.780678,45.593196],[84.779810,45.592925],[84.779463,45.592534],[84.779627,45.591994],[84.780522,45.591589],[84.780522,45.591117],[84.779935,45.590488],[84.779506,45.590226],[84.778960,45.590060],[84.777710,45.589971],[84.777000,45.590033],[84.775983,45.589914],[84.775752,45.589746],[84.775837,45.589539],[84.776463,45.589183],[84.776470,45.589008],[84.776322,45.588851],[84.776057,45.588792],[84.775616,45.588817],[84.774497,45.589314],[84.773788,45.589221],[84.773782,45.589058],[84.774251,45.588791],[84.774804,45.588622],[84.775310,45.588155],[84.775337,45.587893],[84.775158,45.587635],[84.775197,45.587406],[84.775412,45.587222],[84.775827,45.587084],[84.776599,45.586956],[84.777099,45.586623],[84.777268,45.586413],[84.777279,45.586138],[84.777008,45.585769],[84.776612,45.585432],[84.774689,45.584766],[84.774587,45.584630],[84.774455,45.583909],[84.774095,45.583560],[84.773862,45.583447],[84.772204,45.583579],[84.771850,45.583376],[84.771731,45.583227],[84.771852,45.582988],[84.772316,45.582708],[84.772358,45.582554],[84.772161,45.582275],[84.770510,45.581183],[84.769743,45.581060],[84.769461,45.580975],[84.769329,45.580839],[84.769290,45.580630],[84.769662,45.580248],[84.769897,45.579856],[84.769623,45.578970],[84.771489,45.578241],[84.772102,45.577910],[84.772398,45.577486],[84.772180,45.577106],[84.771868,45.577033],[84.771013,45.577192],[84.769569,45.577941],[84.768937,45.578005],[84.768814,45.577948],[84.768786,45.577760],[84.770028,45.576998],[84.770326,45.576674],[84.770352,45.576332],[84.770280,45.576197],[84.769679,45.575910],[84.769734,45.575731],[84.771338,45.574814],[84.771460,45.574595],[84.771483,45.574019],[84.771348,45.573841],[84.771195,45.573792],[84.770814,45.573818],[84.770113,45.574106],[84.769561,45.574083],[84.769336,45.573924],[84.768036,45.571790],[84.767696,45.570732],[84.766030,45.568424],[84.764438,45.566869],[84.761397,45.565031],[84.759978,45.564419],[84.759947,45.564298],[84.760047,45.564166],[84.760525,45.564088],[84.761376,45.563640],[84.761534,45.563255],[84.761544,45.562992],[84.761216,45.562564],[84.760837,45.562502],[84.760272,45.562558],[84.759580,45.562908],[84.757992,45.564126],[84.757517,45.565002],[84.757010,45.565489],[84.756252,45.565850],[84.755721,45.565760],[84.755541,45.565193],[84.755168,45.564722],[84.755011,45.564335],[84.756446,45.563390],[84.756705,45.563153],[84.756778,45.562920],[84.755830,45.562714],[84.755773,45.562525],[84.755852,45.562184],[84.756112,45.561914],[84.756168,45.561672],[84.755870,45.561266],[84.754285,45.561192],[84.754196,45.561070],[84.754330,45.560818],[84.754830,45.560527],[84.754932,45.560354],[84.754379,45.559604],[84.754028,45.559309],[84.753665,45.559301],[84.752735,45.559350],[84.752566,45.559292],[84.752419,45.559110],[84.752538,45.558795],[84.754093,45.557355],[84.755863,45.555941],[84.757119,45.555147],[84.757562,45.554759],[84.757566,45.554638],[84.757399,45.554501],[84.757164,45.554463],[84.756275,45.554680],[84.755816,45.554712],[84.755695,45.554622],[84.755781,45.554415],[84.756673,45.553802],[84.756694,45.553539],[84.756509,45.553147],[84.755342,45.552110],[84.755028,45.551957],[84.754797,45.551953],[84.754109,45.552194],[84.753872,45.552189],[84.753598,45.552042],[84.753513,45.551786],[84.753500,45.550900],[84.752842,45.549993],[84.752145,45.549698],[84.751039,45.548801],[84.750575,45.548525],[84.750324,45.548407],[84.749526,45.548316],[84.748094,45.547247],[84.747624,45.547096],[84.747399,45.546933],[84.747466,45.546404],[84.747761,45.546059],[84.747533,45.545048],[84.746969,45.544586],[84.745837,45.544195],[84.745153,45.544061],[84.744789,45.543623],[84.744711,45.543212],[84.744276,45.542773],[84.743698,45.542628],[84.743095,45.542729],[84.742585,45.543249],[84.741831,45.543234],[84.738598,45.542713],[84.738056,45.542447],[84.737681,45.541988],[84.736939,45.541672],[84.735535,45.541347],[84.734845,45.540481],[84.734910,45.539280],[84.734766,45.538600],[84.734431,45.537908],[84.734317,45.536749],[84.734620,45.535837],[84.735454,45.534660],[84.735815,45.534379],[84.736459,45.534061],[84.736976,45.533609],[84.737164,45.533225],[84.737177,45.532907],[84.736975,45.532461],[84.736153,45.531746],[84.735301,45.531353],[84.735007,45.530971],[84.734894,45.530500],[84.734454,45.529924],[84.734405,45.529371],[84.734992,45.528958],[84.736778,45.528360],[84.737137,45.528162],[84.737381,45.527858],[84.737432,45.527442],[84.737309,45.527263],[84.736436,45.527078],[84.735232,45.526975],[84.735153,45.526886],[84.735339,45.526560],[84.735362,45.526005],[84.735133,45.525461],[84.734877,45.524429],[84.734511,45.524066],[84.733735,45.523850],[84.733503,45.523690],[84.733483,45.523448],[84.735063,45.523359],[84.736536,45.523101],[84.737336,45.522753],[84.737810,45.522355],[84.738543,45.521267],[84.739200,45.521047],[84.739479,45.520756],[84.739508,45.520334],[84.739405,45.519802],[84.738789,45.519460],[84.738765,45.519292],[84.738901,45.519007],[84.739229,45.518704],[84.740033,45.518211],[84.740177,45.517763],[84.739747,45.517189],[84.739278,45.517026],[84.738327,45.516853],[84.736570,45.516771],[84.736405,45.516604],[84.736334,45.516281],[84.736382,45.515994],[84.737247,45.515461],[84.737627,45.514750],[84.737530,45.514339],[84.736975,45.514127],[84.736809,45.513936],[84.736846,45.513749],[84.738107,45.512860],[84.738120,45.512538],[84.737705,45.512362],[84.736264,45.512267],[84.736140,45.512089],[84.736327,45.511883],[84.737125,45.511536],[84.737456,45.511188],[84.737426,45.511021],[84.737276,45.510909],[84.736372,45.510744],[84.735671,45.510885],[84.734741,45.511375],[84.734523,45.511337],[84.734418,45.511135],[84.734882,45.510241],[84.734724,45.509737],[84.734900,45.508625],[84.736655,45.506808],[84.736729,45.506453],[84.736678,45.506232],[84.736526,45.506062],[84.736041,45.505956],[84.733620,45.506282],[84.731960,45.506168],[84.731774,45.506043],[84.731292,45.505181],[84.730600,45.505079],[84.729595,45.505079],[84.729206,45.504984],[84.728792,45.504766],[84.728691,45.504508],[84.728966,45.504293],[84.730085,45.503832],[84.730236,45.503193],[84.730711,45.502321],[84.730718,45.502167],[84.730477,45.501915],[84.729675,45.501899],[84.729573,45.501788],[84.729584,45.501513],[84.729939,45.501253],[84.729979,45.500701],[84.729796,45.500522],[84.729312,45.500446],[84.729155,45.500343],[84.729202,45.500056],[84.729690,45.499622],[84.730540,45.498449],[84.730928,45.498103],[84.731714,45.497789],[84.731950,45.497394],[84.731960,45.497151],[84.731872,45.496962],[84.731675,45.496848],[84.731407,45.496844],[84.729756,45.497227],[84.729523,45.497122],[84.729342,45.496889],[84.729326,45.496545],[84.729554,45.495598],[84.729572,45.495168],[84.728835,45.493516],[84.728728,45.493075],[84.728814,45.491252],[84.729020,45.490107],[84.729023,45.489590],[84.728662,45.489268],[84.727931,45.489400],[84.727647,45.489374],[84.727357,45.489188],[84.727306,45.488836],[84.727476,45.488176],[84.727542,45.486940],[84.726930,45.485766],[84.726839,45.485209],[84.726875,45.484329],[84.726733,45.484004],[84.726026,45.483547],[84.725929,45.483148],[84.725917,45.482718],[84.726330,45.482195],[84.727292,45.481343],[84.727577,45.480769],[84.726604,45.479692],[84.726237,45.479509],[84.725722,45.479451],[84.723986,45.479871],[84.723737,45.479865],[84.723570,45.479728],[84.723641,45.479433],[84.723888,45.479205],[84.723863,45.478660],[84.723674,45.477871],[84.723755,45.477498],[84.724092,45.476953],[84.724145,45.476383],[84.723946,45.475857],[84.723780,45.475697],[84.723401,45.475669],[84.723052,45.475750],[84.722701,45.475917],[84.722173,45.476471],[84.722024,45.476468],[84.721876,45.476464],[84.721291,45.476067],[84.720251,45.475770],[84.718681,45.475624],[84.717261,45.474996],[84.716215,45.474833],[84.716172,45.474719],[84.716370,45.474514],[84.716699,45.474466],[84.717763,45.474632],[84.717969,45.474548],[84.718659,45.473944],[84.718930,45.473871],[84.719607,45.474198],[84.720065,45.474195],[84.720653,45.474054],[84.722083,45.473244],[84.722753,45.472715],[84.722841,45.472454],[84.721649,45.471181],[84.720345,45.470355],[84.719811,45.470310],[84.719148,45.470383],[84.718576,45.470573],[84.717420,45.471499],[84.717196,45.471592],[84.716815,45.471608],[84.716487,45.471191],[84.716605,45.469900],[84.716575,45.469026],[84.716417,45.468216],[84.716107,45.467349],[84.715884,45.465520],[84.715736,45.465221],[84.715598,45.465084],[84.714739,45.465011],[84.714554,45.464886],[84.714441,45.464153],[84.714277,45.463940],[84.713504,45.463649],[84.712409,45.463062],[84.711908,45.462661],[84.711701,45.462348],[84.711465,45.460388],[84.711148,45.459980],[84.711036,45.459669],[84.711013,45.458787],[84.710596,45.457329],[84.710618,45.456779],[84.710830,45.456252],[84.711922,45.454982],[84.711897,45.454727],[84.711221,45.453650],[84.711259,45.452725],[84.710725,45.451794],[84.709501,45.451050],[84.709133,45.450725],[84.708791,45.450228],[84.708109,45.450039],[84.706619,45.450260],[84.706375,45.450109],[84.706257,45.449931],[84.706258,45.449488],[84.705687,45.448749],[84.705713,45.448538],[84.706384,45.448289],[84.706583,45.448072],[84.706662,45.447287],[84.706542,45.446742],[84.706310,45.446287],[84.705961,45.445958],[84.705319,45.445801],[84.704350,45.446076],[84.703719,45.446552],[84.703217,45.447180],[84.702782,45.447944],[84.702443,45.448091],[84.701863,45.448015],[84.701665,45.447897],[84.702579,45.446340],[84.702579,45.445917],[84.702229,45.445601],[84.701683,45.445556],[84.701432,45.445449],[84.701315,45.445259],[84.701326,45.444976],[84.702562,45.443686],[84.702836,45.443104],[84.702848,45.442807],[84.702436,45.442402],[84.699869,45.442501],[84.698693,45.442751],[84.698176,45.442739],[84.697435,45.442393],[84.697231,45.442422],[84.697033,45.442613],[84.696508,45.443522],[84.695993,45.443752],[84.695502,45.443841],[84.693646,45.443391],[84.692951,45.442779],[84.692568,45.442561],[84.692485,45.442259],[84.692772,45.441360],[84.692713,45.440465],[84.692414,45.439772],[84.692008,45.439220],[84.691288,45.438795],[84.690383,45.438533],[84.689525,45.438714],[84.688372,45.439275],[84.687551,45.439268],[84.687139,45.439004],[84.686793,45.438601],[84.686834,45.436876],[84.686057,45.435798],[84.685463,45.435785],[84.684703,45.436187],[84.684560,45.436182],[84.684336,45.435981],[84.684233,45.435745],[84.684462,45.435245],[84.684772,45.433781],[84.684724,45.433070],[84.685473,45.430180],[84.685596,45.429060],[84.685239,45.428496],[84.684723,45.428012],[84.683543,45.426175],[84.683147,45.425388],[84.683134,45.424991],[84.682990,45.424578],[84.683059,45.424062],[84.683351,45.423902],[84.684496,45.423684],[84.684678,45.423467],[84.684688,45.423204],[84.684489,45.422979],[84.682538,45.422259],[84.682234,45.421989],[84.681133,45.421588],[84.680154,45.420957],[84.679608,45.420495],[84.679428,45.420222],[84.679321,45.419791],[84.679113,45.419509],[84.678829,45.419470],[84.678443,45.419603],[84.677630,45.420704],[84.676841,45.420808],[84.675128,45.420657],[84.675089,45.420460],[84.675383,45.420245],[84.675973,45.420070],[84.676167,45.419853],[84.676413,45.418932],[84.677169,45.418472],[84.677965,45.418202],[84.678084,45.418050],[84.677995,45.417484],[84.676484,45.417208],[84.675777,45.417180],[84.674605,45.417333],[84.672126,45.417896],[84.670861,45.417714],[84.669942,45.417794],[84.669858,45.417745],[84.669761,45.417689],[84.669727,45.417379],[84.671213,45.416098],[84.671334,45.415757],[84.671328,45.415469],[84.670957,45.415374],[84.670026,45.415452],[84.669760,45.415413],[84.669388,45.415205],[84.668577,45.413970],[84.667720,45.413421],[84.666500,45.412863],[84.666208,45.412590],[84.665272,45.412063],[84.665232,45.411895],[84.665360,45.411638],[84.666939,45.411419],[84.667689,45.411093],[84.668768,45.410165],[84.668823,45.409991],[84.668680,45.409712],[84.667969,45.409353],[84.667885,45.409097],[84.668855,45.407627],[84.669082,45.406747],[84.668765,45.406506],[84.668462,45.406499],[84.667332,45.406942],[84.666201,45.406816],[84.665519,45.406634],[84.664855,45.406310],[84.664602,45.405950],[84.664496,45.405496],[84.664221,45.405235],[84.663463,45.404876],[84.663596,45.404403],[84.664051,45.404028],[84.664575,45.403155],[84.664905,45.402364],[84.664921,45.401713],[84.664084,45.401377],[84.663639,45.401054],[84.660928,45.400058],[84.660536,45.400049],[84.660333,45.400065],[84.660136,45.400228],[84.659835,45.401069],[84.659466,45.401625],[84.658724,45.402030],[84.658357,45.402130],[84.657721,45.401995],[84.657469,45.401614],[84.656575,45.400666],[84.655917,45.400631],[84.655467,45.400884],[84.654941,45.400388],[84.654334,45.400107],[84.654004,45.399757],[84.653775,45.399255],[84.653627,45.398245],[84.653258,45.396817],[84.652973,45.396251],[84.652751,45.396162],[84.651538,45.396728],[84.651004,45.396716],[84.650923,45.396405],[84.651776,45.395589],[84.652882,45.393868],[84.653604,45.392531],[84.654928,45.390664],[84.655364,45.390181],[84.657177,45.388876],[84.657378,45.388613],[84.657386,45.388421],[84.657263,45.388235],[84.656895,45.388227],[84.655272,45.388683],[84.654392,45.389257],[84.653400,45.389678],[84.652921,45.389775],[84.652303,45.389762],[84.651710,45.389464],[84.650218,45.389030],[84.649220,45.389033],[84.647584,45.388086],[84.646164,45.386797],[84.644956,45.386428],[84.644810,45.386082],[84.644973,45.385159],[84.645218,45.384567],[84.645532,45.384286],[84.645684,45.383926],[84.645622,45.383273],[84.645349,45.382966],[84.645250,45.382642],[84.645310,45.382347],[84.645573,45.382165],[84.647041,45.381579],[84.647351,45.381285],[84.647426,45.381036],[84.647549,45.379932],[84.647404,45.379277],[84.647186,45.379227],[84.646100,45.379624],[84.645864,45.379586],[84.645719,45.379361],[84.646209,45.378875],[84.647004,45.378316],[84.647368,45.377564],[84.647224,45.377172],[84.646794,45.376941],[84.645970,45.376790],[84.644294,45.376644],[84.644220,45.376421],[84.644347,45.376094],[84.645123,45.375138],[84.645017,45.374705],[84.644792,45.374533],[84.643789,45.374820],[84.642760,45.374985],[84.640417,45.375054],[84.639956,45.375144],[84.639446,45.375012],[84.639468,45.374770],[84.639733,45.374529],[84.640624,45.374219],[84.640775,45.374014],[84.640788,45.372840],[84.640977,45.372159],[84.641068,45.370253],[84.641256,45.368887],[84.641169,45.368287],[84.640653,45.366693],[84.640556,45.366039],[84.639564,45.364175],[84.639012,45.363762],[84.637362,45.363450],[84.637069,45.363364],[84.636889,45.363164],[84.636737,45.362638],[84.636735,45.361268],[84.636658,45.360836],[84.635665,45.359035],[84.635465,45.358855],[84.633170,45.358529],[84.632810,45.358220],[84.632799,45.358032],[84.633078,45.357729],[84.634497,45.356900],[84.634631,45.356661],[84.634497,45.356457],[84.634282,45.356344],[84.632795,45.356729],[84.632413,45.356741],[84.632276,45.356694],[84.632138,45.356648],[84.631626,45.356127],[84.630275,45.353524],[84.629897,45.353065],[84.628701,45.352007],[84.628287,45.351137],[84.627910,45.350786],[84.627088,45.349311],[84.626896,45.349064],[84.626303,45.348650],[84.625750,45.347577],[84.624988,45.347043],[84.624172,45.346273],[84.624166,45.345997],[84.624417,45.345238],[84.624350,45.344731],[84.623848,45.344244],[84.623318,45.343878],[84.622916,45.343694],[84.622217,45.343565],[84.621769,45.343339],[84.620701,45.342229],[84.620001,45.341805],[84.618818,45.340743],[84.617212,45.339756],[84.616766,45.339216],[84.615654,45.338728],[84.614864,45.338214],[84.614184,45.337615],[84.613802,45.336997],[84.613464,45.336835],[84.612501,45.336626],[84.611918,45.336321],[84.611756,45.335750],[84.611554,45.335612],[84.610812,45.335395],[84.610298,45.334912],[84.610171,45.334659],[84.608585,45.333817],[84.608254,45.333371],[84.605027,45.330791],[84.598435,45.326857],[84.597610,45.326468],[84.595911,45.325876],[84.595500,45.325517],[84.595031,45.324709],[84.594858,45.324074],[84.594343,45.323633],[84.594201,45.323333],[84.594096,45.322742],[84.593886,45.322528],[84.592840,45.322076],[84.592248,45.321379],[84.591939,45.321259],[84.590885,45.321283],[84.589848,45.321019],[84.589855,45.320852],[84.590910,45.319980],[84.590914,45.319612],[84.590734,45.319412],[84.590331,45.319270],[84.588663,45.319102],[84.587731,45.318907],[84.587654,45.318220],[84.587428,45.317981],[84.587043,45.317811],[84.586790,45.317517],[84.586715,45.317052],[84.586797,45.315812],[84.586685,45.315513],[84.586355,45.315210],[84.585948,45.315210],[84.584626,45.315671],[84.583924,45.315624],[84.583904,45.315410],[84.584450,45.315091],[84.585085,45.314883],[84.585264,45.314719],[84.585302,45.314503],[84.585219,45.314233],[84.583592,45.313118],[84.582019,45.312576],[84.581070,45.312092],[84.580550,45.311518],[84.579300,45.310740],[84.580617,45.298815],[84.581370,45.293615],[84.581700,45.290465],[84.581873,45.288814],[84.581893,45.288655],[84.583729,45.274264],[84.585991,45.259935],[84.587351,45.252114],[84.588880,45.241430],[84.593049,45.237495],[84.595234,45.236056],[84.596042,45.235391],[84.596581,45.234764],[84.597916,45.231504],[84.598392,45.230944],[84.600232,45.229542],[84.601654,45.228864],[84.602614,45.228107],[84.603672,45.227603],[84.609166,45.223000],[84.610646,45.221521],[84.612645,45.220192],[84.614728,45.219140],[84.615587,45.218503],[84.616466,45.217038],[84.618008,45.214076],[84.619816,45.212631],[84.621316,45.210653],[84.622429,45.207418],[84.623131,45.206334],[84.624846,45.203087],[84.626572,45.200328],[84.626698,45.199566],[84.627370,45.198077],[84.628761,45.195650],[84.630363,45.193303],[84.631059,45.191595],[84.631324,45.190608],[84.631871,45.189134],[84.632311,45.188116],[84.632791,45.187327],[84.632741,45.187003],[84.633285,45.185936],[84.633982,45.185013],[84.634920,45.184108],[84.635691,45.183538],[84.636500,45.183086],[84.638872,45.182092],[84.639615,45.181694],[84.640722,45.180939],[84.642572,45.179483],[84.644259,45.178380],[84.647498,45.175575],[84.650337,45.173349],[84.653053,45.170648],[84.656051,45.168088],[84.659964,45.165405],[84.663004,45.163111],[84.665751,45.161415],[84.666865,45.160103],[84.668894,45.158546],[84.668625,45.154298],[84.667501,45.147594],[84.666849,45.141640],[84.661586,45.102329],[84.661570,45.102214],[84.657399,45.063472],[84.656437,45.055772],[84.653769,45.034423],[84.651920,45.019628],[84.650606,45.009105],[84.642366,45.003279],[84.651636,45.000123],[84.647673,44.967719],[84.642963,44.929192],[84.635663,44.930232],[84.634382,44.908382],[84.634008,44.906009],[84.633950,44.905129],[84.634331,44.901016],[84.634429,44.898059],[84.634648,44.895139],[84.634729,44.894057],[84.635799,44.879768],[84.636122,44.877217],[84.636116,44.876643],[84.635529,44.871854],[84.635266,44.868529],[84.635019,44.867664],[84.635062,44.867464],[84.635274,44.867237],[84.635634,44.867073],[84.648424,44.866724],[84.648629,44.866326],[84.649099,44.857979],[84.649382,44.850177],[84.650086,44.835602],[84.650094,44.835428],[84.651010,44.816472],[84.651255,44.811387],[84.652485,44.791034],[84.640506,44.791777],[84.630276,44.792410],[84.629526,44.792448],[84.627917,44.792339],[84.627881,44.792381],[84.627784,44.792315],[84.626002,44.791772],[84.626424,44.784236],[84.628155,44.783790],[84.631462,44.782164],[84.634611,44.779902],[84.636454,44.778988],[84.637168,44.779097],[84.643083,44.775259],[84.644525,44.774213],[84.645267,44.773108],[84.647955,44.766689],[84.648371,44.765999],[84.648762,44.765546],[84.649307,44.765173],[84.651599,44.763973],[84.656981,44.761954],[84.673661,44.755259],[84.673993,44.754364],[84.674213,44.752916],[84.674249,44.752572],[84.674052,44.752129],[84.674418,44.751924],[84.674513,44.750624],[84.674778,44.750283],[84.675544,44.750009],[84.676149,44.749463],[84.676421,44.749412],[84.677489,44.748794],[84.678277,44.748112],[84.678217,44.747489],[84.677795,44.746779],[84.678357,44.746109],[84.677402,44.745347],[84.675364,44.744141],[84.673525,44.743619],[84.673095,44.743694],[84.672752,44.743162],[84.672936,44.741871],[84.673930,44.740723],[84.675537,44.740859],[84.677334,44.739846],[84.680953,44.739827],[84.683171,44.740532],[84.686591,44.740510],[84.690614,44.739240],[84.693980,44.737180],[84.694775,44.736461],[84.694752,44.734886],[84.695555,44.734453],[84.701375,44.734275],[84.702576,44.733554],[84.703173,44.733549],[84.703601,44.735259],[84.704006,44.735547],[84.705620,44.735680],[84.706415,44.735382],[84.708403,44.733797],[84.708403,44.733518],[84.710574,44.731216],[84.712531,44.727190],[84.708663,44.723931],[84.707630,44.721641],[84.707607,44.719931],[84.708379,44.717923],[84.711353,44.715188],[84.714581,44.714928],[84.715884,44.715030],[84.716726,44.715361],[84.717598,44.716550],[84.718078,44.716873],[84.718644,44.716959],[84.719044,44.716654],[84.719520,44.715761],[84.719863,44.715575],[84.721334,44.715417],[84.724428,44.714722],[84.728107,44.712652],[84.729627,44.711172],[84.730692,44.711074],[84.732432,44.711230],[84.733352,44.711517],[84.734616,44.711634],[84.735600,44.711609],[84.737427,44.712180],[84.737808,44.712041],[84.738346,44.711499],[84.738930,44.710461],[84.738960,44.709677],[84.739081,44.709247],[84.739502,44.709052],[84.740257,44.708930],[84.740744,44.708719],[84.740901,44.708326],[84.740919,44.707004],[84.741899,44.703956],[84.742949,44.703350],[84.744395,44.702942],[84.745016,44.702586],[84.745027,44.702365],[84.744615,44.701601],[84.744695,44.701215],[84.746013,44.699896],[84.746990,44.698700],[84.746876,44.696799],[84.747578,44.694901],[84.748762,44.693602],[84.751158,44.693011],[84.754134,44.690982],[84.754713,44.689553],[84.754294,44.687980],[84.754271,44.686404],[84.755324,44.686472],[84.760441,44.683706],[84.760359,44.683192],[84.762751,44.680619],[84.764462,44.679911],[84.764486,44.679270],[84.763921,44.678638],[84.763905,44.677616],[84.764006,44.676761],[84.764264,44.676691],[84.764811,44.676723],[84.766411,44.677124],[84.767155,44.677053],[84.767282,44.676833],[84.766908,44.676519],[84.768369,44.674998],[84.770078,44.674304],[84.770744,44.674232],[84.771283,44.674411],[84.772872,44.675695],[84.773841,44.676131],[84.775131,44.676126],[84.775661,44.675845],[84.776840,44.674355],[84.777475,44.672619],[84.780171,44.670971],[84.781911,44.669628],[84.782677,44.669187],[84.783706,44.668869],[84.785088,44.668621],[84.787860,44.668587],[84.788285,44.668648],[84.789414,44.669584],[84.792799,44.672048],[84.793781,44.672561],[84.794600,44.672723],[84.795145,44.672732],[84.795699,44.672511],[84.796239,44.672468],[84.796804,44.673941],[84.798373,44.680282],[84.798832,44.681266],[84.799205,44.681775],[84.801935,44.683390],[84.803963,44.683307],[84.805007,44.683060],[84.805481,44.682774],[84.808970,44.683014],[84.814328,44.683620],[84.827029,44.684220],[84.854176,44.685682],[84.850732,44.692229],[84.846902,44.699509],[84.844367,44.704551],[84.844323,44.704639],[84.844093,44.705096],[84.839956,44.713330],[84.834886,44.723258],[84.834568,44.723853],[84.834329,44.724302],[84.833707,44.725464],[84.832012,44.728637],[84.830664,44.731163],[84.827312,44.737436],[84.827266,44.737522],[84.825890,44.740098],[84.823488,44.744594],[84.819735,44.751617],[84.819073,44.752856],[84.818650,44.753684],[84.816924,44.757060],[84.813223,44.764301],[84.804500,44.781361],[84.793111,44.802800],[84.792700,44.803742],[84.792358,44.805540],[84.792271,44.807951],[84.792252,44.808488],[84.797185,44.809062],[84.801437,44.809945],[84.807038,44.811108],[84.811057,44.811783],[84.812349,44.812319],[84.820131,44.815550],[84.823754,44.816800],[84.832423,44.820423],[84.833633,44.820840],[84.836678,44.823385],[84.838086,44.823652],[84.839882,44.823350],[84.846322,44.825000],[84.848510,44.825788],[84.848924,44.826098],[84.849167,44.826405],[84.849445,44.826488],[84.851074,44.826329],[84.855525,44.824625],[84.857646,44.823057],[84.858940,44.822448],[84.860933,44.821312],[84.866397,44.818720],[84.868138,44.817756],[84.878609,44.812640],[84.883730,44.810043],[84.888863,44.807615],[84.894707,44.804674],[84.898242,44.802894],[84.899398,44.802723],[84.907716,44.802132],[84.911469,44.801968],[84.915147,44.801627],[84.916810,44.801625],[84.920389,44.802445],[84.930981,44.804460],[84.937379,44.805846],[84.937929,44.805769],[84.938309,44.805509],[84.940354,44.803297],[84.941218,44.802504],[84.941321,44.802409],[84.942386,44.801774],[84.943337,44.801341],[84.944358,44.801085],[84.946548,44.800753],[84.951335,44.800580],[84.952734,44.800332],[84.953901,44.799959],[84.956859,44.797761],[84.957072,44.797402],[84.957776,44.795151],[84.958662,44.793430],[84.959205,44.792735],[84.960275,44.788443],[84.960865,44.787582],[84.961687,44.786834],[84.963977,44.783353],[84.965005,44.782116],[84.965182,44.781931],[84.965606,44.781760],[84.966677,44.781452],[84.967586,44.780906],[84.968870,44.779427],[84.971216,44.777377],[84.973021,44.776118],[84.974924,44.775296],[84.976346,44.774239],[84.977015,44.773467],[84.978810,44.772003],[84.979267,44.771402],[84.979994,44.769846],[84.980278,44.769643],[84.981954,44.769059],[84.984138,44.768088],[84.987479,44.767095],[84.987957,44.767247],[84.988361,44.767665],[84.989213,44.768221],[84.990063,44.768519],[84.991571,44.768725],[84.992330,44.768762],[84.992898,44.768673],[84.994711,44.768071],[84.998676,44.765732],[85.000337,44.764893],[85.002150,44.763459],[85.002461,44.763131],[85.003469,44.761438],[85.004701,44.760059],[85.005053,44.759757],[85.005609,44.759535],[85.006399,44.758844],[85.007994,44.756854],[85.008398,44.756420],[85.008984,44.756168],[85.009307,44.755853],[85.009619,44.755342],[85.009918,44.755222],[85.010403,44.755283],[85.010856,44.754854],[85.012936,44.754010],[85.015326,44.752852],[85.019371,44.751548],[85.021954,44.750606],[85.023985,44.749693],[85.026679,44.748397],[85.031624,44.745585],[85.035508,44.744528],[85.038746,44.743350],[85.041371,44.742551],[85.046596,44.740205],[85.047629,44.739195],[85.049385,44.736003],[85.050844,44.732733],[85.053245,44.726642],[85.053518,44.724483],[85.054406,44.723351],[85.054792,44.723165],[85.054130,44.718957],[85.054008,44.718185],[85.053116,44.717064],[85.052654,44.716137],[85.052025,44.714299],[85.051897,44.713341],[85.050676,44.713225],[85.050493,44.713131],[85.050423,44.712878],[85.052348,44.701721],[85.052880,44.698130],[85.045317,44.696576],[85.043487,44.696058],[85.041838,44.695915],[85.039937,44.695185],[85.037886,44.694735],[85.033308,44.693531],[85.030225,44.692450],[85.028989,44.691688],[85.027517,44.690473],[85.026816,44.689256],[85.026042,44.688199],[85.025342,44.686690],[85.025452,44.685603],[85.025102,44.682601],[85.025254,44.681588],[85.024998,44.678793],[85.024834,44.678200],[85.024615,44.675593],[85.024406,44.674495],[85.024220,44.670030],[85.023852,44.668079],[85.023623,44.666221],[85.023643,44.665647],[85.022113,44.653035],[85.021783,44.650311],[85.019509,44.632371],[85.018256,44.619649],[85.046780,44.623117],[85.055088,44.624382],[85.065200,44.625716],[85.068360,44.626379],[85.010296,44.574837],[84.943356,44.565107],[84.901129,44.558965],[84.900269,44.558840],[84.853844,44.552091],[84.855923,44.545343],[84.857301,44.544188],[84.858277,44.542542],[84.857855,44.540468],[84.858432,44.539758],[84.858239,44.538907],[84.855154,44.535334],[84.855133,44.533601],[84.856267,44.529615],[84.855629,44.527467],[84.851935,44.521493],[84.852300,44.518644],[84.853818,44.514324],[84.854789,44.512761],[84.854930,44.509750],[84.855315,44.508736],[84.859035,44.504269],[84.858617,44.502851],[84.858984,44.500962],[84.861117,44.498363],[84.861069,44.495592],[84.856958,44.487426],[84.856120,44.486224],[84.850476,44.480184],[84.844470,44.474113],[84.837721,44.468012],[84.833754,44.465946],[84.829329,44.464535],[84.826605,44.462975],[84.825886,44.462563],[84.825623,44.461838],[84.825474,44.461711],[84.824074,44.460324],[84.822429,44.458697],[84.814750,44.451099],[84.812930,44.449115],[84.805873,44.443468],[84.802462,44.441923],[84.797428,44.438118],[84.797017,44.437265],[84.794958,44.434761],[84.794748,44.434513],[84.794541,44.434253],[84.793679,44.433205],[84.792348,44.431586],[84.791518,44.429736],[84.791313,44.429021],[84.790893,44.428017],[84.790475,44.427017],[84.788806,44.423023],[84.788425,44.422762],[84.787192,44.420194],[84.787374,44.419189],[84.787354,44.417632],[84.787351,44.417336],[84.787504,44.414757],[84.787633,44.410037],[84.788196,44.408032],[84.787960,44.405311],[84.788120,44.403020],[84.788205,44.395447],[84.787999,44.395012],[84.786392,44.393885],[84.784593,44.393474],[84.779999,44.392661],[84.778200,44.391962],[84.778187,44.391120],[84.778183,44.390869],[84.778156,44.389137],[84.777918,44.386676],[84.777644,44.381815],[84.777422,44.380244],[84.777369,44.376807],[84.777499,44.372375],[84.778002,44.366079],[84.777918,44.360501],[84.778649,44.356494],[84.779221,44.354624],[84.779000,44.353199],[84.778961,44.350769],[84.778534,44.349196],[84.778649,44.343622],[84.779777,44.339037],[84.781102,44.334591],[84.781064,44.332153],[84.782565,44.326280],[84.784715,44.324115],[84.785498,44.323104],[84.786596,44.317943],[84.786557,44.316390],[84.785905,44.314435],[84.784783,44.311936],[84.784059,44.309836],[84.783770,44.308133],[84.784313,44.306792],[84.786195,44.305051],[84.791442,44.300117],[84.792636,44.297942],[84.793504,44.295550],[84.793577,44.292579],[84.793908,44.287978],[84.795567,44.280679],[84.795743,44.279099],[84.796497,44.276378],[84.796672,44.274798],[84.796223,44.271660],[84.795606,44.270237],[84.795766,44.267802],[84.798248,44.261343],[84.798203,44.258770],[84.796535,44.253353],[84.795286,44.249644],[84.793381,44.242234],[84.791880,44.235093],[84.791469,44.233808],[84.791637,44.231949],[84.791766,44.227373],[84.791721,44.224656],[84.791088,44.222522],[84.785779,44.212703],[84.783958,44.210286],[84.780438,44.201029],[84.776986,44.195767],[84.773700,44.188942],[84.772038,44.184090],[84.768783,44.178398],[84.764528,44.173145],[84.762294,44.169595],[84.759663,44.166468],[84.753819,44.160653],[84.746141,44.151857],[84.739896,44.146182],[84.738881,44.144327],[84.737838,44.141798],[84.735758,44.137209],[84.733194,44.132039],[84.732903,44.130831],[84.731819,44.128561],[84.733327,44.128022],[84.734489,44.127394],[84.735691,44.126492],[84.737154,44.126033],[84.737980,44.126171],[84.739752,44.127214],[84.740785,44.128270],[84.742542,44.129701],[84.746018,44.131274],[84.748445,44.132484],[84.752200,44.134146],[84.757995,44.136974],[84.761242,44.139468],[84.764666,44.141589],[84.766058,44.142208],[84.768360,44.143605],[84.769829,44.144627],[84.780047,44.150448],[84.782004,44.151461],[84.785960,44.153831],[84.787178,44.154739],[84.788218,44.155769],[84.789412,44.156676],[84.790856,44.158055],[84.791967,44.158710],[84.794507,44.159909],[84.797325,44.161421],[84.802599,44.162325],[84.804240,44.162755],[84.806191,44.162948],[84.807675,44.163543],[84.811463,44.163851],[84.813575,44.163780],[84.816911,44.163153],[84.820691,44.161163],[84.822781,44.160381],[84.823796,44.160181],[84.824876,44.160108],[84.825732,44.160148],[84.826491,44.160294],[84.826886,44.160251],[84.827945,44.159810],[84.828777,44.159849],[84.830503,44.160163],[84.832266,44.160719],[84.832899,44.161258],[84.832045,44.163815],[84.834912,44.164007],[84.835861,44.164565],[84.836181,44.165185],[84.836353,44.166695],[84.836611,44.167234],[84.837374,44.168217],[84.837625,44.168891],[84.838044,44.169482],[84.838494,44.170043],[84.839443,44.170868],[84.840033,44.171146],[84.841012,44.171409],[84.843255,44.171271],[84.844526,44.171338],[84.845129,44.171761],[84.845963,44.172173],[84.848811,44.173108],[84.850536,44.173864],[84.850993,44.173851],[84.852014,44.173285],[84.853415,44.173550],[84.854612,44.173088],[84.855437,44.172968],[84.856213,44.172997],[84.857029,44.173130],[84.857409,44.173283],[84.859801,44.170537],[84.860917,44.169503],[84.861435,44.169111],[84.862161,44.168723],[84.862563,44.168649],[84.864497,44.168682],[84.866612,44.168852],[84.868331,44.168765],[84.871141,44.168973],[84.873738,44.169302],[84.876219,44.170298],[84.877493,44.170671],[84.881573,44.170768],[84.884226,44.170548],[84.887608,44.171051],[84.888928,44.171099],[84.891098,44.171472],[84.893216,44.171636],[84.895731,44.172416],[84.897359,44.173331],[84.902280,44.176645],[84.903876,44.177535],[84.905427,44.177981],[84.906283,44.178131],[84.909873,44.178464],[84.914258,44.178705],[84.916375,44.178987],[84.917341,44.179288],[84.917669,44.179562],[84.918056,44.180121],[84.918538,44.181283],[84.918924,44.182543],[84.920113,44.184445],[84.922699,44.187738],[84.924854,44.190318],[84.926108,44.192046],[84.927720,44.194525],[84.928821,44.195674],[84.929393,44.196921],[84.929859,44.197573],[84.930669,44.198366],[84.931997,44.200664],[84.932833,44.203378],[84.933089,44.204728],[84.933590,44.206200],[84.934059,44.206948],[84.934718,44.207416],[84.934861,44.207661],[84.935413,44.211352],[84.935345,44.213272],[84.934984,44.214756],[84.935112,44.215602],[84.935582,44.217466],[84.935238,44.218157],[84.935225,44.219029],[84.935137,44.219202],[84.935024,44.220273],[84.935024,44.222086],[84.935292,44.223241],[84.935294,44.224026],[84.935124,44.225059],[84.935166,44.225502],[84.937159,44.227971],[84.937169,44.228206],[84.937021,44.228424],[84.936994,44.229197],[84.936627,44.229853],[84.936681,44.230164],[84.936792,44.230487],[84.937239,44.231013],[84.937292,44.231182],[84.937087,44.231708],[84.937093,44.232026],[84.937197,44.232228],[84.937682,44.232339],[84.937938,44.232518],[84.937994,44.232741],[84.937605,44.233210],[84.937966,44.234365],[84.937814,44.234725],[84.937802,44.235081],[84.937929,44.235438],[84.938163,44.235739],[84.938172,44.235994],[84.937968,44.236144],[84.937896,44.236377],[84.937934,44.236607],[84.938231,44.236968],[84.938289,44.237458],[84.938581,44.238124],[84.938751,44.239255],[84.938740,44.240559],[84.938563,44.241281],[84.938009,44.242114],[84.937843,44.243197],[84.937836,44.244134],[84.937550,44.244680],[84.937348,44.244823],[84.937291,44.245084],[84.937690,44.246032],[84.938521,44.246920],[84.938791,44.247523],[84.938857,44.248773],[84.939382,44.249568],[84.939422,44.251422],[84.939344,44.252030],[84.939437,44.252320],[84.939645,44.252554],[84.940053,44.253380],[84.941913,44.255162],[84.942371,44.255405],[84.944603,44.255921],[84.945587,44.256437],[84.946316,44.257261],[84.948139,44.258809],[84.949512,44.259245],[84.950678,44.259920],[84.952145,44.261152],[84.954091,44.262032],[84.955675,44.263219],[84.956512,44.264318],[84.957110,44.266602],[84.957403,44.267235],[84.957619,44.268074],[84.958088,44.268685],[84.958705,44.269734],[84.959139,44.270695],[84.959095,44.272615],[84.959339,44.274650],[84.959952,44.278689],[84.960272,44.279723],[84.960490,44.280179],[84.962527,44.282885],[84.962720,44.283540],[84.963565,44.285446],[84.964404,44.287021],[84.967303,44.289490],[84.968438,44.291969],[84.968420,44.292474],[84.968064,44.293803],[84.967554,44.295221],[84.967469,44.295805],[84.967723,44.296562],[84.968546,44.297263],[84.969085,44.297394],[84.974891,44.297944],[84.975884,44.298298],[84.976684,44.298478],[84.978026,44.299048],[84.984211,44.302236],[84.986326,44.303596],[84.986935,44.304268],[84.988030,44.305752],[84.991418,44.308583],[84.993118,44.309469],[84.996152,44.310681],[84.999449,44.311555],[85.002212,44.311816],[85.005042,44.312334],[85.014524,44.314639],[85.017603,44.315228],[85.019674,44.315872],[85.020661,44.316088],[85.023883,44.316417],[85.025562,44.316759],[85.033107,44.316813],[85.038608,44.317273],[85.042004,44.317420],[85.042966,44.317284],[85.045372,44.316633],[85.046566,44.316568],[85.049708,44.316737],[85.052031,44.317171],[85.053771,44.317324],[85.060154,44.317324],[85.062834,44.317442],[85.065403,44.317281],[85.066334,44.317163],[85.066913,44.316962],[85.068622,44.316630],[85.069985,44.316533],[85.073047,44.315850],[85.075074,44.315752],[85.076656,44.315350],[85.081431,44.314629],[85.085444,44.313694],[85.087025,44.313467],[85.088944,44.313049],[85.095402,44.312228],[85.098705,44.311678],[85.102104,44.311347],[85.106765,44.310154],[85.107839,44.309695],[85.108537,44.309531],[85.109658,44.309555],[85.109790,44.308386],[85.110330,44.307052],[85.110338,44.306538],[85.110608,44.305479],[85.111321,44.304863],[85.111626,44.304444],[85.111985,44.303115],[85.112390,44.302498],[85.112270,44.301315],[85.111953,44.300643],[85.111960,44.300431],[85.112320,44.299754],[85.112309,44.299422],[85.112051,44.299058],[85.112031,44.298880],[85.112282,44.298137],[85.112088,44.297928],[85.112018,44.297570],[85.112084,44.296968],[85.111985,44.295800],[85.112037,44.295218],[85.112497,44.294651],[85.112552,44.294381],[85.112383,44.293932],[85.112391,44.293681],[85.112760,44.292838],[85.112680,44.292139],[85.112421,44.291680],[85.112256,44.290536],[85.112487,44.289363],[85.112451,44.288606],[85.112238,44.288292],[85.112135,44.287257],[85.111797,44.286846],[85.111779,44.286609],[85.111278,44.285672],[85.110066,44.285019],[85.109647,44.284647],[85.109164,44.284445],[85.107807,44.283372],[85.107590,44.282676],[85.107536,44.280880],[85.107431,44.280690],[85.107597,44.279481],[85.107780,44.278223],[85.107510,44.274601],[85.107251,44.270974],[85.106989,44.267352],[85.106721,44.263730],[85.106703,44.263531],[85.106660,44.259908],[85.106616,44.256277],[85.106614,44.256120],[85.106480,44.255725],[85.106386,44.254899],[85.106049,44.253550],[85.105376,44.251578],[85.104934,44.250892],[85.105034,44.250579],[85.105376,44.250178],[85.105402,44.249915],[85.105287,44.249778],[85.104484,44.249392],[85.104652,44.248685],[85.104173,44.247061],[85.103892,44.246647],[85.103222,44.246042],[85.103039,44.245333],[85.102050,44.244412],[85.101989,44.244183],[85.102185,44.243831],[85.101664,44.243106],[85.102024,44.241777],[85.101324,44.240659],[85.101184,44.239292],[85.100883,44.237725],[85.100900,44.236935],[85.100641,44.235434],[85.100375,44.234925],[85.100365,44.234568],[85.100645,44.233580],[85.100361,44.231924],[85.100662,44.231327],[85.100655,44.230856],[85.100248,44.230099],[85.100458,44.229544],[85.100716,44.229237],[85.100691,44.228945],[85.099850,44.228239],[85.099811,44.228051],[85.100144,44.227688],[85.100192,44.227276],[85.099779,44.226725],[85.099898,44.226211],[85.099324,44.225749],[85.099338,44.225473],[85.099175,44.225320],[85.098894,44.224709],[85.098532,44.224305],[85.097801,44.222788],[85.097575,44.222117],[85.096461,44.220829],[85.096370,44.220446],[85.095618,44.219588],[85.095522,44.219374],[85.095546,44.218643],[85.095352,44.218329],[85.095479,44.216892],[85.095347,44.216361],[85.095119,44.216139],[85.095175,44.215448],[85.094905,44.214946],[85.094702,44.213928],[85.094405,44.213336],[85.094365,44.212831],[85.094565,44.211801],[85.095031,44.210767],[85.095024,44.210589],[85.094853,44.210318],[85.095116,44.209859],[85.095051,44.209353],[85.095440,44.209246],[85.095547,44.209100],[85.095534,44.208842],[85.095162,44.208012],[85.095148,44.207809],[85.095305,44.207461],[85.094945,44.207089],[85.094679,44.204050],[85.094488,44.203739],[85.094372,44.202689],[85.094100,44.202365],[85.094069,44.202008],[85.094112,44.201732],[85.094523,44.201210],[85.094739,44.200660],[85.094595,44.199691],[85.094772,44.198985],[85.094514,44.198571],[85.093792,44.197940],[85.093577,44.197574],[85.093536,44.197257],[85.093643,44.195519],[85.093425,44.194603],[85.093765,44.193868],[85.093877,44.192321],[85.093911,44.192138],[85.094217,44.191796],[85.094219,44.191400],[85.093195,44.189934],[85.093052,44.189445],[85.092998,44.188343],[85.092834,44.187805],[85.092453,44.187201],[85.092380,44.186826],[85.092522,44.186080],[85.092235,44.185551],[85.092105,44.184275],[85.091792,44.183497],[85.091495,44.183165],[85.091359,44.182871],[85.091348,44.182563],[85.091141,44.181943],[85.090070,44.180403],[85.090054,44.180091],[85.089874,44.179722],[85.089545,44.179416],[85.089104,44.178394],[85.088648,44.177808],[85.087848,44.176192],[85.087705,44.175065],[85.087745,44.173853],[85.087625,44.173708],[85.087581,44.171915],[85.088599,44.170211],[85.088653,44.169991],[85.088558,44.169761],[85.088577,44.169430],[85.088728,44.168993],[85.089078,44.168442],[85.089126,44.167775],[85.089041,44.166972],[85.088483,44.165091],[85.088054,44.164702],[85.087852,44.164234],[85.087842,44.163884],[85.088674,44.161971],[85.089092,44.161335],[85.090762,44.160113],[85.090967,44.159717],[85.090913,44.159276],[85.090578,44.159037],[85.090373,44.158763],[85.090313,44.157852],[85.090828,44.156991],[85.091080,44.156220],[85.091319,44.154795],[85.091147,44.154156],[85.092210,44.153021],[85.092393,44.152658],[85.092340,44.152178],[85.092127,44.151741],[85.092099,44.151295],[85.092357,44.149920],[85.092709,44.149556],[85.092835,44.149277],[85.092762,44.148959],[85.091799,44.147880],[85.092366,44.144361],[85.092445,44.142306],[85.092759,44.139984],[85.094015,44.136052],[85.094830,44.132503],[85.095357,44.128089],[85.095884,44.125137],[85.095940,44.123395],[85.096588,44.116567],[85.096698,44.112056],[85.096569,44.110116],[85.096270,44.108935],[85.096191,44.107783],[85.095923,44.106301],[85.095511,44.101975],[85.095499,44.100892],[85.095638,44.099773],[85.095685,44.097932],[85.095611,44.097052],[85.095468,44.096501],[85.094010,44.095338],[85.089145,44.090389],[85.079686,44.084188],[85.078685,44.083919],[85.072463,44.080974],[85.072057,44.080409],[85.070245,44.079279],[85.067653,44.079015],[85.063851,44.077767],[85.056391,44.072977],[85.052182,44.071152],[85.051960,44.070150],[85.051148,44.069298],[85.047948,44.068616],[85.046746,44.067909],[85.046325,44.066912],[85.045322,44.066353],[85.043124,44.065941],[85.041509,44.064668],[85.041470,44.063094],[85.040850,44.061814],[85.040812,44.059951],[85.041194,44.059230],[85.042757,44.057363],[85.042542,44.056648],[85.039510,44.054242],[85.036293,44.052694],[85.034095,44.052282],[85.031491,44.051160],[85.028104,44.051192],[85.025889,44.049915],[85.025476,44.049062],[85.023867,44.048220],[85.022473,44.048372],[85.021883,44.048666],[85.020487,44.048530],[85.016648,44.045700],[85.013997,44.042435],[85.010165,44.040028],[85.006762,44.039050],[85.001190,44.039233],[84.999397,44.038819],[84.992553,44.035009],[84.990714,44.032597],[84.988713,44.031891],[84.986522,44.032052],[84.984728,44.031926],[84.979103,44.029104],[84.974638,44.024129],[84.969750,44.018022],[84.965691,44.013901],[84.963830,44.010060],[84.960392,44.006941],[84.959986,44.006367],[84.959940,44.004081],[84.959061,44.002078],[84.958571,44.001213],[84.958347,44.000572],[84.958060,43.998692],[84.958371,43.997432],[84.958278,43.996798],[84.957880,43.995899],[84.957483,43.993930],[84.957244,43.993335],[84.955858,43.991951],[84.955513,43.991383],[84.953391,43.989291],[84.951847,43.986943],[84.950136,43.985989],[84.949447,43.985221],[84.949130,43.984613],[84.948943,43.983781],[84.948704,43.983278],[84.947466,43.981816],[84.946895,43.980943],[84.946590,43.980124],[84.945675,43.979409],[84.945503,43.979026],[84.945451,43.977982],[84.944906,43.976700],[84.945278,43.974257],[84.945132,43.973517],[84.945252,43.972949],[84.945477,43.970268],[84.945901,43.968750],[84.946325,43.966611],[84.945789,43.965203],[84.945749,43.964688],[84.946067,43.963698],[84.946173,43.962998],[84.945934,43.961558],[84.945895,43.960593],[84.946107,43.959564],[84.946186,43.958058],[84.946107,43.956776],[84.945232,43.955375],[84.945139,43.955005],[84.945126,43.954199],[84.945324,43.953341],[84.945430,43.951756],[84.945112,43.950936],[84.945112,43.950580],[84.945947,43.948785],[84.946385,43.947108],[84.946809,43.946462],[84.947737,43.945446],[84.948081,43.944839],[84.950706,43.942850],[84.955460,43.937332],[84.956096,43.936449],[84.956362,43.935974],[84.956481,43.935300],[84.956468,43.934310],[84.956348,43.933451],[84.956408,43.932929],[84.956846,43.932428],[84.957403,43.932113],[84.960665,43.931434],[84.961436,43.931051],[84.961899,43.930697],[84.962709,43.930474],[84.963134,43.930197],[84.963293,43.929776],[84.963306,43.928138],[84.963525,43.927616],[84.965209,43.925639],[84.965595,43.924874],[84.965740,43.924016],[84.965661,43.923144],[84.965196,43.922245],[84.963856,43.920841],[84.962570,43.920072],[84.962065,43.919648],[84.961986,43.919357],[84.962065,43.919014],[84.962397,43.918539],[84.962517,43.918183],[84.962450,43.917839],[84.961986,43.917112],[84.962039,43.916874],[84.962450,43.916413],[84.962834,43.916136],[84.962888,43.915859],[84.962702,43.915674],[84.961455,43.915050],[84.961376,43.914759],[84.962172,43.913242],[84.962371,43.912608],[84.962291,43.912225],[84.961959,43.911907],[84.960692,43.911079],[84.960228,43.909823],[84.960241,43.909479],[84.960825,43.908715],[84.960971,43.908213],[84.960772,43.906839],[84.960759,43.906007],[84.960440,43.904936],[84.960334,43.904130],[84.960202,43.903720],[84.959764,43.903111],[84.959658,43.902741],[84.959777,43.902279],[84.960652,43.901000],[84.960785,43.899957],[84.960745,43.899098],[84.960440,43.898516],[84.959923,43.898158],[84.958570,43.897653],[84.957575,43.897387],[84.956978,43.897082],[84.955878,43.896141],[84.955215,43.895902],[84.953716,43.895661],[84.952695,43.895395],[84.951064,43.894441],[84.949871,43.894002],[84.948890,43.893749],[84.947352,43.893614],[84.946305,43.893361],[84.944065,43.892169],[84.943535,43.891983],[84.942925,43.891942],[84.941865,43.892046],[84.941401,43.891979],[84.941163,43.891767],[84.941017,43.891265],[84.940977,43.890591],[84.940368,43.889296],[84.939997,43.888925],[84.937174,43.887627],[84.937188,43.887283],[84.937386,43.886900],[84.937930,43.886307],[84.938088,43.885937],[84.938062,43.885554],[84.936883,43.884165],[84.936697,43.883676],[84.936790,43.883254],[84.937267,43.882554],[84.938088,43.881710],[84.938287,43.881301],[84.938274,43.880839],[84.938035,43.880495],[84.937134,43.879860],[84.936631,43.879304],[84.936538,43.878802],[84.936591,43.877904],[84.936459,43.877481],[84.935849,43.876661],[84.935518,43.875921],[84.935439,43.874798],[84.935518,43.873966],[84.935863,43.872474],[84.936339,43.871021],[84.936710,43.870599],[84.937811,43.869782],[84.938500,43.868515],[84.939294,43.867565],[84.939692,43.866205],[84.939943,43.865888],[84.940380,43.865559],[84.941758,43.864717],[84.942394,43.864017],[84.942846,43.862551],[84.943204,43.862222],[84.943309,43.861866],[84.943720,43.861126],[84.944092,43.860810],[84.945377,43.860165],[84.945802,43.859743],[84.947047,43.857778],[84.947684,43.857065],[84.948306,43.856605],[84.948824,43.856473],[84.950660,43.856364],[84.952291,43.855549],[84.954664,43.854788],[84.956461,43.853385],[84.957416,43.852555],[84.958557,43.851382],[84.960042,43.850183],[84.960055,43.849853],[84.959419,43.848676],[84.959299,43.847315],[84.959604,43.846312],[84.959909,43.845837],[84.961236,43.845391],[84.961660,43.845115],[84.961704,43.844302],[84.962060,43.842654],[84.961940,43.841788],[84.961207,43.841305],[84.959521,43.840984],[84.958575,43.840929],[84.956124,43.841095],[84.955584,43.840832],[84.955054,43.840282],[84.954913,43.840027],[84.954693,43.838960],[84.953510,43.837301],[84.953096,43.836285],[84.952384,43.835227],[84.952027,43.834211],[84.951902,43.832346],[84.951618,43.831345],[84.951621,43.830776],[84.951395,43.830285],[84.950841,43.829925],[84.949968,43.829568],[84.948817,43.828753],[84.948477,43.828355],[84.947777,43.826527],[84.947539,43.826199],[84.946663,43.825570],[84.945734,43.825048],[84.944264,43.823967],[84.942366,43.822236],[84.940029,43.820591],[84.938590,43.819692],[84.938419,43.819104],[84.938662,43.818531],[84.938713,43.818098],[84.938609,43.817901],[84.937781,43.817124],[84.936914,43.816554],[84.935887,43.816069],[84.935622,43.815704],[84.933733,43.813889],[84.932527,43.813137],[84.931086,43.812472],[84.931024,43.812351],[84.931076,43.811823],[84.930131,43.811240],[84.929913,43.810819],[84.929765,43.809959],[84.929092,43.809210],[84.927929,43.808226],[84.927712,43.807789],[84.927626,43.807051],[84.926777,43.805657],[84.926391,43.805257],[84.925891,43.804959],[84.925581,43.804657],[84.925355,43.803835],[84.925398,43.802875],[84.925321,43.802565],[84.923591,43.800690],[84.923340,43.799916],[84.923075,43.799583],[84.920970,43.797597],[84.920782,43.797261],[84.920457,43.796454],[84.920389,43.795499],[84.920477,43.795245],[84.921168,43.794375],[84.921096,43.793546],[84.921140,43.793343],[84.921307,43.793190],[84.921382,43.792472],[84.921219,43.792023],[84.921053,43.791058],[84.921185,43.790444],[84.922005,43.789515],[84.922444,43.788330],[84.922899,43.787713],[84.923272,43.787496],[84.924312,43.787228],[84.924586,43.786977],[84.924686,43.786650],[84.924860,43.786429],[84.924666,43.785329],[84.924484,43.784804],[84.924437,43.784266],[84.924562,43.783844],[84.924723,43.783671],[84.924712,43.783359],[84.923881,43.782058],[84.923862,43.780703],[84.923217,43.779810],[84.923052,43.779442],[84.923035,43.779315],[84.923437,43.778568],[84.923546,43.777613],[84.923460,43.777180],[84.923465,43.775518],[84.923395,43.775312],[84.923054,43.774921],[84.922996,43.774680],[84.923015,43.774447],[84.923203,43.774132],[84.924830,43.772658],[84.925252,43.771983],[84.925337,43.770984],[84.925680,43.770101],[84.925527,43.768986],[84.925558,43.768245],[84.926153,43.766986],[84.926130,43.766377],[84.925110,43.764488],[84.924685,43.762990],[84.924645,43.761271],[84.925258,43.760202],[84.925280,43.759882],[84.925148,43.759230],[84.925340,43.758784],[84.925342,43.758409],[84.925198,43.757453],[84.924946,43.756751],[84.925063,43.756111],[84.925017,43.755593],[84.924844,43.755030],[84.924391,43.754401],[84.924315,43.754045],[84.924481,43.753457],[84.925471,43.751300],[84.925704,43.750502],[84.925736,43.749902],[84.925480,43.748992],[84.924956,43.748453],[84.923994,43.747802],[84.923692,43.747220],[84.922724,43.746736],[84.921639,43.746683],[84.920380,43.746833],[84.918309,43.746600],[84.916427,43.746309],[84.914996,43.745777],[84.914561,43.745541],[84.914178,43.744844],[84.913991,43.744696],[84.911465,43.743433],[84.910225,43.742506],[84.909854,43.741582],[84.909784,43.740856],[84.909653,43.740493],[84.908451,43.739074],[84.907174,43.737251],[84.906236,43.735523],[84.906160,43.735162],[84.905791,43.734469],[84.905736,43.734200],[84.904585,43.732955],[84.904323,43.732546],[84.903946,43.731544],[84.902900,43.729600],[84.902150,43.728601],[84.901907,43.727968],[84.901472,43.727447],[84.901149,43.726880],[84.900901,43.726308],[84.900774,43.725694],[84.900135,43.724605],[84.899971,43.723561],[84.898450,43.722593],[84.897879,43.721899],[84.897856,43.721662],[84.898131,43.720667],[84.898166,43.719256],[84.897987,43.717848],[84.898019,43.717455],[84.898749,43.715867],[84.898875,43.715128],[84.898816,43.714286],[84.898721,43.713859],[84.898512,43.713503],[84.897019,43.712457],[84.896592,43.711910],[84.896454,43.711583],[84.896472,43.711080],[84.896815,43.709888],[84.896356,43.708703],[84.896372,43.708273],[84.896659,43.707105],[84.896625,43.706693],[84.896536,43.706404],[84.895194,43.704206],[84.895086,43.703912],[84.895122,43.703365],[84.894146,43.702407],[84.894066,43.702249],[84.894031,43.701430],[84.893914,43.701121],[84.893443,43.700531],[84.893133,43.700023],[84.893021,43.699665],[84.892909,43.696852],[84.892734,43.696074],[84.892885,43.693645],[84.892226,43.692598],[84.891668,43.691946],[84.891509,43.691595],[84.891415,43.691088],[84.891579,43.689987],[84.891538,43.689777],[84.891079,43.688825],[84.890936,43.688035],[84.890375,43.687013],[84.890524,43.686082],[84.890452,43.685892],[84.889972,43.685555],[84.889930,43.685401],[84.890004,43.684934],[84.889865,43.684225],[84.890002,43.682411],[84.889778,43.680946],[84.889557,43.680552],[84.888387,43.679164],[84.886883,43.677630],[84.886139,43.677201],[84.883939,43.674985],[84.883121,43.673950],[84.882807,43.673301],[84.882937,43.672346],[84.882796,43.672017],[84.882281,43.671479],[84.882244,43.670844],[84.881787,43.670312],[84.881723,43.669922],[84.881418,43.669586],[84.881359,43.669275],[84.881036,43.669017],[84.880942,43.668394],[84.880575,43.667858],[84.880398,43.667279],[84.879572,43.666735],[84.879519,43.665901],[84.879373,43.665617],[84.878169,43.664551],[84.878143,43.663821],[84.877910,43.663421],[84.876811,43.662287],[84.875797,43.661549],[84.875187,43.660603],[84.874413,43.660086],[84.873850,43.659212],[84.872882,43.658689],[84.872671,43.658305],[84.872665,43.657753],[84.872035,43.657271],[84.871349,43.656245],[84.870865,43.655839],[84.870798,43.655611],[84.870988,43.655030],[84.870968,43.654712],[84.870558,43.654326],[84.870286,43.653645],[84.870095,43.653462],[84.868824,43.653168],[84.867539,43.652413],[84.866693,43.652387],[84.865823,43.652116],[84.865072,43.652092],[84.864638,43.652177],[84.863977,43.652084],[84.863518,43.651290],[84.862494,43.650629],[84.862202,43.649960],[84.861701,43.649546],[84.861268,43.648416],[84.861034,43.648052],[84.860068,43.647424],[84.858949,43.646901],[84.857128,43.646258],[84.856641,43.645994],[84.855924,43.645439],[84.854653,43.643912],[84.854078,43.643486],[84.852817,43.643021],[84.852475,43.642737],[84.852128,43.642162],[84.851849,43.641913],[84.850161,43.641315],[84.849420,43.640908],[84.849006,43.640037],[84.847656,43.638837],[84.847500,43.637925],[84.847277,43.637590],[84.847154,43.636534],[84.845833,43.635734],[84.845769,43.635616],[84.845549,43.634877],[84.845504,43.634055],[84.844740,43.631983],[84.844701,43.631542],[84.844869,43.630772],[84.844848,43.630369],[84.844328,43.628556],[84.843856,43.627832],[84.843985,43.627726],[84.844024,43.627328],[84.843874,43.626817],[84.844149,43.626201],[84.843612,43.625084],[84.843197,43.624498],[84.843700,43.623574],[84.843566,43.623122],[84.843816,43.621911],[84.843344,43.621337],[84.843175,43.620626],[84.843044,43.618850],[84.843491,43.618184],[84.843611,43.617062],[84.844003,43.616686],[84.844045,43.616511],[84.843608,43.615611],[84.843545,43.615374],[84.843595,43.614355],[84.843237,43.613598],[84.843212,43.613233],[84.843519,43.612306],[84.843429,43.610672],[84.843517,43.610116],[84.843422,43.609823],[84.843073,43.609417],[84.843091,43.608926],[84.843442,43.607750],[84.843191,43.606780],[84.843232,43.605725],[84.843034,43.604367],[84.843049,43.603440],[84.843198,43.602597],[84.843847,43.601517],[84.844414,43.600777],[84.846690,43.598408],[84.847451,43.596801],[84.848465,43.595707],[84.849838,43.593887],[84.850919,43.591054],[84.851686,43.590172],[84.852295,43.589111],[84.852653,43.588227],[84.852773,43.587158],[84.852715,43.586500],[84.852977,43.586033],[84.853655,43.585329],[84.853971,43.584456],[84.853985,43.584047],[84.853879,43.583707],[84.853607,43.583286],[84.853124,43.582861],[84.850507,43.581700],[84.847262,43.581330],[84.845020,43.580618],[84.843767,43.579936],[84.842913,43.579627],[84.841647,43.579336],[84.839055,43.579078],[84.838579,43.578907],[84.834877,43.578578],[84.828682,43.579496],[84.825613,43.580073],[84.824013,43.580505],[84.823008,43.580678],[84.822297,43.580754],[84.821520,43.580724],[84.820985,43.581070],[84.821155,43.581323],[84.821743,43.582575],[84.821694,43.584577],[84.821240,43.587158],[84.821256,43.587483],[84.821305,43.588043],[84.822150,43.589296],[84.822336,43.589810],[84.822487,43.590673],[84.822475,43.591490],[84.822419,43.591715],[84.821721,43.592815],[84.821249,43.593362],[84.821096,43.595180],[84.820374,43.597192],[84.819443,43.598892],[84.818614,43.600065],[84.818200,43.600390],[84.817710,43.600610],[84.817113,43.601190],[84.816729,43.601716],[84.816340,43.604278],[84.815952,43.605036],[84.815604,43.606344],[84.815142,43.607052],[84.813591,43.608918],[84.812761,43.610449],[84.812734,43.612308],[84.811555,43.614146],[84.811335,43.615025],[84.811127,43.615325],[84.811120,43.615671],[84.812172,43.616159],[84.812340,43.616402],[84.812407,43.616880],[84.812345,43.617499],[84.812710,43.618492],[84.812645,43.619152],[84.812399,43.619643],[84.812085,43.620056],[84.809637,43.621441],[84.808778,43.621731],[84.805943,43.622120],[84.805074,43.622728],[84.804035,43.623611],[84.802799,43.624251],[84.800018,43.624641],[84.798337,43.624757],[84.797824,43.624887],[84.797233,43.625744],[84.796753,43.626640],[84.796307,43.627091],[84.793403,43.629285],[84.793192,43.629585],[84.792515,43.631727],[84.792179,43.632525],[84.791776,43.633202],[84.791103,43.634015],[84.790997,43.634515],[84.791151,43.635366],[84.791016,43.635556],[84.790464,43.635792],[84.789495,43.636636],[84.788490,43.637256],[84.788308,43.637539],[84.788219,43.638082],[84.787868,43.639044],[84.787196,43.640106],[84.787149,43.641052],[84.786765,43.641879],[84.785598,43.642324],[84.784239,43.642405],[84.783695,43.642629],[84.783531,43.642877],[84.783458,43.643308],[84.783092,43.643765],[84.781944,43.644592],[84.780962,43.644917],[84.780363,43.644991],[84.779209,43.644912],[84.778676,43.644779],[84.777973,43.644498],[84.777577,43.644234],[84.776016,43.642963],[84.774967,43.641943],[84.773210,43.640675],[84.772081,43.640028],[84.771820,43.639801],[84.771619,43.639239],[84.770699,43.637979],[84.770113,43.637475],[84.759010,43.637131],[84.747368,43.634703],[84.734459,43.632714],[84.721213,43.631166],[84.708541,43.631683],[84.698954,43.635672],[84.690305,43.639670],[84.667562,43.649639],[84.658269,43.654082],[84.643625,43.656842],[84.635416,43.656041],[84.619568,43.656965],[84.605245,43.661118],[84.597754,43.669486],[84.597797,43.680015],[84.603204,43.690613],[84.606126,43.693651],[84.606493,43.693732],[84.607189,43.694007],[84.610806,43.695861],[84.612654,43.696986],[84.613171,43.697638],[84.613621,43.698649],[84.614347,43.699710],[84.614335,43.701227],[84.614473,43.701574],[84.615390,43.702520],[84.616402,43.703009],[84.617163,43.703783],[84.617577,43.704356],[84.618034,43.705500],[84.618364,43.705987],[84.618491,43.706416],[84.618332,43.707116],[84.618127,43.707509],[84.618055,43.708500],[84.618501,43.709902],[84.618459,43.710541],[84.618848,43.711466],[84.619127,43.711863],[84.619877,43.712576],[84.620448,43.712939],[84.622058,43.713862],[84.623672,43.714570],[84.624873,43.714714],[84.626462,43.714455],[84.629140,43.714541],[84.630901,43.715187],[84.631431,43.715617],[84.631941,43.716253],[84.631813,43.717502],[84.632220,43.718388],[84.633080,43.718845],[84.634443,43.719404],[84.634830,43.719699],[84.634797,43.720164],[84.634299,43.722161],[84.634260,43.722785],[84.634393,43.723421],[84.634404,43.724125],[84.634534,43.724679],[84.635098,43.725298],[84.635781,43.725763],[84.634079,43.726051],[84.633587,43.726271],[84.633096,43.726653],[84.632667,43.727440],[84.630203,43.729440],[84.629004,43.729801],[84.628404,43.729816],[84.626738,43.729473],[84.624524,43.728710],[84.622354,43.727627],[84.621955,43.727603],[84.620156,43.729312],[84.618988,43.730263],[84.618214,43.730480],[84.617785,43.730739],[84.616958,43.730945],[84.616380,43.731266],[84.612693,43.732251],[84.611461,43.732370],[84.609098,43.732215],[84.607941,43.732026],[84.606281,43.730820],[84.605506,43.730812],[84.604736,43.730929],[84.601652,43.731831],[84.598669,43.732234],[84.596338,43.732300],[84.595668,43.732444],[84.593723,43.733307],[84.593055,43.733991],[84.592266,43.734280],[84.590640,43.734683],[84.589913,43.734969],[84.588018,43.735250],[84.584679,43.736335],[84.582771,43.736212],[84.581498,43.736243],[84.578432,43.736588],[84.577065,43.736879],[84.576252,43.737219],[84.575546,43.737787],[84.574848,43.738505],[84.574350,43.738774],[84.573547,43.739586],[84.573446,43.739857],[84.572952,43.740489],[84.572192,43.741237],[84.571061,43.741616],[84.569154,43.742512],[84.568494,43.743090],[84.567914,43.743860],[84.567683,43.744730],[84.567682,43.745233],[84.567389,43.745624],[84.565880,43.746348],[84.563770,43.746874],[84.563101,43.746942],[84.560444,43.746939],[84.556768,43.747233],[84.555668,43.747422],[84.554664,43.748027],[84.553961,43.748754],[84.553782,43.749284],[84.553392,43.749985],[84.553221,43.750980],[84.552979,43.751077],[84.552543,43.751064],[84.551375,43.750644],[84.549235,43.750116],[84.547344,43.750025],[84.546402,43.750100],[84.545154,43.749852],[84.544020,43.749558],[84.543416,43.749317],[84.542786,43.748908],[84.539147,43.747571],[84.536274,43.747339],[84.534909,43.747599],[84.533730,43.747970],[84.533248,43.748323],[84.532581,43.748465],[84.532096,43.748758],[84.530704,43.749256],[84.530047,43.749294],[84.529588,43.749155],[84.528858,43.749101],[84.527772,43.749184],[84.527342,43.749065],[84.526763,43.749039],[84.526073,43.749157],[84.525333,43.749491],[84.523539,43.749766],[84.522851,43.749659],[84.521749,43.749176],[84.520576,43.748948],[84.518953,43.749607],[84.517080,43.750149],[84.515398,43.750508],[84.514740,43.750803],[84.513622,43.751233],[84.512190,43.752185],[84.511306,43.752218],[84.508485,43.751641],[84.507217,43.751245],[84.504558,43.750187],[84.503709,43.749701],[84.503288,43.749180],[84.502756,43.748711],[84.501443,43.747852],[84.501232,43.747567],[84.501256,43.747129],[84.502019,43.746588],[84.502739,43.745925],[84.503055,43.745391],[84.503186,43.744913],[84.502819,43.744239],[84.500416,43.741976],[84.499904,43.741015],[84.499938,43.740511],[84.500203,43.739948],[84.500231,43.739721],[84.500114,43.739546],[84.499786,43.739405],[84.498788,43.739335],[84.495924,43.737890],[84.493932,43.736574],[84.492161,43.734686],[84.490150,43.734890],[84.487836,43.734790],[84.486960,43.734847],[84.486812,43.735221],[84.486753,43.736408],[84.486499,43.736894],[84.486222,43.736990],[84.485817,43.736969],[84.484589,43.736328],[84.483933,43.736290],[84.483081,43.736450],[84.481933,43.737113],[84.481714,43.737134],[84.481605,43.737145],[84.480899,43.737018],[84.479344,43.736475],[84.478153,43.735944],[84.475261,43.735064],[84.473690,43.735009],[84.471682,43.735588],[84.471238,43.735634],[84.470062,43.735493],[84.467837,43.734827],[84.466817,43.734725],[84.459368,43.735749],[84.458235,43.735804],[84.456032,43.735580],[84.453609,43.735119],[84.451073,43.734344],[84.450073,43.733732],[84.449508,43.733551],[84.449001,43.733519],[84.446164,43.734901],[84.443812,43.736383],[84.443361,43.736767],[84.442755,43.737530],[84.442287,43.737862],[84.440854,43.738431],[84.440438,43.738402],[84.439862,43.738259],[84.438828,43.737764],[84.436016,43.736772],[84.435142,43.736353],[84.434055,43.735661],[84.432671,43.734324],[84.431812,43.733691],[84.430630,43.733054],[84.428927,43.732495],[84.427494,43.732394],[84.424412,43.732622],[84.422920,43.732628],[84.417988,43.732465],[84.416528,43.732232],[84.414065,43.731622],[84.412040,43.731528],[84.408210,43.731741],[84.406102,43.731624],[84.405244,43.731419],[84.404115,43.731053],[84.403861,43.730927],[84.403662,43.730689],[84.403455,43.729958],[84.403611,43.728802],[84.403476,43.727881],[84.401863,43.725941],[84.401053,43.725599],[84.398285,43.725335],[84.396692,43.724849],[84.395121,43.724668],[84.394133,43.724675],[84.393467,43.724831],[84.391663,43.726149],[84.390585,43.726703],[84.389339,43.726955],[84.387631,43.727046],[84.386148,43.727785],[84.385163,43.728432],[84.384022,43.729343],[84.383049,43.730433],[84.382707,43.731285],[84.382619,43.731915],[84.382667,43.733302],[84.382409,43.733983],[84.382107,43.734205],[84.380673,43.734825],[84.375968,43.736287],[84.375082,43.736702],[84.373177,43.737903],[84.370610,43.738507],[84.368414,43.739331],[84.367270,43.739882],[84.366637,43.740276],[84.366268,43.740639],[84.365591,43.741635],[84.365003,43.742804],[84.364358,43.743403],[84.363916,43.743442],[84.361871,43.742517],[84.359044,43.740799],[84.357561,43.739584],[84.357158,43.739348],[84.356026,43.738867],[84.354260,43.738554],[84.353277,43.738155],[84.352976,43.737894],[84.352805,43.737418],[84.352174,43.736352],[84.351704,43.736007],[84.349050,43.734845],[84.345029,43.733432],[84.343324,43.732917],[84.342589,43.732549],[84.342224,43.732219],[84.341970,43.731804],[84.341447,43.730357],[84.340742,43.729199],[84.340438,43.728081],[84.340181,43.726631],[84.340036,43.726391],[84.339683,43.726251],[84.338973,43.726162],[84.337415,43.726142],[84.335088,43.726255],[84.334386,43.726170],[84.333547,43.725924],[84.332944,43.725616],[84.332271,43.724928],[84.331771,43.724595],[84.331441,43.724500],[84.326075,43.723905],[84.323735,43.723413],[84.322631,43.722711],[84.321583,43.721806],[84.321003,43.721572],[84.320541,43.721560],[84.319796,43.721681],[84.318655,43.722023],[84.317673,43.722843],[84.317046,43.723165],[84.316022,43.723496],[84.315163,43.724207],[84.314079,43.726364],[84.313207,43.728680],[84.312577,43.731642],[84.312259,43.731743],[84.311392,43.731776],[84.308781,43.731490],[84.307562,43.731528],[84.306296,43.731951],[84.305161,43.732555],[84.304120,43.732723],[84.298796,43.731677],[84.294990,43.730298],[84.293968,43.730094],[84.292053,43.730091],[84.290395,43.730264],[84.288515,43.730635],[84.287853,43.730876],[84.287789,43.731305],[84.287923,43.731606],[84.288587,43.732575],[84.289657,43.734450],[84.290310,43.735859],[84.290386,43.736437],[84.290265,43.737372],[84.289965,43.737797],[84.289494,43.738139],[84.287109,43.739229],[84.286401,43.739478],[84.283525,43.739864],[84.282051,43.740213],[84.281517,43.740462],[84.281219,43.740965],[84.281326,43.741697],[84.282504,43.745340],[84.282511,43.745700],[84.280750,43.747364],[84.279371,43.749199],[84.279467,43.749668],[84.279950,43.750395],[84.280876,43.751624],[84.282088,43.752826],[84.282338,43.753227],[84.282437,43.753942],[84.282461,43.754326],[84.282243,43.755124],[84.280794,43.757270],[84.280001,43.758873],[84.280099,43.759185],[84.280727,43.759575],[84.281018,43.759891],[84.281273,43.760583],[84.281439,43.762167],[84.281416,43.763063],[84.281558,43.764246],[84.281567,43.765259],[84.281521,43.765817],[84.281159,43.766519],[84.279771,43.768231],[84.278671,43.769065],[84.277794,43.769539],[84.276834,43.769891],[84.275181,43.770378],[84.274098,43.770552],[84.272050,43.770242],[84.270480,43.769862],[84.268317,43.770410],[84.266558,43.771101],[84.266198,43.771422],[84.265671,43.772270],[84.265356,43.773999],[84.264699,43.775380],[84.264177,43.776167],[84.263695,43.776560],[84.262234,43.777295],[84.260345,43.778044],[84.258665,43.778483],[84.257628,43.778898],[84.257016,43.779244],[84.256676,43.779545],[84.255832,43.780671],[84.255012,43.782404],[84.254402,43.784506],[84.254137,43.784984],[84.253844,43.785273],[84.251548,43.786049],[84.249866,43.786325],[84.246514,43.786424],[84.243416,43.786234],[84.242886,43.786071],[84.242620,43.785695],[84.241487,43.783280],[84.240678,43.780916],[84.240075,43.779827],[84.238550,43.778895],[84.237546,43.778471],[84.234602,43.777549],[84.233153,43.777004],[84.230826,43.775458],[84.229523,43.774271],[84.226729,43.773919],[84.225335,43.773569],[84.224464,43.773556],[84.222917,43.775421],[84.221876,43.776246],[84.220641,43.776990],[84.218926,43.777569],[84.217313,43.777894],[84.215588,43.778615],[84.212777,43.779510],[84.210408,43.780062],[84.209671,43.780015],[84.208660,43.779637],[84.208475,43.779426],[84.208539,43.778574],[84.208348,43.778285],[84.206251,43.777655],[84.204662,43.777339],[84.203955,43.777338],[84.201560,43.777732],[84.198958,43.777696],[84.198308,43.777766],[84.197842,43.777884],[84.193137,43.779925],[84.192349,43.780139],[84.191292,43.780245],[84.189972,43.780054],[84.188654,43.780045],[84.184144,43.782157],[84.184413,43.784714],[84.184259,43.784844],[84.179980,43.786281],[84.177516,43.787715],[84.177209,43.787991],[84.175791,43.789862],[84.175141,43.791044],[84.174138,43.792555],[84.173906,43.792774],[84.173600,43.793539],[84.173492,43.794602],[84.173321,43.795099],[84.173261,43.795227],[84.173006,43.795333],[84.169645,43.795777],[84.163736,43.795714],[84.162041,43.796261],[84.159526,43.797808],[84.158552,43.798147],[84.155631,43.798500],[84.154768,43.798667],[84.154310,43.798883],[84.153741,43.799005],[84.152155,43.799679],[84.149268,43.801259],[84.146881,43.801670],[84.144252,43.801787],[84.143319,43.802032],[84.142541,43.802452],[84.141822,43.803220],[84.141161,43.804212],[84.140144,43.805161],[84.139229,43.805831],[84.137104,43.807020],[84.135018,43.807854],[84.134326,43.808052],[84.132856,43.808125],[84.131508,43.808038],[84.130681,43.807719],[84.129288,43.805179],[84.128515,43.804184],[84.127949,43.803521],[84.127266,43.802925],[84.126503,43.802483],[84.125503,43.802255],[84.123505,43.802067],[84.122620,43.801828],[84.121606,43.801851],[84.121115,43.802310],[84.120825,43.802909],[84.120056,43.803938],[84.119056,43.804807],[84.118325,43.805303],[84.117764,43.805491],[84.117143,43.805512],[84.115670,43.805097],[84.114734,43.804983],[84.113841,43.805454],[84.112292,43.806944],[84.112126,43.807233],[84.112100,43.807470],[84.112087,43.807749],[84.112189,43.808009],[84.113385,43.809124],[84.114049,43.811070],[84.114310,43.812224],[84.114447,43.814080],[84.113907,43.814240],[84.112155,43.814370],[84.111230,43.814717],[84.107957,43.815563],[84.106995,43.815959],[84.106105,43.816208],[84.104957,43.816235],[84.104110,43.816088],[84.103686,43.816015],[84.103469,43.815866],[84.102582,43.815895],[84.102124,43.816224],[84.100273,43.816903],[84.098430,43.817282],[84.097549,43.817323],[84.095877,43.817623],[84.094903,43.817658],[84.093868,43.817905],[84.092986,43.818003],[84.089265,43.819560],[84.089216,43.819722],[84.089696,43.820378],[84.089798,43.821135],[84.089709,43.821697],[84.088675,43.822815],[84.087540,43.823641],[84.085004,43.825038],[84.084446,43.825564],[84.084122,43.826625],[84.084219,43.826979],[84.084435,43.827233],[84.085758,43.828218],[84.088294,43.829784],[84.089131,43.830467],[84.089685,43.831446],[84.089998,43.832349],[84.090627,43.833014],[84.092002,43.833515],[84.096066,43.834216],[84.098854,43.835305],[84.101253,43.836358],[84.104505,43.837621],[84.104869,43.837910],[84.104854,43.838301],[84.104647,43.838743],[84.103807,43.839755],[84.101020,43.841313],[84.100912,43.841605],[84.102861,43.843572],[84.104010,43.844265],[84.105731,43.844823],[84.106346,43.845164],[84.108083,43.846684],[84.109400,43.848008],[84.110978,43.848981],[84.111531,43.849250],[84.112152,43.849421],[84.113588,43.849461],[84.114124,43.849561],[84.114255,43.849790],[84.114189,43.851623],[84.114347,43.853576],[84.114811,43.854333],[84.114801,43.854552],[84.114434,43.854740],[84.113717,43.854851],[84.112658,43.854693],[84.111602,43.854812],[84.109565,43.855292],[84.107190,43.856150],[84.106388,43.856330],[84.105624,43.856385],[84.103061,43.856456],[84.099088,43.855777],[84.098243,43.855754],[84.096691,43.855496],[84.095321,43.855497],[84.093417,43.855840],[84.090628,43.855650],[84.089527,43.855704],[84.088984,43.855897],[84.088821,43.856052],[84.088087,43.857801],[84.087841,43.859052],[84.087540,43.859672],[84.086041,43.862192],[84.085578,43.862783],[84.085007,43.863217],[84.084825,43.863531],[84.084848,43.864953],[84.083870,43.867436],[84.082872,43.868857],[84.082451,43.869230],[84.082150,43.869729],[84.081069,43.870586],[84.080505,43.870826],[84.080001,43.871220],[84.080913,43.871753],[84.081752,43.872609],[84.083273,43.874709],[84.082816,43.875362],[84.082065,43.876011],[84.080877,43.876449],[84.079036,43.877310],[84.078363,43.877444],[84.077033,43.877884],[84.075251,43.878825],[84.074731,43.879371],[84.074540,43.879703],[84.074099,43.881095],[84.073704,43.881677],[84.073204,43.882128],[84.072126,43.882549],[84.070869,43.882718],[84.069091,43.883284],[84.067867,43.883530],[84.067502,43.883701],[84.066072,43.884828],[84.064416,43.885749],[84.061594,43.886272],[84.059356,43.886153],[84.058529,43.885387],[84.057053,43.884582],[84.055678,43.884069],[84.055020,43.884056],[84.043981,43.881546],[84.036731,43.879797],[84.030037,43.879888],[84.026790,43.881879],[84.017681,43.887643],[84.002954,43.892171],[84.000472,43.893308],[83.997912,43.895968],[83.996283,43.898575],[83.996170,43.898722],[83.993801,43.901920],[83.993444,43.902240],[83.990326,43.905085],[83.987322,43.907379],[83.983873,43.910019],[83.980834,43.911329],[83.980138,43.911423],[83.975184,43.912099],[83.972555,43.912005],[83.967515,43.911831],[83.965174,43.910819],[83.962702,43.908666],[83.962624,43.908579],[83.959779,43.905580],[83.956934,43.902576],[83.953584,43.901823],[83.948775,43.900742],[83.944637,43.901177],[83.939663,43.901702],[83.939038,43.901905],[83.934440,43.903373],[83.931191,43.904727],[83.926848,43.906548],[83.926631,43.906730],[83.923357,43.909490],[83.921603,43.910512],[83.917687,43.912786],[83.914589,43.914841],[83.910883,43.917294],[83.908038,43.920204],[83.907483,43.920898],[83.904967,43.924043],[83.904594,43.924997],[83.903232,43.928488],[83.903024,43.929330],[83.902703,43.930616],[83.905698,43.931076],[83.909346,43.932450],[83.910746,43.933098],[83.912485,43.934072],[83.912776,43.934675],[83.912728,43.934938],[83.912466,43.935338],[83.911807,43.935863],[83.911080,43.936230],[83.908855,43.936817],[83.908289,43.937118],[83.906648,43.939452],[83.906173,43.940011],[83.905747,43.940357],[83.904520,43.940766],[83.903343,43.940970],[83.902816,43.941318],[83.902493,43.941905],[83.902279,43.943097],[83.901876,43.944577],[83.902000,43.946018],[83.902185,43.946761],[83.900460,43.947227],[83.899357,43.947658],[83.897595,43.947928],[83.895916,43.947922],[83.895069,43.947732],[83.894256,43.947913],[83.893599,43.948258],[83.893261,43.948339],[83.892578,43.948312],[83.891785,43.948406],[83.890889,43.948726],[83.888290,43.950159],[83.887897,43.950470],[83.886954,43.951541],[83.886168,43.952760],[83.885996,43.952882],[83.885743,43.952782],[83.885490,43.952307],[83.885076,43.952069],[83.884501,43.951794],[83.883360,43.951490],[83.881807,43.951334],[83.880592,43.951532],[83.879097,43.951271],[83.877346,43.951108],[83.876177,43.950882],[83.873478,43.949924],[83.872529,43.949833],[83.870464,43.949917],[83.869070,43.950172],[83.865702,43.951148],[83.864428,43.951792],[83.862220,43.952244],[83.858753,43.953133],[83.857967,43.953078],[83.857131,43.952760],[83.854719,43.951380],[83.853844,43.950998],[83.853224,43.950548],[83.852892,43.950069],[83.853191,43.949033],[83.853046,43.947665],[83.852798,43.947089],[83.852470,43.946549],[83.851884,43.946056],[83.850981,43.945644],[83.850453,43.945527],[83.849773,43.945574],[83.849224,43.945851],[83.848399,43.947065],[83.848148,43.947597],[83.847562,43.948193],[83.844354,43.949382],[83.843478,43.949596],[83.842942,43.949821],[83.842099,43.949989],[83.841356,43.949675],[83.839010,43.947835],[83.836323,43.945570],[83.834375,43.943606],[83.833174,43.942835],[83.831289,43.941401],[83.829098,43.940063],[83.828130,43.939298],[83.827843,43.939263],[83.822895,43.938673],[83.820274,43.938591],[83.815265,43.938436],[83.813022,43.938566],[83.808022,43.938860],[83.804638,43.939742],[83.803487,43.940243],[83.799194,43.942115],[83.794977,43.944194],[83.794095,43.944785],[83.790398,43.947245],[83.786708,43.949704],[83.785834,43.950213],[83.781937,43.952494],[83.778800,43.952905],[83.775578,43.952404],[83.771886,43.950551],[83.769529,43.949316],[83.767128,43.947622],[83.763504,43.946453],[83.760209,43.945265],[83.759038,43.945110],[83.754086,43.944468],[83.749349,43.944732],[83.748620,43.944858],[83.743743,43.945733],[83.743118,43.945928],[83.738517,43.947392],[83.735036,43.949289],[83.731007,43.951468],[83.729921,43.952387],[83.726646,43.955142],[83.725587,43.956650],[83.723337,43.959897],[83.720469,43.962799],[83.718453,43.964229],[83.714856,43.966765],[83.711831,43.968305],[83.708206,43.970100],[83.704772,43.970745],[83.702686,43.971999],[83.698399,43.973601],[83.696294,43.974547],[83.692016,43.976466],[83.691741,43.976511],[83.691465,43.976748],[83.690349,43.978030],[83.689859,43.978419],[83.689009,43.979339],[83.688568,43.980330],[83.688257,43.981506],[83.688035,43.981711],[83.687654,43.981846],[83.687187,43.981822],[83.686816,43.981652],[83.686500,43.981166],[83.686159,43.980227],[83.685688,43.979337],[83.685356,43.978930],[83.682744,43.976452],[83.681468,43.974979],[83.679590,43.973091],[83.677811,43.972351],[83.677311,43.972253],[83.676982,43.972275],[83.676273,43.972555],[83.674918,43.972863],[83.672087,43.973306],[83.670796,43.972730],[83.669506,43.972154],[83.667913,43.971111],[83.666437,43.970385],[83.666049,43.970103],[83.665334,43.969205],[83.665001,43.968968],[83.662755,43.968521],[83.662227,43.968244],[83.660486,43.967615],[83.659850,43.967239],[83.659404,43.967174],[83.658376,43.967544],[83.654991,43.967896],[83.651536,43.967593],[83.649444,43.967261],[83.648740,43.967227],[83.648225,43.967075],[83.646990,43.966326],[83.646458,43.966271],[83.642420,43.969026],[83.640372,43.970871],[83.640088,43.971035],[83.639822,43.971062],[83.636568,43.969434],[83.634752,43.968858],[83.633251,43.968946],[83.631736,43.968688],[83.630821,43.968809],[83.630109,43.968684],[83.628697,43.968013],[83.626008,43.966191],[83.624418,43.965458],[83.623714,43.965270],[83.621140,43.965603],[83.619638,43.966279],[83.615373,43.968206],[83.614514,43.968709],[83.610588,43.970979],[83.608175,43.972254],[83.605909,43.974157],[83.602629,43.976911],[83.601275,43.978559],[83.598716,43.981686],[83.596157,43.984810],[83.594231,43.987178],[83.591673,43.990306],[83.589123,43.993439],[83.587649,43.995808],[83.585595,43.999122],[83.584875,44.001044],[83.580334,44.005515],[83.577422,44.007283],[83.574832,44.008834],[83.571912,44.010373],[83.568725,44.010998],[83.563028,44.011119],[83.557644,44.011016],[83.550738,44.009743],[83.545169,44.009320],[83.543902,44.009415],[83.542122,44.009299],[83.541801,44.009147],[83.540907,44.008289],[83.540637,44.008149],[83.539977,44.007987],[83.539112,44.007983],[83.537895,44.007774],[83.534893,44.006859],[83.533078,44.005911],[83.531963,44.005044],[83.530897,44.004390],[83.529994,44.004054],[83.526431,44.002207],[83.525702,44.001933],[83.524976,44.001819],[83.521853,44.002020],[83.521111,44.001924],[83.520067,44.001935],[83.519437,44.002194],[83.518501,44.003136],[83.518128,44.003358],[83.517749,44.003416],[83.516864,44.003251],[83.516338,44.003270],[83.515250,44.003851],[83.514843,44.003861],[83.514322,44.003745],[83.512336,44.002362],[83.510761,44.002242],[83.509524,44.002285],[83.508981,44.002372],[83.508437,44.002460],[83.507540,44.002328],[83.506526,44.002010],[83.505847,44.001582],[83.505276,44.001087],[83.502868,44.001007],[83.500506,44.001641],[83.500178,44.001805],[83.500063,44.002087],[83.499993,44.004681],[83.499654,44.005935],[83.499702,44.006533],[83.499867,44.007051],[83.500220,44.007700],[83.501072,44.008848],[83.501678,44.009250],[83.502061,44.009803],[83.502418,44.010532],[83.502506,44.011108],[83.502362,44.011615],[83.502330,44.012179],[83.501980,44.012873],[83.502526,44.014110],[83.502498,44.015070],[83.502665,44.016025],[83.502631,44.017243],[83.502755,44.018168],[83.502735,44.022349],[83.502355,44.023011],[83.501804,44.023538],[83.500983,44.023794],[83.499369,44.024068],[83.497781,44.024582],[83.496256,44.025155],[83.495536,44.025605],[83.493299,44.026408],[83.492321,44.026634],[83.491180,44.027275],[83.491048,44.028219],[83.490678,44.029397],[83.490157,44.030356],[83.489281,44.030913],[83.487160,44.031984],[83.485645,44.032514],[83.485102,44.032933],[83.484047,44.034246],[83.482681,44.035020],[83.480761,44.035761],[83.479230,44.036090],[83.476947,44.036779],[83.474223,44.036733],[83.468898,44.036907],[83.468934,44.037776],[83.469098,44.038668],[83.469119,44.038685],[83.470117,44.039580],[83.471876,44.042146],[83.471845,44.042836],[83.471011,44.043667],[83.470921,44.044071],[83.471753,44.045554],[83.471823,44.046397],[83.471626,44.046715],[83.470353,44.048114],[83.469810,44.049377],[83.469120,44.050492],[83.468471,44.051343],[83.467872,44.051765],[83.467156,44.051810],[83.464799,44.052211],[83.464199,44.052373],[83.463890,44.052658],[83.463656,44.055041],[83.463696,44.055446],[83.463470,44.055899],[83.463425,44.056238],[83.463504,44.057283],[83.463934,44.058101],[83.463842,44.058973],[83.463604,44.059713],[83.463639,44.061386],[83.463477,44.062850],[83.463510,44.063652],[83.464403,44.064906],[83.464798,44.066282],[83.464429,44.066957],[83.464361,44.067814],[83.464412,44.069644],[83.464195,44.070342],[83.463246,44.071412],[83.462850,44.072125],[83.461628,44.072427],[83.460640,44.072521],[83.459619,44.072926],[83.458262,44.073196],[83.456504,44.073717],[83.455360,44.074286],[83.453982,44.074631],[83.452614,44.075177],[83.449830,44.075994],[83.448502,44.076490],[83.448416,44.078630],[83.447541,44.084547],[83.448580,44.090279],[83.448277,44.097805],[83.447740,44.103280],[83.447204,44.108746],[83.445965,44.115800],[83.445411,44.121730],[83.443627,44.126491],[83.442207,44.130341],[83.439765,44.136005],[83.434783,44.141382],[83.430130,44.146536],[83.424826,44.151911],[83.420525,44.155926],[83.413803,44.164921],[83.412042,44.168991],[83.411842,44.174012],[83.411998,44.177899],[83.413109,44.181802],[83.415729,44.187796],[83.419927,44.194053],[83.423248,44.198466],[83.427504,44.203121],[83.432365,44.208702],[83.435277,44.215383],[83.437876,44.221834],[83.438637,44.226422],[83.437840,44.230514],[83.437381,44.233928],[83.434392,44.237068],[83.431160,44.241388],[83.428903,44.241927],[83.426210,44.242966],[83.422425,44.246023],[83.421645,44.246759],[83.421444,44.247295],[83.421531,44.247698],[83.422816,44.248675],[83.424871,44.249526],[83.426619,44.249775],[83.429605,44.250713],[83.430378,44.251236],[83.430836,44.251826],[83.432608,44.252656],[83.435346,44.252729],[83.440177,44.251792],[83.440663,44.251628],[83.442123,44.251477],[83.445331,44.252459],[83.446568,44.253165],[83.448428,44.253882],[83.448843,44.254278],[83.449052,44.254788],[83.448453,44.255334],[83.447606,44.257297],[83.447055,44.258991],[83.446560,44.259779],[83.444510,44.261280],[83.443824,44.261988],[83.442261,44.263080],[83.441393,44.263945],[83.440519,44.266085],[83.440311,44.267011],[83.440297,44.268371],[83.440046,44.269678],[83.439443,44.270156],[83.437415,44.274494],[83.437363,44.274706],[83.437713,44.274994],[83.438711,44.275740],[83.441004,44.276963],[83.441425,44.277511],[83.441606,44.278199],[83.441460,44.279191],[83.440096,44.281410],[83.439827,44.282259],[83.439900,44.282639],[83.441058,44.283685],[83.442518,44.285197],[83.443964,44.285802],[83.444947,44.285878],[83.445650,44.286028],[83.447327,44.286564],[83.448116,44.287718],[83.448384,44.287993],[83.449300,44.288596],[83.452567,44.289567],[83.453550,44.290034],[83.454152,44.290155],[83.455949,44.290206],[83.456108,44.290354],[83.456457,44.291131],[83.456699,44.291886],[83.456728,44.293136],[83.456866,44.293648],[83.457485,44.294148],[83.458467,44.294615],[83.459783,44.294964],[83.460444,44.295328],[83.461550,44.295699],[83.463989,44.296249],[83.464673,44.296900],[83.465435,44.298022],[83.466743,44.299021],[83.468089,44.299233],[83.469669,44.299170],[83.470069,44.299211],[83.470546,44.299393],[83.471842,44.301791],[83.472229,44.302208],[83.473242,44.302314],[83.473752,44.302602],[83.474788,44.303539],[83.474953,44.303848],[83.474965,44.304118],[83.474325,44.305097],[83.474265,44.305901],[83.474657,44.307141],[83.475719,44.308163],[83.477136,44.309227],[83.477734,44.309508],[83.479624,44.309571],[83.479946,44.309673],[83.480104,44.309830],[83.480184,44.310917],[83.480273,44.311050],[83.480496,44.311070],[83.481858,44.310276],[83.482760,44.310254],[83.483606,44.310588],[83.484645,44.311609],[83.484954,44.312278],[83.486481,44.314006],[83.486861,44.314976],[83.486882,44.315465],[83.486785,44.315941],[83.486606,44.316149],[83.486386,44.316778],[83.486316,44.317339],[83.486159,44.317502],[83.483934,44.318403],[83.483400,44.318821],[83.482311,44.320251],[83.480942,44.320866],[83.478992,44.321902],[83.478093,44.322566],[83.476805,44.323722],[83.476309,44.324494],[83.476307,44.325001],[83.476616,44.325939],[83.477372,44.326901],[83.477938,44.327825],[83.478860,44.328961],[83.480651,44.330419],[83.481886,44.331678],[83.483665,44.333166],[83.485595,44.334940],[83.487686,44.336400],[83.489071,44.337179],[83.489865,44.337774],[83.490845,44.338789],[83.491406,44.339553],[83.491801,44.340596],[83.491890,44.341313],[83.491867,44.342159],[83.491720,44.342837],[83.491271,44.343312],[83.489344,44.344748],[83.487797,44.346527],[83.487455,44.347333],[83.486973,44.349791],[83.486537,44.351086],[83.486084,44.351981],[83.485753,44.354100],[83.485570,44.354526],[83.485543,44.354899],[83.486443,44.355794],[83.486494,44.355894],[83.486000,44.356247],[83.486532,44.356432],[83.486934,44.356908],[83.487208,44.357853],[83.487535,44.362613],[83.487938,44.363079],[83.489974,44.367347],[83.492244,44.369710],[83.494135,44.372550],[83.496536,44.374335],[83.497341,44.375286],[83.497349,44.375763],[83.498686,44.377178],[83.502666,44.378382],[83.505750,44.381688],[83.505758,44.382164],[83.506418,44.382534],[83.508310,44.389611],[83.508720,44.390636],[83.509548,44.391928],[83.512047,44.394870],[83.512942,44.395809],[83.517644,44.399532],[83.523243,44.405239],[83.528235,44.408668],[83.528918,44.409218],[83.530727,44.411071],[83.530864,44.411544],[83.531267,44.412020],[83.531571,44.414873],[83.529755,44.419596],[83.529131,44.420511],[83.527977,44.423427],[83.526463,44.425885],[83.524899,44.428722],[83.524579,44.429619],[83.522687,44.433518],[83.519710,44.437828],[83.518790,44.442538],[83.517347,44.444913],[83.516558,44.449683],[83.515919,44.451669],[83.515630,44.455859],[83.515895,44.459766],[83.516860,44.462611],[83.517646,44.467553],[83.521533,44.466860],[83.526855,44.465911],[83.537680,44.463604],[83.545332,44.461520],[83.546999,44.461529],[83.551171,44.462069],[83.555570,44.462498],[83.557337,44.462530],[83.560531,44.462192],[83.569203,44.462099],[83.573485,44.462121],[83.576925,44.462322],[83.581720,44.462375],[83.582180,44.462456],[83.582476,44.462768],[83.587378,44.463746],[83.592216,44.463754],[83.594821,44.463625],[83.598153,44.463155],[83.599463,44.462783],[83.601279,44.462743],[83.602852,44.462912],[83.605445,44.463542],[83.607277,44.464103],[83.608788,44.464361],[83.610933,44.465269],[83.613194,44.465680],[83.616412,44.465789],[83.620040,44.466309],[83.621462,44.466745],[83.624992,44.468073],[83.625728,44.468224],[83.629902,44.468403],[83.630594,44.468821],[83.631740,44.470147],[83.632391,44.471375],[83.633096,44.472330],[83.633906,44.473380],[83.635863,44.475599],[83.635969,44.475864],[83.637049,44.475471],[83.639348,44.474826],[83.644575,44.474201],[83.660006,44.472046],[83.667048,44.471114],[83.683230,44.468971],[83.719299,44.464195],[83.723992,44.463573],[83.730122,44.463228],[83.750052,44.461835],[83.752820,44.461741],[83.755640,44.462036],[83.793340,44.466780],[83.793464,44.475754],[83.793363,44.477572],[83.793419,44.480250],[83.793952,44.482045],[83.794201,44.484057],[83.794767,44.485563],[83.795530,44.487241],[83.796318,44.488691],[83.797922,44.490973],[83.798512,44.492233],[83.798589,44.492612],[83.798101,44.495218],[83.798100,44.495937],[83.797394,44.496935],[83.796280,44.497792],[83.795810,44.498294],[83.794647,44.500135],[83.793994,44.501411],[83.794017,44.503368],[83.793423,44.504457],[83.792633,44.505237],[83.792645,44.506078],[83.792067,44.506728],[83.791992,44.506990],[83.792011,44.507415],[83.792353,44.507864],[83.792135,44.508192],[83.792037,44.508569],[83.791663,44.508922],[83.792076,44.509680],[83.792049,44.510014],[83.791806,44.510405],[83.792012,44.511086],[83.791864,44.511318],[83.791350,44.511498],[83.791630,44.511896],[83.791126,44.512273],[83.791545,44.512543],[83.791594,44.512667],[83.791133,44.513032],[83.791049,44.513398],[83.791181,44.513738],[83.791842,44.514511],[83.791802,44.514887],[83.792220,44.515157],[83.792042,44.515369],[83.792186,44.515949],[83.791925,44.519447],[83.791857,44.520376],[83.790418,44.521816],[83.789102,44.522399],[83.787267,44.523750],[83.784284,44.527586],[83.782967,44.528169],[83.781642,44.528283],[83.779662,44.529062],[83.778231,44.530502],[83.776936,44.532415],[83.775916,44.534807],[83.775809,44.536240],[83.775402,44.536745],[83.775391,44.536963],[83.772993,44.537926],[83.771339,44.538343],[83.768317,44.539955],[83.764826,44.542272],[83.764405,44.542701],[83.759300,44.546116],[83.752695,44.549833],[83.751903,44.550462],[83.748312,44.551078],[83.747517,44.551285],[83.746803,44.551780],[83.745427,44.552950],[83.748646,44.560037],[83.751019,44.565523],[83.752717,44.568947],[83.753114,44.570357],[83.754140,44.577231],[83.754532,44.578269],[83.755186,44.580753],[83.755269,44.581744],[83.755446,44.587498],[83.754966,44.590214],[83.755020,44.591117],[83.755306,44.592534],[83.756283,44.604412],[83.756443,44.612225],[83.757233,44.617437],[83.758223,44.622479],[83.759797,44.633250],[83.760484,44.634183],[83.762242,44.640948],[83.763278,44.643952],[83.763922,44.646161],[83.764454,44.648739],[83.765371,44.651181],[83.766037,44.653645],[83.766706,44.655517],[83.767279,44.656758],[83.767821,44.658363],[83.768224,44.659227],[83.771314,44.667601],[83.771479,44.668238],[83.771362,44.669895],[83.771472,44.672191],[83.772425,44.676570],[83.772919,44.677749],[83.773828,44.678952],[83.774090,44.679991],[83.774850,44.681301],[83.776373,44.684483],[83.777054,44.686359],[83.778537,44.689922],[83.781580,44.695955],[83.781964,44.697306],[83.782565,44.698744],[83.783004,44.699536],[83.785960,44.703737],[83.789852,44.711911],[83.790802,44.713492],[83.793358,44.717230],[83.794473,44.719508],[83.794560,44.721331],[83.795122,44.723176],[83.795965,44.729172],[83.797304,44.732535],[83.798248,44.734344],[83.798942,44.736630],[83.798951,44.737429],[83.798610,44.738679],[83.798378,44.740240],[83.798146,44.745258],[83.797502,44.748089],[83.797357,44.749504],[83.796699,44.752783],[83.796414,44.753456],[83.796308,44.753971],[83.796361,44.754542],[83.796286,44.754995],[83.796007,44.755269],[83.795600,44.755402],[83.795396,44.755569],[83.795366,44.755779],[83.795765,44.756839],[83.795965,44.757118],[83.796715,44.757292],[83.797497,44.757318],[83.797853,44.757601],[83.798086,44.758499],[83.797998,44.759617],[83.797437,44.760012],[83.796830,44.760053],[83.796792,44.758900],[83.796573,44.758648],[83.795853,44.758320],[83.795434,44.758344],[83.795053,44.758523],[83.794874,44.758751],[83.794917,44.759016],[83.795114,44.759214],[83.796040,44.759258],[83.796142,44.759399],[83.796060,44.759659],[83.795802,44.759834],[83.794820,44.759970],[83.792582,44.759558],[83.792082,44.759614],[83.791241,44.760083],[83.790760,44.760176],[83.789807,44.760154],[83.789139,44.760294],[83.788761,44.760561],[83.788117,44.761808],[83.788104,44.762894],[83.788578,44.763283],[83.789255,44.763321],[83.790080,44.763625],[83.790263,44.764110],[83.790214,44.764695],[83.789790,44.764976],[83.788882,44.764674],[83.788204,44.764624],[83.787818,44.764334],[83.787263,44.763630],[83.786498,44.763607],[83.786420,44.763698],[83.786414,44.764547],[83.786186,44.764988],[83.786178,44.765191],[83.786830,44.765699],[83.787858,44.766154],[83.788152,44.766480],[83.788198,44.766703],[83.788083,44.767019],[83.787633,44.767377],[83.787370,44.767451],[83.786450,44.767530],[83.785862,44.767346],[83.785656,44.767005],[83.786257,44.766833],[83.786469,44.766680],[83.786510,44.766544],[83.785741,44.766441],[83.784974,44.766494],[83.784610,44.766427],[83.784402,44.766276],[83.784062,44.765736],[83.784516,44.765078],[83.784482,44.764740],[83.784324,44.764656],[83.783943,44.764855],[83.783498,44.765695],[83.783033,44.765876],[83.782102,44.765955],[83.781805,44.766072],[83.781214,44.767084],[83.781171,44.767778],[83.781375,44.768209],[83.781363,44.768589],[83.781200,44.768762],[83.779683,44.768864],[83.779540,44.769092],[83.779380,44.771289],[83.779215,44.771450],[83.778885,44.771471],[83.778299,44.771350],[83.777996,44.771223],[83.777609,44.770907],[83.777677,44.770115],[83.777531,44.770026],[83.775908,44.770515],[83.774856,44.770689],[83.774228,44.770658],[83.773979,44.770800],[83.773960,44.770999],[83.773663,44.771353],[83.772720,44.771579],[83.772687,44.771893],[83.772807,44.772160],[83.773430,44.772681],[83.773419,44.772825],[83.772061,44.773092],[83.771483,44.773624],[83.770649,44.773933],[83.770605,44.774022],[83.771191,44.774626],[83.771255,44.774979],[83.770873,44.775077],[83.769265,44.774498],[83.768954,44.774494],[83.768649,44.774614],[83.768203,44.775318],[83.767956,44.776290],[83.767967,44.776532],[83.768079,44.776650],[83.768557,44.776839],[83.770490,44.776887],[83.771194,44.777015],[83.771890,44.776931],[83.772296,44.776982],[83.772556,44.777090],[83.772735,44.777290],[83.772763,44.777870],[83.772670,44.778198],[83.772506,44.778307],[83.771370,44.778569],[83.770407,44.778487],[83.770022,44.778540],[83.769690,44.778880],[83.769969,44.779189],[83.771310,44.779452],[83.772059,44.779788],[83.772137,44.780196],[83.772050,44.780353],[83.771810,44.780492],[83.770187,44.780574],[83.769204,44.781384],[83.768427,44.781493],[83.767607,44.781369],[83.767299,44.781229],[83.767177,44.781088],[83.767133,44.780629],[83.766984,44.780229],[83.766473,44.779800],[83.766147,44.779697],[83.765695,44.779775],[83.765601,44.779905],[83.765623,44.780038],[83.766362,44.780738],[83.766377,44.781090],[83.766032,44.781271],[83.765502,44.781317],[83.765392,44.781244],[83.764862,44.780708],[83.764822,44.779859],[83.764073,44.779578],[83.763028,44.779768],[83.762898,44.779907],[83.763146,44.780247],[83.763121,44.780358],[83.762587,44.780341],[83.762322,44.780010],[83.761999,44.779806],[83.761479,44.779718],[83.760501,44.779965],[83.760076,44.780267],[83.759881,44.780517],[83.760130,44.780782],[83.761394,44.781051],[83.762617,44.780843],[83.763051,44.781035],[83.763608,44.781635],[83.763618,44.781856],[83.763091,44.782233],[83.762724,44.782254],[83.761636,44.781956],[83.761306,44.781980],[83.759179,44.782560],[83.758886,44.782402],[83.758876,44.782169],[83.759128,44.781699],[83.758815,44.781276],[83.757368,44.781157],[83.756275,44.781325],[83.755939,44.781617],[83.755391,44.781703],[83.754303,44.781661],[83.753746,44.781779],[83.751375,44.781687],[83.750710,44.781973],[83.750047,44.782079],[83.749384,44.782463],[83.748995,44.782941],[83.749010,44.783894],[83.748369,44.785799],[83.749195,44.786752],[83.751047,44.785969],[83.751589,44.786442],[83.752258,44.786633],[83.753074,44.787198],[83.751885,44.788064],[83.751612,44.787684],[83.750955,44.788167],[83.750285,44.788165],[83.748698,44.789130],[83.748690,44.788653],[83.747608,44.787716],[83.747204,44.787528],[83.746539,44.787724],[83.746142,44.788201],[83.745486,44.788586],[83.746417,44.788393],[83.745495,44.789350],[83.745502,44.789728],[83.744159,44.789166],[83.742695,44.789561],[83.742031,44.790044],[83.741909,44.790515],[83.741520,44.791001],[83.740719,44.791191],[83.740047,44.791198],[83.738727,44.791976],[83.738896,44.793880],[83.737705,44.794645],[83.736369,44.794658],[83.735690,44.794188],[83.735698,44.794566],[83.734363,44.794570],[83.733698,44.794964],[83.733309,44.795441],[83.734248,44.796004],[83.734919,44.796096],[83.735600,44.796566],[83.735720,44.795996],[83.736400,44.796368],[83.737735,44.796453],[83.738416,44.796834],[83.738956,44.797397],[83.738964,44.797874],[83.738705,44.798357],[83.736683,44.797513],[83.734942,44.797427],[83.734019,44.797818],[83.733095,44.798775],[83.732042,44.799546],[83.732187,44.800308],[83.733943,44.801338],[83.732614,44.802017],[83.731134,44.801169],[83.730324,44.801080],[83.729676,44.801941],[83.730371,44.803554],[83.730905,44.803739],[83.731698,44.803163],[83.732638,44.803159],[83.733723,44.804106],[83.732928,44.804494],[83.731860,44.804500],[83.730805,44.805362],[83.729357,44.806898],[83.730852,44.808222],[83.731669,44.809166],[83.731546,44.809646],[83.731822,44.810117],[83.730363,44.810987],[83.729028,44.811000],[83.728371,44.811474],[83.728355,44.810908],[83.727691,44.811193],[83.727027,44.811109],[83.726500,44.811589],[83.725828,44.811775],[83.725301,44.812255],[83.725576,44.812546],[83.725454,44.813017],[83.725859,44.813493],[83.725866,44.813970],[83.726141,44.814441],[83.725759,44.815593],[83.725362,44.815692],[83.723079,44.815321],[83.722675,44.815132],[83.722010,44.815138],[83.721750,44.815621],[83.721079,44.815816],[83.720819,44.816290],[83.720841,44.817243],[83.722476,44.819042],[83.721286,44.820005],[83.720620,44.819912],[83.719957,44.820197],[83.719283,44.820302],[83.717298,44.821553],[83.717176,44.822033],[83.716778,44.822510],[83.716786,44.822986],[83.716526,44.823460],[83.716031,44.825847],[83.715113,44.826804],[83.714036,44.826621],[83.712982,44.827481],[83.712997,44.828435],[83.712616,44.829388],[83.712623,44.829865],[83.712096,44.830345],[83.712104,44.830822],[83.711706,44.831308],[83.711989,44.832255],[83.712402,44.832732],[83.712417,44.833677],[83.711241,44.835116],[83.707252,44.837238],[83.705938,44.838671],[83.705815,44.839151],[83.705419,44.839628],[83.705311,44.841061],[83.705594,44.842009],[83.706832,44.843907],[83.706985,44.844858],[83.706596,44.845811],[83.705541,44.846770],[83.704876,44.847064],[83.703531,44.846788],[83.702193,44.846790],[83.700864,44.847566],[83.700871,44.847845],[83.702224,44.848697],[83.702897,44.848791],[83.704250,44.849544],[83.703859,44.850209],[83.702140,44.851651],[83.701842,44.853998],[83.700512,44.854252],[83.698899,44.854296],[83.697119,44.855253],[83.694436,44.857633],[83.694314,44.860714],[83.693236,44.862933],[83.692740,44.864249],[83.688451,44.865926],[83.687633,44.867006],[83.687296,44.868084],[83.686639,44.869115],[83.684690,44.870354],[83.684514,44.872005],[83.684896,44.873212],[83.682564,44.873307],[83.681188,44.873921],[83.681165,44.875236],[83.682294,44.876014],[83.683126,44.875909],[83.683359,44.876027],[83.684174,44.876276],[83.684351,44.876598],[83.684250,44.876879],[83.683818,44.877328],[83.683296,44.877626],[83.681925,44.877715],[83.681534,44.877377],[83.681236,44.876720],[83.681059,44.876635],[83.680804,44.876653],[83.680519,44.876938],[83.680251,44.877569],[83.680281,44.878207],[83.680080,44.878638],[83.679577,44.878949],[83.677639,44.879662],[83.677176,44.879964],[83.676731,44.880130],[83.675897,44.880114],[83.675577,44.880408],[83.674927,44.880638],[83.673894,44.880837],[83.673216,44.880873],[83.672932,44.880769],[83.672963,44.880409],[83.672892,44.880301],[83.672389,44.880367],[83.671621,44.880104],[83.671132,44.880115],[83.670116,44.880551],[83.669287,44.881025],[83.668630,44.881757],[83.668626,44.882438],[83.668823,44.882590],[83.669171,44.882629],[83.669816,44.882556],[83.670951,44.882612],[83.671073,44.882808],[83.669909,44.883530],[83.668168,44.883365],[83.667805,44.883372],[83.667528,44.883547],[83.667301,44.883806],[83.667334,44.884122],[83.667509,44.884440],[83.667519,44.884642],[83.667355,44.884958],[83.667402,44.885583],[83.667655,44.885903],[83.668190,44.886272],[83.668804,44.886550],[83.668934,44.887038],[83.668735,44.887490],[83.668428,44.887687],[83.668285,44.887677],[83.667762,44.887198],[83.667316,44.887085],[83.666299,44.888277],[83.665972,44.888420],[83.665694,44.888451],[83.665498,44.888320],[83.665160,44.887858],[83.665100,44.887580],[83.665417,44.886969],[83.665528,44.886663],[83.665491,44.886520],[83.665010,44.886285],[83.664572,44.885432],[83.664313,44.885260],[83.664031,44.885199],[83.663575,44.885251],[83.663251,44.885460],[83.662518,44.886617],[83.662287,44.886778],[83.661897,44.886842],[83.661006,44.886637],[83.660235,44.886307],[83.659386,44.886380],[83.659058,44.886501],[83.658100,44.887134],[83.657996,44.887360],[83.658074,44.887629],[83.658781,44.887982],[83.658883,44.888381],[83.658631,44.888733],[83.658243,44.888965],[83.656602,44.889529],[83.656048,44.889541],[83.655448,44.889173],[83.655192,44.888663],[83.655282,44.888293],[83.655792,44.887978],[83.655742,44.887679],[83.655595,44.887594],[83.654602,44.887488],[83.654051,44.887559],[83.652726,44.888395],[83.652059,44.888396],[83.651686,44.888180],[83.651183,44.887215],[83.650732,44.886979],[83.650319,44.886933],[83.649881,44.886998],[83.649420,44.887198],[83.649222,44.887696],[83.649191,44.888052],[83.648860,44.888372],[83.647780,44.888564],[83.646502,44.888490],[83.645424,44.889008],[83.645139,44.889416],[83.645088,44.889987],[83.644951,44.890379],[83.644036,44.891062],[83.643695,44.891146],[83.643171,44.891157],[83.641631,44.891461],[83.640464,44.891452],[83.640079,44.891367],[83.639876,44.891093],[83.639834,44.890828],[83.639500,44.890666],[83.638619,44.890820],[83.637030,44.891467],[83.635554,44.891601],[83.635076,44.891434],[83.634631,44.891084],[83.635138,44.890705],[83.635130,44.890528],[83.634903,44.890376],[83.634641,44.890255],[83.633778,44.890240],[83.633427,44.890117],[83.633080,44.889833],[83.632652,44.889698],[83.632224,44.889708],[83.631528,44.889989],[83.630906,44.889791],[83.630515,44.889821],[83.629877,44.890046],[83.629503,44.890067],[83.628848,44.889925],[83.628049,44.890031],[83.627758,44.890173],[83.627683,44.890880],[83.627132,44.891328],[83.626890,44.891489],[83.625746,44.891591],[83.625077,44.892446],[83.624841,44.892494],[83.623308,44.891623],[83.622800,44.891554],[83.622583,44.891626],[83.622318,44.892080],[83.622411,44.892682],[83.622042,44.893206],[83.621863,44.893848],[83.621515,44.894046],[83.620747,44.894173],[83.619876,44.895029],[83.618321,44.895503],[83.617341,44.895402],[83.616792,44.894696],[83.616550,44.894600],[83.616141,44.894643],[83.615849,44.894505],[83.615634,44.894206],[83.615591,44.893928],[83.615422,44.893742],[83.614548,44.893482],[83.613177,44.892093],[83.612536,44.891849],[83.612093,44.891783],[83.611388,44.891841],[83.610864,44.892089],[83.610378,44.892121],[83.609749,44.891747],[83.609510,44.891727],[83.607640,44.893100],[83.607081,44.893227],[83.606686,44.893176],[83.606023,44.892824],[83.604957,44.892915],[83.604840,44.893087],[83.604829,44.893890],[83.603968,44.893910],[83.603088,44.893651],[83.602550,44.893587],[83.601599,44.893697],[83.600476,44.893968],[83.600295,44.894175],[83.600066,44.895029],[83.600075,44.895498],[83.600281,44.895840],[83.600603,44.896125],[83.600689,44.896592],[83.600534,44.896976],[83.600668,44.897171],[83.601268,44.897563],[83.601602,44.897999],[83.601632,44.898257],[83.601452,44.898876],[83.602084,44.899590],[83.602490,44.900295],[83.602602,44.901053],[83.602476,44.902341],[83.602104,44.903592],[83.601302,44.904916],[83.601156,44.905490],[83.601277,44.906214],[83.602294,44.907019],[83.602338,44.907331],[83.602179,44.907614],[83.600455,44.908794],[83.598951,44.909982],[83.598748,44.910367],[83.599488,44.911491],[83.599588,44.911979],[83.599542,44.912293],[83.598804,44.913050],[83.595762,44.914649],[83.594279,44.914839],[83.593339,44.915220],[83.592794,44.915791],[83.592337,44.916461],[83.591182,44.917316],[83.590061,44.917891],[83.589687,44.917900],[83.589379,44.917793],[83.589077,44.917288],[83.588638,44.917041],[83.587877,44.917160],[83.587533,44.917299],[83.586427,44.917134],[83.585989,44.917178],[83.585622,44.917322],[83.585347,44.917552],[83.585192,44.917949],[83.585224,44.919051],[83.585147,44.919459],[83.584770,44.920059],[83.583028,44.921609],[83.582358,44.922419],[83.581401,44.923862],[83.581417,44.924229],[83.581867,44.925114],[83.581793,44.925598],[83.581493,44.925930],[83.581088,44.926037],[83.580742,44.926003],[83.580005,44.925708],[83.579652,44.925792],[83.579366,44.926166],[83.579199,44.927603],[83.578923,44.927821],[83.578766,44.927831],[83.578610,44.927841],[83.577567,44.927363],[83.577425,44.927387],[83.577344,44.927693],[83.577271,44.929516],[83.576818,44.929874],[83.575499,44.930252],[83.574567,44.930924],[83.573955,44.931184],[83.572890,44.931243],[83.572395,44.930807],[83.572300,44.930002],[83.572088,44.929897],[83.571569,44.929842],[83.571134,44.929941],[83.570762,44.930385],[83.570361,44.930577],[83.569799,44.930624],[83.568225,44.930201],[83.568039,44.930273],[83.567970,44.930452],[83.567994,44.931001],[83.567924,44.931159],[83.566158,44.931358],[83.566030,44.931333],[83.565901,44.931309],[83.565880,44.931098],[83.566010,44.930968],[83.566771,44.930717],[83.567303,44.930278],[83.567122,44.930084],[83.566809,44.930100],[83.566328,44.930234],[83.565358,44.930718],[83.563960,44.930751],[83.561618,44.931738],[83.561247,44.931789],[83.560402,44.931463],[83.559929,44.931495],[83.558005,44.932662],[83.557552,44.932753],[83.554834,44.932312],[83.553924,44.931988],[83.553144,44.931373],[83.553008,44.931118],[83.552668,44.930937],[83.552386,44.930855],[83.551930,44.930874],[83.551590,44.930963],[83.551363,44.931180],[83.551080,44.932159],[83.551187,44.932583],[83.551370,44.932701],[83.551908,44.932510],[83.552362,44.932466],[83.552504,44.932851],[83.552458,44.933558],[83.552173,44.933823],[83.551655,44.933903],[83.551421,44.933849],[83.550902,44.933507],[83.550122,44.933560],[83.549826,44.933711],[83.549619,44.933995],[83.549663,44.934184],[83.550171,44.934417],[83.550165,44.934544],[83.549257,44.935323],[83.549230,44.935805],[83.548979,44.936158],[83.548701,44.936300],[83.547615,44.936550],[83.546107,44.936507],[83.545440,44.936714],[83.543816,44.936851],[83.543499,44.937260],[83.543777,44.937706],[83.543788,44.937963],[83.543654,44.938144],[83.543034,44.938341],[83.542673,44.938350],[83.541535,44.938099],[83.540428,44.937590],[83.540099,44.937518],[83.539699,44.938119],[83.539353,44.938343],[83.538660,44.938348],[83.537039,44.937484],[83.536242,44.936865],[83.535794,44.936652],[83.534879,44.936464],[83.534567,44.936514],[83.534461,44.936673],[83.534295,44.937070],[83.534236,44.937629],[83.534016,44.937880],[83.533548,44.938006],[83.531780,44.937691],[83.531010,44.937710],[83.529761,44.938142],[83.529040,44.937780],[83.528657,44.937692],[83.528441,44.937753],[83.527874,44.938337],[83.526518,44.938494],[83.526211,44.938658],[83.526020,44.939030],[83.526051,44.939342],[83.526278,44.939527],[83.527042,44.939787],[83.527253,44.939997],[83.527212,44.941228],[83.527082,44.941776],[83.526953,44.942084],[83.526390,44.942499],[83.525907,44.942558],[83.525200,44.942787],[83.524622,44.942835],[83.524409,44.942726],[83.524206,44.942275],[83.523979,44.942090],[83.523673,44.942009],[83.522319,44.942200],[83.520978,44.941608],[83.520105,44.941427],[83.519281,44.941549],[83.518467,44.941903],[83.517307,44.942625],[83.516903,44.942724],[83.516115,44.942321],[83.514907,44.941916],[83.514741,44.941650],[83.514607,44.940068],[83.514522,44.939880],[83.514244,44.939586],[83.513550,44.939332],[83.513339,44.939312],[83.512093,44.939873],[83.510131,44.940527],[83.509695,44.940572],[83.509482,44.940721],[83.509541,44.941391],[83.509237,44.942045],[83.509059,44.943001],[83.508267,44.943447],[83.506925,44.943925],[83.506833,44.945062],[83.506545,44.945261],[83.506111,44.945394],[83.503806,44.945121],[83.502880,44.945205],[83.500025,44.947009],[83.499949,44.947989],[83.499584,44.948492],[83.498883,44.948726],[83.497888,44.948894],[83.497754,44.949066],[83.497783,44.949265],[83.498589,44.949558],[83.498830,44.949775],[83.499056,44.950103],[83.499032,44.950426],[83.501688,44.952804],[83.502083,44.953256],[83.502359,44.953736],[83.502480,44.954560],[83.502252,44.955412],[83.502261,44.955668],[83.502075,44.955881],[83.501051,44.956434],[83.499629,44.957543],[83.498745,44.958748],[83.497599,44.960763],[83.496998,44.961387],[83.495902,44.961800],[83.494291,44.962160],[83.489837,44.962862],[83.488358,44.962899],[83.485279,44.963799],[83.483422,44.964692],[83.479370,44.967706],[83.478891,44.968428],[83.478086,44.970168],[83.477033,44.972910],[83.475891,44.974520],[83.474631,44.975827],[83.474063,44.976108],[83.470403,44.977916],[83.464641,44.979957],[83.459798,44.980479],[83.457986,44.980851],[83.452337,44.981703],[83.450437,44.982018],[83.445772,44.982347],[83.439614,44.981686],[83.435689,44.981040],[83.434008,44.980917],[83.424901,44.980343],[83.412260,44.979899],[83.399774,44.980567],[83.394798,44.980644],[83.391591,44.980840],[83.390978,44.981060],[83.386916,44.981962],[83.383852,44.982809],[83.379597,44.983722],[83.370296,44.986076],[83.360283,44.988364],[83.355820,44.989548],[83.353122,44.990131],[83.352347,44.990441],[83.349992,44.990797],[83.350439,44.991264],[83.350121,44.991596],[83.350164,44.991759],[83.350442,44.991824],[83.350424,44.991926],[83.349880,44.992059],[83.349496,44.992404],[83.348745,44.992628],[83.348342,44.993075],[83.348017,44.993157],[83.347560,44.993104],[83.346826,44.992801],[83.346186,44.992993],[83.345937,44.992968],[83.345040,44.992550],[83.344486,44.991810],[83.344180,44.991751],[83.343434,44.991885],[83.343095,44.991854],[83.342190,44.991501],[83.339979,44.991591],[83.338205,44.991842],[83.336917,44.992326],[83.335801,44.991808],[83.334970,44.991594],[83.334420,44.991349],[83.333621,44.991208],[83.332965,44.990939],[83.332506,44.991045],[83.331334,44.990897],[83.330383,44.991039],[83.328932,44.991620],[83.327962,44.992215],[83.322740,44.992621],[83.313376,44.993173],[83.308569,44.993574],[83.301159,44.993956],[83.298542,44.994182],[83.295333,44.994512],[83.290158,44.995234],[83.285407,44.995771],[83.283456,44.995901],[83.280824,44.996331],[83.272977,44.997258],[83.265258,44.998327],[83.263651,44.998375],[83.252786,45.000511],[83.247153,45.001410],[83.236489,45.003039],[83.224628,45.005005],[83.212161,45.006790],[83.205423,45.007904],[83.198162,45.008926],[83.193510,45.009767],[83.189254,45.010389],[83.174937,45.012769],[83.150784,45.017006],[83.143164,45.018553],[83.137692,45.019664],[83.121702,45.023022],[83.115416,45.024409],[83.096548,45.028573],[83.094415,45.028925],[83.076258,45.033383],[83.068176,45.035176],[83.044211,45.040968],[83.029390,45.044351],[83.025810,45.045168],[83.002598,45.050702],[82.992540,45.053960],[82.979744,45.057922],[82.977548,45.058486],[82.974674,45.059492],[82.973414,45.059755],[82.970261,45.061035],[82.969167,45.061583],[82.967263,45.062262],[82.965296,45.063204],[82.963958,45.063984],[82.961683,45.065007],[82.959943,45.065903],[82.955826,45.067638],[82.950519,45.069196],[82.947704,45.070151],[82.943535,45.071339],[82.942105,45.071851],[82.940125,45.072355],[82.937902,45.073082],[82.933449,45.074335],[82.926950,45.076516],[82.918812,45.078928],[82.917101,45.079530],[82.915183,45.080036],[82.913472,45.080646],[82.907221,45.082558],[82.887153,45.089676],[82.878212,45.092942],[82.875121,45.093909],[82.865656,45.097431],[82.861624,45.098729],[82.858860,45.099792],[82.855475,45.100907],[82.843129,45.108324],[82.835776,45.112995],[82.833762,45.114105],[82.830298,45.116413],[82.827897,45.117250],[82.818908,45.120862],[82.816826,45.121566],[82.813294,45.123260],[82.811420,45.123877],[82.808342,45.125249],[82.804484,45.126812],[82.800074,45.129104],[82.797221,45.130471],[82.792288,45.133308],[82.789062,45.134904],[82.784933,45.137095],[82.780656,45.139542],[82.779604,45.140252],[82.776468,45.141825],[82.771211,45.144725],[82.767956,45.146367],[82.757845,45.152162],[82.752611,45.153032],[82.742751,45.155330],[82.733385,45.157204],[82.721004,45.160030],[82.719473,45.160243],[82.717051,45.159913],[82.712557,45.159125],[82.708576,45.158338],[82.683121,45.153828],[82.681783,45.153554],[82.675609,45.156911],[82.674319,45.157810],[82.670448,45.159803],[82.667626,45.161440],[82.665783,45.162313],[82.661605,45.164635],[82.660216,45.165524],[82.658222,45.166513],[82.655568,45.168024],[82.653689,45.169220],[82.648754,45.171886],[82.646653,45.173210],[82.640604,45.177742],[82.638220,45.179379],[82.632606,45.183610],[82.625931,45.188397],[82.622772,45.190940],[82.617239,45.195849],[82.612010,45.200078],[82.611772,45.200546],[82.610685,45.204415],[82.610342,45.204994],[82.600494,45.210074],[82.598696,45.211486],[82.593454,45.215093],[82.590347,45.217454],[82.582862,45.219299],[82.587476,45.223905],[82.601014,45.346210],[82.564667,45.399534],[82.547201,45.425238],[82.546751,45.425873],[82.448000,45.461357],[82.282035,45.538896],[82.282001,45.542305],[82.281879,45.554502],[82.266753,45.620153],[82.279587,45.639378],[82.285828,45.647273],[82.288558,45.655417],[82.289116,45.697476],[82.290090,45.716443],[82.295760,45.727134],[82.304093,45.735586],[82.340270,45.772534],[82.341810,45.780416],[82.345162,45.807422],[82.348034,45.813541],[82.349618,45.823002],[82.348026,45.846302],[82.345354,45.853695],[82.338749,45.863956],[82.335869,45.873708],[82.336043,45.882221],[82.344059,45.894471],[82.344825,45.905540],[82.345391,45.912466],[82.344294,45.923853],[82.342676,45.935121],[82.346131,45.943740],[82.357208,45.951213],[82.389528,45.965692],[82.401289,45.972227],[82.423466,45.971006],[82.435612,45.968940],[82.443460,45.973154],[82.461516,45.979995],[82.462284,45.982343],[82.481993,46.042635],[82.506105,46.116424],[82.518326,46.153824],[82.556353,46.213276],[82.578351,46.247641],[82.608739,46.295069],[82.614903,46.305502],[82.726772,46.494703],[82.727235,46.495487],[82.774208,46.600108],[82.788883,46.677843],[82.790698,46.682050],[82.812598,46.732823],[82.829778,46.772665],[82.878488,46.797233],[82.876385,46.822892],[82.876303,46.823887],[82.892631,46.861944],[82.903134,46.886411],[82.923538,46.932061],[82.927712,46.945270],[82.934629,46.968110],[82.935804,46.980987],[82.937877,47.014057],[82.939600,47.016278],[82.948724,47.020979],[82.967021,47.035797],[82.980299,47.050197],[82.988018,47.058786],[82.992941,47.065111],[82.993181,47.065419],[82.995850,47.072227],[83.000961,47.094763],[83.009510,47.104455],[83.013305,47.123069],[83.022411,47.132939],[83.023170,47.141305],[83.023441,47.150220],[83.028569,47.159475],[83.031673,47.168276],[83.031142,47.175782],[83.030323,47.181885],[83.029451,47.188891],[83.029269,47.195065],[83.027369,47.215423],[83.029959,47.219573],[83.035748,47.219506],[83.052914,47.215994],[83.062598,47.219899],[83.075512,47.225101],[83.093317,47.225615],[83.108340,47.222107],[83.120843,47.224562],[83.134387,47.229733],[83.144119,47.235759],[83.154817,47.236089],[83.162949,47.230161],[83.170482,47.223034],[83.174404,47.218472],[83.188735,47.215419],[83.206940,47.213695],[83.210700,47.208757],[83.215977,47.202167],[83.219408,47.189128],[83.222095,47.186915],[83.237903,47.186332],[83.247786,47.175877],[83.257818,47.173229],[83.276464,47.174229],[83.294657,47.176430],[83.306395,47.179700],[83.316386,47.174156],[83.324482,47.168005],[83.332368,47.167868],[83.349300,47.172624],[83.370452,47.178563],[83.371738,47.168669],[83.371920,47.163333],[83.387012,47.155263],[83.391860,47.148372],[83.395005,47.145859],[83.398939,47.140941],[83.408209,47.132414],[83.418827,47.118832],[83.430591,47.118271],[83.442675,47.125272],[83.453011,47.129148],[83.463280,47.132074],[83.469593,47.128767],[83.472999,47.122367],[83.484218,47.118172],[83.487631,47.112200],[83.493084,47.107668],[83.511548,47.108490],[83.517337,47.104239],[83.522616,47.098740],[83.529729,47.092875],[83.534509,47.087521],[83.538528,47.083816],[83.546302,47.080502],[83.566966,47.080619],[83.573665,47.075728],[83.573344,47.068781],[83.570451,47.062827],[83.571161,47.060568],[83.576133,47.059233],[83.603367,47.058947],[83.610936,47.052110],[83.612505,47.051219],[83.618134,47.048028],[83.631028,47.047289],[83.641938,47.045372],[83.649399,47.044063],[83.665108,47.043427],[83.689622,47.035188],[83.700572,47.032155],[83.702772,47.026778],[83.699354,47.015626],[83.708015,47.013850],[83.713024,47.016690],[83.726692,47.024435],[83.741567,47.026317],[83.750393,47.027379],[83.766540,47.027003],[83.780170,47.022877],[83.789618,47.018225],[83.798629,47.014204],[83.816497,47.012173],[83.827310,47.007450],[83.841746,47.001722],[83.851980,46.994817],[83.874976,46.994232],[83.883470,46.989829],[83.883957,46.989577],[83.885863,46.981941],[83.893714,46.982375],[83.907744,46.985825],[83.913470,46.980629],[83.915900,46.972649],[83.924772,46.969911],[83.932973,46.969998],[83.937900,46.977738],[83.951535,46.987246],[83.963569,46.989501],[83.978778,46.981863],[83.991233,46.989889],[84.002738,46.990609],[84.013001,46.982104],[84.020178,46.979724],[84.038516,46.973525],[84.054188,46.969996],[84.066119,46.967655],[84.075096,46.966382],[84.086447,46.965212],[84.103565,46.965935],[84.115563,46.966830],[84.128773,46.970016],[84.132731,46.970971],[84.136991,46.973063],[84.150276,46.977333],[84.158582,46.982218],[84.170676,46.988609],[84.178798,46.993740],[84.195106,47.003512],[84.200012,47.004155],[84.215279,46.998809],[84.226009,46.997703],[84.236346,47.001934],[84.242508,46.996893],[84.250382,46.995033],[84.259310,47.000102],[84.268207,47.003484],[84.278784,46.998642],[84.283552,46.996852],[84.289141,46.994755],[84.297721,46.993985],[84.305399,46.995313],[84.314566,46.997222],[84.323778,47.001278],[84.330355,47.004661],[84.336514,47.005402],[84.341621,47.002173],[84.348797,46.996280],[84.359825,46.994006],[84.371501,46.993337],[84.377846,46.994428],[84.382998,46.995313],[84.393603,46.998838],[84.425430,47.008864],[84.438544,47.009266],[84.449554,47.006416],[84.454519,47.001265],[84.458697,46.996614],[84.464508,46.992901],[84.471442,46.990621],[84.484163,46.984711],[84.496865,46.979159],[84.506507,46.973068],[84.517204,46.974430],[84.548796,46.986460],[84.563129,46.991644],[84.581496,46.994306],[84.588381,46.995569],[84.603028,46.996539],[84.628762,46.994151],[84.639241,46.993947],[84.649751,46.999579],[84.662188,46.999436],[84.668690,46.994872],[84.679781,47.004564],[84.680329,47.004600],[84.693264,47.007108],[84.699565,47.008469],[84.711389,47.008058],[84.748027,47.009848],[84.759946,47.000103],[84.765646,46.993605],[84.781724,46.980088],[84.795312,46.972533]]
乌苏市	[[85.047948,44.068616],[85.046746,44.067909],[85.046325,44.066912],[85.045322,44.066353],[85.043124,44.065941],[85.041509,44.064668],[85.041470,44.063094],[85.040850,44.061814],[85.040812,44.059951],[85.041194,44.059230],[85.042757,44.057363],[85.042542,44.056648],[85.039510,44.054242],[85.036293,44.052694],[85.034095,44.052282],[85.031491,44.051160],[85.028104,44.051192],[85.025889,44.049915],[85.025476,44.049062],[85.023867,44.048220],[85.022473,44.048372],[85.021883,44.048666],[85.020487,44.048530],[85.016648,44.045700],[85.013997,44.042435],[85.010165,44.040028],[85.006762,44.039050],[85.001190,44.039233],[84.999397,44.038819],[84.992553,44.035009],[84.990714,44.032597],[84.988713,44.031891],[84.986522,44.032052],[84.984728,44.031926],[84.979103,44.029104],[84.974638,44.024129],[84.969750,44.018022],[84.965691,44.013901],[84.963830,44.010060],[84.960392,44.006941],[84.959986,44.006367],[84.959940,44.004081],[84.959061,44.002078],[84.958571,44.001213],[84.958347,44.000572],[84.958060,43.998692],[84.958371,43.997432],[84.958278,43.996798],[84.957880,43.995899],[84.957483,43.993930],[84.957244,43.993335],[84.955858,43.991951],[84.955513,43.991383],[84.953391,43.989291],[84.951847,43.986943],[84.950136,43.985989],[84.949447,43.985221],[84.949130,43.984613],[84.948943,43.983781],[84.948704,43.983278],[84.947466,43.981816],[84.946895,43.980943],[84.946590,43.980124],[84.945675,43.979409],[84.945503,43.979026],[84.945451,43.977982],[84.944906,43.976700],[84.945278,43.974257],[84.945132,43.973517],[84.945252,43.972949],[84.945477,43.970268],[84.945901,43.968750],[84.946325,43.966611],[84.945789,43.965203],[84.945749,43.964688],[84.946067,43.963698],[84.946173,43.962998],[84.945934,43.961558],[84.945895,43.960593],[84.946107,43.959564],[84.946186,43.958058],[84.946107,43.956776],[84.945232,43.955375],[84.945139,43.955005],[84.945126,43.954199],[84.945324,43.953341],[84.945430,43.951756],[84.945112,43.950936],[84.945112,43.950580],[84.945947,43.948785],[84.946385,43.947108],[84.946809,43.946462],[84.947737,43.945446],[84.948081,43.944839],[84.950706,43.942850],[84.955460,43.937332],[84.956096,43.936449],[84.956362,43.935974],[84.956481,43.935300],[84.956468,43.934310],[84.956348,43.933451],[84.956408,43.932929],[84.956846,43.932428],[84.957403,43.932113],[84.960665,43.931434],[84.961436,43.931051],[84.961899,43.930697],[84.962709,43.930474],[84.963134,43.930197],[84.963293,43.929776],[84.963306,43.928138],[84.963525,43.927616],[84.965209,43.925639],[84.965595,43.924874],[84.965740,43.924016],[84.965661,43.923144],[84.965196,43.922245],[84.963856,43.920841],[84.962570,43.920072],[84.962065,43.919648],[84.961986,43.919357],[84.962065,43.919014],[84.962397,43.918539],[84.962517,43.918183],[84.962450,43.917839],[84.961986,43.917112],[84.962039,43.916874],[84.962450,43.916413],[84.962834,43.916136],[84.962888,43.915859],[84.962702,43.915674],[84.961455,43.915050],[84.961376,43.914759],[84.962172,43.913242],[84.962371,43.912608],[84.962291,43.912225],[84.961959,43.911907],[84.960692,43.911079],[84.960228,43.909823],[84.960241,43.909479],[84.960825,43.908715],[84.960971,43.908213],[84.960772,43.906839],[84.960759,43.906007],[84.960440,43.904936],[84.960334,43.904130],[84.960202,43.903720],[84.959764,43.903111],[84.959658,43.902741],[84.959777,43.902279],[84.960652,43.901000],[84.960785,43.899957],[84.960745,43.899098],[84.960440,43.898516],[84.959923,43.898158],[84.958570,43.897653],[84.957575,43.897387],[84.956978,43.897082],[84.955878,43.896141],[84.955215,43.895902],[84.953716,43.895661],[84.952695,43.895395],[84.951064,43.894441],[84.949871,43.894002],[84.948890,43.893749],[84.947352,43.893614],[84.946305,43.893361],[84.944065,43.892169],[84.943535,43.891983],[84.942925,43.891942],[84.941865,43.892046],[84.941401,43.891979],[84.941163,43.891767],[84.941017,43.891265],[84.940977,43.890591],[84.940368,43.889296],[84.939997,43.888925],[84.937174,43.887627],[84.937188,43.887283],[84.937386,43.886900],[84.937930,43.886307],[84.938088,43.885937],[84.938062,43.885554],[84.936883,43.884165],[84.936697,43.883676],[84.936790,43.883254],[84.937267,43.882554],[84.938088,43.881710],[84.938287,43.881301],[84.938274,43.880839],[84.938035,43.880495],[84.937134,43.879860],[84.936631,43.879304],[84.936538,43.878802],[84.936591,43.877904],[84.936459,43.877481],[84.935849,43.876661],[84.935518,43.875921],[84.935439,43.874798],[84.935518,43.873966],[84.935863,43.872474],[84.936339,43.871021],[84.936710,43.870599],[84.937811,43.869782],[84.938500,43.868515],[84.939294,43.867565],[84.939692,43.866205],[84.939943,43.865888],[84.940380,43.865559],[84.941758,43.864717],[84.942394,43.864017],[84.942846,43.862551],[84.943204,43.862222],[84.943309,43.861866],[84.943720,43.861126],[84.944092,43.860810],[84.945377,43.860165],[84.945802,43.859743],[84.947047,43.857778],[84.947684,43.857065],[84.948306,43.856605],[84.948824,43.856473],[84.950660,43.856364],[84.952291,43.855549],[84.954664,43.854788],[84.956461,43.853385],[84.957416,43.852555],[84.958557,43.851382],[84.960042,43.850183],[84.960055,43.849853],[84.959419,43.848676],[84.959299,43.847315],[84.959604,43.846312],[84.959909,43.845837],[84.961236,43.845391],[84.961660,43.845115],[84.961704,43.844302],[84.962060,43.842654],[84.961940,43.841788],[84.961207,43.841305],[84.959521,43.840984],[84.958575,43.840929],[84.956124,43.841095],[84.955584,43.840832],[84.955054,43.840282],[84.954913,43.840027],[84.954693,43.838960],[84.953510,43.837301],[84.953096,43.836285],[84.952384,43.835227],[84.952027,43.834211],[84.951902,43.832346],[84.951618,43.831345],[84.951621,43.830776],[84.951395,43.830285],[84.950841,43.829925],[84.949968,43.829568],[84.948817,43.828753],[84.948477,43.828355],[84.947777,43.826527],[84.947539,43.826199],[84.946663,43.825570],[84.945734,43.825048],[84.944264,43.823967],[84.942366,43.822236],[84.940029,43.820591],[84.938590,43.819692],[84.938419,43.819104],[84.938662,43.818531],[84.938713,43.818098],[84.938609,43.817901],[84.937781,43.817124],[84.936914,43.816554],[84.935887,43.816069],[84.935622,43.815704],[84.933733,43.813889],[84.932527,43.813137],[84.931086,43.812472],[84.931024,43.812351],[84.931076,43.811823],[84.930131,43.811240],[84.929913,43.810819],[84.929765,43.809959],[84.929092,43.809210],[84.927929,43.808226],[84.927712,43.807789],[84.927626,43.807051],[84.926777,43.805657],[84.926391,43.805257],[84.925891,43.804959],[84.925581,43.804657],[84.925355,43.803835],[84.925398,43.802875],[84.925321,43.802565],[84.923591,43.800690],[84.923340,43.799916],[84.923075,43.799583],[84.920970,43.797597],[84.920782,43.797261],[84.920457,43.796454],[84.920389,43.795499],[84.920477,43.795245],[84.921168,43.794375],[84.921096,43.793546],[84.921140,43.793343],[84.921307,43.793190],[84.921382,43.792472],[84.921219,43.792023],[84.921053,43.791058],[84.921185,43.790444],[84.922005,43.789515],[84.922444,43.788330],[84.922899,43.787713],[84.923272,43.787496],[84.924312,43.787228],[84.924586,43.786977],[84.924686,43.786650],[84.924860,43.786429],[84.924666,43.785329],[84.924484,43.784804],[84.924437,43.784266],[84.924562,43.783844],[84.924723,43.783671],[84.924712,43.783359],[84.923881,43.782058],[84.923862,43.780703],[84.923217,43.779810],[84.923052,43.779442],[84.923035,43.779315],[84.923437,43.778568],[84.923546,43.777613],[84.923460,43.777180],[84.923465,43.775518],[84.923395,43.775312],[84.923054,43.774921],[84.922996,43.774680],[84.923015,43.774447],[84.923203,43.774132],[84.924830,43.772658],[84.925252,43.771983],[84.925337,43.770984],[84.925680,43.770101],[84.925527,43.768986],[84.925558,43.768245],[84.926153,43.766986],[84.926130,43.766377],[84.925110,43.764488],[84.924685,43.762990],[84.924645,43.761271],[84.925258,43.760202],[84.925280,43.759882],[84.925148,43.759230],[84.925340,43.758784],[84.925342,43.758409],[84.925198,43.757453],[84.924946,43.756751],[84.925063,43.756111],[84.925017,43.755593],[84.924844,43.755030],[84.924391,43.754401],[84.924315,43.754045],[84.924481,43.753457],[84.925471,43.751300],[84.925704,43.750502],[84.925736,43.749902],[84.925480,43.748992],[84.924956,43.748453],[84.923994,43.747802],[84.923692,43.747220],[84.922724,43.746736],[84.921639,43.746683],[84.920380,43.746833],[84.918309,43.746600],[84.916427,43.746309],[84.914996,43.745777],[84.914561,43.745541],[84.914178,43.744844],[84.913991,43.744696],[84.911465,43.743433],[84.910225,43.742506],[84.909854,43.741582],[84.909784,43.740856],[84.909653,43.740493],[84.908451,43.739074],[84.907174,43.737251],[84.906236,43.735523],[84.906160,43.735162],[84.905791,43.734469],[84.905736,43.734200],[84.904585,43.732955],[84.904323,43.732546],[84.903946,43.731544],[84.902900,43.729600],[84.902150,43.728601],[84.901907,43.727968],[84.901472,43.727447],[84.901149,43.726880],[84.900901,43.726308],[84.900774,43.725694],[84.900135,43.724605],[84.899971,43.723561],[84.898450,43.722593],[84.897879,43.721899],[84.897856,43.721662],[84.898131,43.720667],[84.898166,43.719256],[84.897987,43.717848],[84.898019,43.717455],[84.898749,43.715867],[84.898875,43.715128],[84.898816,43.714286],[84.898721,43.713859],[84.898512,43.713503],[84.897019,43.712457],[84.896592,43.711910],[84.896454,43.711583],[84.896472,43.711080],[84.896815,43.709888],[84.896356,43.708703],[84.896372,43.708273],[84.896659,43.707105],[84.896625,43.706693],[84.896536,43.706404],[84.895194,43.704206],[84.895086,43.703912],[84.895122,43.703365],[84.894146,43.702407],[84.894066,43.702249],[84.894031,43.701430],[84.893914,43.701121],[84.893443,43.700531],[84.893133,43.700023],[84.893021,43.699665],[84.892909,43.696852],[84.892734,43.696074],[84.892885,43.693645],[84.892226,43.692598],[84.891668,43.691946],[84.891509,43.691595],[84.891415,43.691088],[84.891579,43.689987],[84.891538,43.689777],[84.891079,43.688825],[84.890936,43.688035],[84.890375,43.687013],[84.890524,43.686082],[84.890452,43.685892],[84.889972,43.685555],[84.889930,43.685401],[84.890004,43.684934],[84.889865,43.684225],[84.890002,43.682411],[84.889778,43.680946],[84.889557,43.680552],[84.888387,43.679164],[84.886883,43.677630],[84.886139,43.677201],[84.883939,43.674985],[84.883121,43.673950],[84.882807,43.673301],[84.882937,43.672346],[84.882796,43.672017],[84.882281,43.671479],[84.882244,43.670844],[84.881787,43.670312],[84.881723,43.669922],[84.881418,43.669586],[84.881359,43.669275],[84.881036,43.669017],[84.880942,43.668394],[84.880575,43.667858],[84.880398,43.667279],[84.879572,43.666735],[84.879519,43.665901],[84.879373,43.665617],[84.878169,43.664551],[84.878143,43.663821],[84.877910,43.663421],[84.876811,43.662287],[84.875797,43.661549],[84.875187,43.660603],[84.874413,43.660086],[84.873850,43.659212],[84.872882,43.658689],[84.872671,43.658305],[84.872665,43.657753],[84.872035,43.657271],[84.871349,43.656245],[84.870865,43.655839],[84.870798,43.655611],[84.870988,43.655030],[84.870968,43.654712],[84.870558,43.654326],[84.870286,43.653645],[84.870095,43.653462],[84.868824,43.653168],[84.867539,43.652413],[84.866693,43.652387],[84.865823,43.652116],[84.865072,43.652092],[84.864638,43.652177],[84.863977,43.652084],[84.863518,43.651290],[84.862494,43.650629],[84.862202,43.649960],[84.861701,43.649546],[84.861268,43.648416],[84.861034,43.648052],[84.860068,43.647424],[84.858949,43.646901],[84.857128,43.646258],[84.856641,43.645994],[84.855924,43.645439],[84.854653,43.643912],[84.854078,43.643486],[84.852817,43.643021],[84.852475,43.642737],[84.852128,43.642162],[84.851849,43.641913],[84.850161,43.641315],[84.849420,43.640908],[84.849006,43.640037],[84.847656,43.638837],[84.847500,43.637925],[84.847277,43.637590],[84.847154,43.636534],[84.845833,43.635734],[84.845769,43.635616],[84.845549,43.634877],[84.845504,43.634055],[84.844740,43.631983],[84.844701,43.631542],[84.844869,43.630772],[84.844848,43.630369],[84.844328,43.628556],[84.843856,43.627832],[84.843985,43.627726],[84.844024,43.627328],[84.843874,43.626817],[84.844149,43.626201],[84.843612,43.625084],[84.843197,43.624498],[84.843700,43.623574],[84.843566,43.623122],[84.843816,43.621911],[84.843344,43.621337],[84.843175,43.620626],[84.843044,43.618850],[84.843491,43.618184],[84.843611,43.617062],[84.844003,43.616686],[84.844045,43.616511],[84.843608,43.615611],[84.843545,43.615374],[84.843595,43.614355],[84.843237,43.613598],[84.843212,43.613233],[84.843519,43.612306],[84.843429,43.610672],[84.843517,43.610116],[84.843422,43.609823],[84.843073,43.609417],[84.843091,43.608926],[84.843442,43.607750],[84.843191,43.606780],[84.843232,43.605725],[84.843034,43.604367],[84.843049,43.603440],[84.843198,43.602597],[84.843847,43.601517],[84.844414,43.600777],[84.846690,43.598408],[84.847451,43.596801],[84.848465,43.595707],[84.849838,43.593887],[84.850919,43.591054],[84.851686,43.590172],[84.852295,43.589111],[84.852653,43.588227],[84.852773,43.587158],[84.852715,43.586500],[84.852977,43.586033],[84.853655,43.585329],[84.853971,43.584456],[84.853985,43.584047],[84.853879,43.583707],[84.853607,43.583286],[84.853124,43.582861],[84.850507,43.581700],[84.847262,43.581330],[84.845020,43.580618],[84.843767,43.579936],[84.842913,43.579627],[84.841647,43.579336],[84.839055,43.579078],[84.838579,43.578907],[84.834877,43.578578],[84.828682,43.579496],[84.825613,43.580073],[84.824013,43.580505],[84.823008,43.580678],[84.822297,43.580754],[84.821520,43.580724],[84.820985,43.581070],[84.821155,43.581323],[84.821743,43.582575],[84.821694,43.584577],[84.821240,43.587158],[84.821256,43.587483],[84.821305,43.588043],[84.822150,43.589296],[84.822336,43.589810],[84.822487,43.590673],[84.822475,43.591490],[84.822419,43.591715],[84.821721,43.592815],[84.821249,43.593362],[84.821096,43.595180],[84.820374,43.597192],[84.819443,43.598892],[84.818614,43.600065],[84.818200,43.600390],[84.817710,43.600610],[84.817113,43.601190],[84.816729,43.601716],[84.816340,43.604278],[84.815952,43.605036],[84.815604,43.606344],[84.815142,43.607052],[84.813591,43.608918],[84.812761,43.610449],[84.812734,43.612308],[84.811555,43.614146],[84.811335,43.615025],[84.811127,43.615325],[84.811120,43.615671],[84.812172,43.616159],[84.812340,43.616402],[84.812407,43.616880],[84.812345,43.617499],[84.812710,43.618492],[84.812645,43.619152],[84.812399,43.619643],[84.812085,43.620056],[84.809637,43.621441],[84.808778,43.621731],[84.805943,43.622120],[84.805074,43.622728],[84.804035,43.623611],[84.802799,43.624251],[84.800018,43.624641],[84.798337,43.624757],[84.797824,43.624887],[84.797233,43.625744],[84.796753,43.626640],[84.796307,43.627091],[84.793403,43.629285],[84.793192,43.629585],[84.792515,43.631727],[84.792179,43.632525],[84.791776,43.633202],[84.791103,43.634015],[84.790997,43.634515],[84.791151,43.635366],[84.791016,43.635556],[84.790464,43.635792],[84.789495,43.636636],[84.788490,43.637256],[84.788308,43.637539],[84.788219,43.638082],[84.787868,43.639044],[84.787196,43.640106],[84.787149,43.641052],[84.786765,43.641879],[84.785598,43.642324],[84.784239,43.642405],[84.783695,43.642629],[84.783531,43.642877],[84.783458,43.643308],[84.783092,43.643765],[84.781944,43.644592],[84.780962,43.644917],[84.780363,43.644991],[84.779209,43.644912],[84.778676,43.644779],[84.777973,43.644498],[84.777577,43.644234],[84.776016,43.642963],[84.774967,43.641943],[84.773210,43.640675],[84.772081,43.640028],[84.771820,43.639801],[84.771619,43.639239],[84.770699,43.637979],[84.770113,43.637475],[84.759010,43.637131],[84.747368,43.634703],[84.734459,43.632714],[84.721213,43.631166],[84.708541,43.631683],[84.698954,43.635672],[84.690305,43.639670],[84.667562,43.649639],[84.658269,43.654082],[84.643625,43.656842],[84.635416,43.656041],[84.619568,43.656965],[84.605245,43.661118],[84.597754,43.669486],[84.597797,43.680015],[84.603204,43.690613],[84.606126,43.693651],[84.606493,43.693732],[84.607189,43.694007],[84.610806,43.695861],[84.612654,43.696986],[84.613171,43.697638],[84.613621,43.698649],[84.614347,43.699710],[84.614335,43.701227],[84.614473,43.701574],[84.615390,43.702520],[84.616402,43.703009],[84.617163,43.703783],[84.617577,43.704356],[84.618034,43.705500],[84.618364,43.705987],[84.618491,43.706416],[84.618332,43.707116],[84.618127,43.707509],[84.618055,43.708500],[84.618501,43.709902],[84.618459,43.710541],[84.618848,43.711466],[84.619127,43.711863],[84.619877,43.712576],[84.620448,43.712939],[84.622058,43.713862],[84.623672,43.714570],[84.624873,43.714714],[84.626462,43.714455],[84.629140,43.714541],[84.630901,43.715187],[84.631431,43.715617],[84.631941,43.716253],[84.631813,43.717502],[84.632220,43.718388],[84.633080,43.718845],[84.634443,43.719404],[84.634830,43.719699],[84.634797,43.720164],[84.634299,43.722161],[84.634260,43.722785],[84.634393,43.723421],[84.634404,43.724125],[84.634534,43.724679],[84.635098,43.725298],[84.635781,43.725763],[84.634079,43.726051],[84.633587,43.726271],[84.633096,43.726653],[84.632667,43.727440],[84.630203,43.729440],[84.629004,43.729801],[84.628404,43.729816],[84.626738,43.729473],[84.624524,43.728710],[84.622354,43.727627],[84.621955,43.727603],[84.620156,43.729312],[84.618988,43.730263],[84.618214,43.730480],[84.617785,43.730739],[84.616958,43.730945],[84.616380,43.731266],[84.612693,43.732251],[84.611461,43.732370],[84.609098,43.732215],[84.607941,43.732026],[84.606281,43.730820],[84.605506,43.730812],[84.604736,43.730929],[84.601652,43.731831],[84.598669,43.732234],[84.596338,43.732300],[84.595668,43.732444],[84.593723,43.733307],[84.593055,43.733991],[84.592266,43.734280],[84.590640,43.734683],[84.589913,43.734969],[84.588018,43.735250],[84.584679,43.736335],[84.582771,43.736212],[84.581498,43.736243],[84.578432,43.736588],[84.577065,43.736879],[84.576252,43.737219],[84.575546,43.737787],[84.574848,43.738505],[84.574350,43.738774],[84.573547,43.739586],[84.573446,43.739857],[84.572952,43.740489],[84.572192,43.741237],[84.571061,43.741616],[84.569154,43.742512],[84.568494,43.743090],[84.567914,43.743860],[84.567683,43.744730],[84.567682,43.745233],[84.567389,43.745624],[84.565880,43.746348],[84.563770,43.746874],[84.563101,43.746942],[84.560444,43.746939],[84.556768,43.747233],[84.555668,43.747422],[84.554664,43.748027],[84.553961,43.748754],[84.553782,43.749284],[84.553392,43.749985],[84.553221,43.750980],[84.552979,43.751077],[84.552543,43.751064],[84.551375,43.750644],[84.549235,43.750116],[84.547344,43.750025],[84.546402,43.750100],[84.545154,43.749852],[84.544020,43.749558],[84.543416,43.749317],[84.542786,43.748908],[84.539147,43.747571],[84.536274,43.747339],[84.534909,43.747599],[84.533730,43.747970],[84.533248,43.748323],[84.532581,43.748465],[84.532096,43.748758],[84.530704,43.749256],[84.530047,43.749294],[84.529588,43.749155],[84.528858,43.749101],[84.527772,43.749184],[84.527342,43.749065],[84.526763,43.749039],[84.526073,43.749157],[84.525333,43.749491],[84.523539,43.749766],[84.522851,43.749659],[84.521749,43.749176],[84.520576,43.748948],[84.518953,43.749607],[84.517080,43.750149],[84.515398,43.750508],[84.514740,43.750803],[84.513622,43.751233],[84.512190,43.752185],[84.511306,43.752218],[84.508485,43.751641],[84.507217,43.751245],[84.504558,43.750187],[84.503709,43.749701],[84.503288,43.749180],[84.502756,43.748711],[84.501443,43.747852],[84.501232,43.747567],[84.501256,43.747129],[84.502019,43.746588],[84.502739,43.745925],[84.503055,43.745391],[84.503186,43.744913],[84.502819,43.744239],[84.500416,43.741976],[84.499904,43.741015],[84.499938,43.740511],[84.500203,43.739948],[84.500231,43.739721],[84.500114,43.739546],[84.499786,43.739405],[84.498788,43.739335],[84.495924,43.737890],[84.493932,43.736574],[84.492161,43.734686],[84.490150,43.734890],[84.487836,43.734790],[84.486960,43.734847],[84.486812,43.735221],[84.486753,43.736408],[84.486499,43.736894],[84.486222,43.736990],[84.485817,43.736969],[84.484589,43.736328],[84.483933,43.736290],[84.483081,43.736450],[84.481933,43.737113],[84.481714,43.737134],[84.481605,43.737145],[84.480899,43.737018],[84.479344,43.736475],[84.478153,43.735944],[84.475261,43.735064],[84.473690,43.735009],[84.471682,43.735588],[84.471238,43.735634],[84.470062,43.735493],[84.467837,43.734827],[84.466817,43.734725],[84.459368,43.735749],[84.458235,43.735804],[84.456032,43.735580],[84.453609,43.735119],[84.451073,43.734344],[84.450073,43.733732],[84.449508,43.733551],[84.449001,43.733519],[84.446164,43.734901],[84.443812,43.736383],[84.443361,43.736767],[84.442755,43.737530],[84.442287,43.737862],[84.440854,43.738431],[84.440438,43.738402],[84.439862,43.738259],[84.438828,43.737764],[84.436016,43.736772],[84.435142,43.736353],[84.434055,43.735661],[84.432671,43.734324],[84.431812,43.733691],[84.430630,43.733054],[84.428927,43.732495],[84.427494,43.732394],[84.424412,43.732622],[84.422920,43.732628],[84.417988,43.732465],[84.416528,43.732232],[84.414065,43.731622],[84.412040,43.731528],[84.408210,43.731741],[84.406102,43.731624],[84.405244,43.731419],[84.404115,43.731053],[84.403861,43.730927],[84.403662,43.730689],[84.403455,43.729958],[84.403611,43.728802],[84.403476,43.727881],[84.401863,43.725941],[84.401053,43.725599],[84.398285,43.725335],[84.396692,43.724849],[84.395121,43.724668],[84.394133,43.724675],[84.393467,43.724831],[84.391663,43.726149],[84.390585,43.726703],[84.389339,43.726955],[84.387631,43.727046],[84.386148,43.727785],[84.385163,43.728432],[84.384022,43.729343],[84.383049,43.730433],[84.382707,43.731285],[84.382619,43.731915],[84.382667,43.733302],[84.382409,43.733983],[84.382107,43.734205],[84.380673,43.734825],[84.375968,43.736287],[84.375082,43.736702],[84.373177,43.737903],[84.370610,43.738507],[84.368414,43.739331],[84.367270,43.739882],[84.366637,43.740276],[84.366268,43.740639],[84.365591,43.741635],[84.365003,43.742804],[84.364358,43.743403],[84.363916,43.743442],[84.361871,43.742517],[84.359044,43.740799],[84.357561,43.739584],[84.357158,43.739348],[84.356026,43.738867],[84.354260,43.738554],[84.353277,43.738155],[84.352976,43.737894],[84.352805,43.737418],[84.352174,43.736352],[84.351704,43.736007],[84.349050,43.734845],[84.345029,43.733432],[84.343324,43.732917],[84.342589,43.732549],[84.342224,43.732219],[84.341970,43.731804],[84.341447,43.730357],[84.340742,43.729199],[84.340438,43.728081],[84.340181,43.726631],[84.340036,43.726391],[84.339683,43.726251],[84.338973,43.726162],[84.337415,43.726142],[84.335088,43.726255],[84.334386,43.726170],[84.333547,43.725924],[84.332944,43.725616],[84.332271,43.724928],[84.331771,43.724595],[84.331441,43.724500],[84.326075,43.723905],[84.323735,43.723413],[84.322631,43.722711],[84.321583,43.721806],[84.321003,43.721572],[84.320541,43.721560],[84.319796,43.721681],[84.318655,43.722023],[84.317673,43.722843],[84.317046,43.723165],[84.316022,43.723496],[84.315163,43.724207],[84.314079,43.726364],[84.313207,43.728680],[84.312577,43.731642],[84.312259,43.731743],[84.311392,43.731776],[84.308781,43.731490],[84.307562,43.731528],[84.306296,43.731951],[84.305161,43.732555],[84.304120,43.732723],[84.298796,43.731677],[84.294990,43.730298],[84.293968,43.730094],[84.292053,43.730091],[84.290395,43.730264],[84.288515,43.730635],[84.287853,43.730876],[84.287789,43.731305],[84.287923,43.731606],[84.288587,43.732575],[84.289657,43.734450],[84.290310,43.735859],[84.290386,43.736437],[84.290265,43.737372],[84.289965,43.737797],[84.289494,43.738139],[84.287109,43.739229],[84.286401,43.739478],[84.283525,43.739864],[84.282051,43.740213],[84.281517,43.740462],[84.281219,43.740965],[84.281326,43.741697],[84.282504,43.745340],[84.282511,43.745700],[84.280750,43.747364],[84.279371,43.749199],[84.279467,43.749668],[84.279950,43.750395],[84.280876,43.751624],[84.282088,43.752826],[84.282338,43.753227],[84.282437,43.753942],[84.282461,43.754326],[84.282243,43.755124],[84.280794,43.757270],[84.280001,43.758873],[84.280099,43.759185],[84.280727,43.759575],[84.281018,43.759891],[84.281273,43.760583],[84.281439,43.762167],[84.281416,43.763063],[84.281558,43.764246],[84.281567,43.765259],[84.281521,43.765817],[84.281159,43.766519],[84.279771,43.768231],[84.278671,43.769065],[84.277794,43.769539],[84.276834,43.769891],[84.275181,43.770378],[84.274098,43.770552],[84.272050,43.770242],[84.270480,43.769862],[84.268317,43.770410],[84.266558,43.771101],[84.266198,43.771422],[84.265671,43.772270],[84.265356,43.773999],[84.264699,43.775380],[84.264177,43.776167],[84.263695,43.776560],[84.262234,43.777295],[84.260345,43.778044],[84.258665,43.778483],[84.257628,43.778898],[84.257016,43.779244],[84.256676,43.779545],[84.255832,43.780671],[84.255012,43.782404],[84.254402,43.784506],[84.254137,43.784984],[84.253844,43.785273],[84.251548,43.786049],[84.249866,43.786325],[84.246514,43.786424],[84.243416,43.786234],[84.242886,43.786071],[84.242620,43.785695],[84.241487,43.783280],[84.240678,43.780916],[84.240075,43.779827],[84.238550,43.778895],[84.237546,43.778471],[84.234602,43.777549],[84.233153,43.777004],[84.230826,43.775458],[84.229523,43.774271],[84.226729,43.773919],[84.225335,43.773569],[84.224464,43.773556],[84.222917,43.775421],[84.221876,43.776246],[84.220641,43.776990],[84.218926,43.777569],[84.217313,43.777894],[84.215588,43.778615],[84.212777,43.779510],[84.210408,43.780062],[84.209671,43.780015],[84.208660,43.779637],[84.208475,43.779426],[84.208539,43.778574],[84.208348,43.778285],[84.206251,43.777655],[84.204662,43.777339],[84.203955,43.777338],[84.201560,43.777732],[84.198958,43.777696],[84.198308,43.777766],[84.197842,43.777884],[84.193137,43.779925],[84.192349,43.780139],[84.191292,43.780245],[84.189972,43.780054],[84.188654,43.780045],[84.184144,43.782157],[84.184413,43.784714],[84.184259,43.784844],[84.179980,43.786281],[84.177516,43.787715],[84.177209,43.787991],[84.175791,43.789862],[84.175141,43.791044],[84.174138,43.792555],[84.173906,43.792774],[84.173600,43.793539],[84.173492,43.794602],[84.173321,43.795099],[84.173261,43.795227],[84.173006,43.795333],[84.169645,43.795777],[84.163736,43.795714],[84.162041,43.796261],[84.159526,43.797808],[84.158552,43.798147],[84.155631,43.798500],[84.154768,43.798667],[84.154310,43.798883],[84.153741,43.799005],[84.152155,43.799679],[84.149268,43.801259],[84.146881,43.801670],[84.144252,43.801787],[84.143319,43.802032],[84.142541,43.802452],[84.141822,43.803220],[84.141161,43.804212],[84.140144,43.805161],[84.139229,43.805831],[84.137104,43.807020],[84.135018,43.807854],[84.134326,43.808052],[84.132856,43.808125],[84.131508,43.808038],[84.130681,43.807719],[84.129288,43.805179],[84.128515,43.804184],[84.127949,43.803521],[84.127266,43.802925],[84.126503,43.802483],[84.125503,43.802255],[84.123505,43.802067],[84.122620,43.801828],[84.121606,43.801851],[84.121115,43.802310],[84.120825,43.802909],[84.120056,43.803938],[84.119056,43.804807],[84.118325,43.805303],[84.117764,43.805491],[84.117143,43.805512],[84.115670,43.805097],[84.114734,43.804983],[84.113841,43.805454],[84.112292,43.806944],[84.112126,43.807233],[84.112100,43.807470],[84.112087,43.807749],[84.112189,43.808009],[84.113385,43.809124],[84.114049,43.811070],[84.114310,43.812224],[84.114447,43.814080],[84.113907,43.814240],[84.112155,43.814370],[84.111230,43.814717],[84.107957,43.815563],[84.106995,43.815959],[84.106105,43.816208],[84.104957,43.816235],[84.104110,43.816088],[84.103686,43.816015],[84.103469,43.815866],[84.102582,43.815895],[84.102124,43.816224],[84.100273,43.816903],[84.098430,43.817282],[84.097549,43.817323],[84.095877,43.817623],[84.094903,43.817658],[84.093868,43.817905],[84.092986,43.818003],[84.089265,43.819560],[84.089216,43.819722],[84.089696,43.820378],[84.089798,43.821135],[84.089709,43.821697],[84.088675,43.822815],[84.087540,43.823641],[84.085004,43.825038],[84.084446,43.825564],[84.084122,43.826625],[84.084219,43.826979],[84.084435,43.827233],[84.085758,43.828218],[84.088294,43.829784],[84.089131,43.830467],[84.089685,43.831446],[84.089998,43.832349],[84.090627,43.833014],[84.092002,43.833515],[84.096066,43.834216],[84.098854,43.835305],[84.101253,43.836358],[84.104505,43.837621],[84.104869,43.837910],[84.104854,43.838301],[84.104647,43.838743],[84.103807,43.839755],[84.101020,43.841313],[84.100912,43.841605],[84.102861,43.843572],[84.104010,43.844265],[84.105731,43.844823],[84.106346,43.845164],[84.108083,43.846684],[84.109400,43.848008],[84.110978,43.848981],[84.111531,43.849250],[84.112152,43.849421],[84.113588,43.849461],[84.114124,43.849561],[84.114255,43.849790],[84.114189,43.851623],[84.114347,43.853576],[84.114811,43.854333],[84.114801,43.854552],[84.114434,43.854740],[84.113717,43.854851],[84.112658,43.854693],[84.111602,43.854812],[84.109565,43.855292],[84.107190,43.856150],[84.106388,43.856330],[84.105624,43.856385],[84.103061,43.856456],[84.099088,43.855777],[84.098243,43.855754],[84.096691,43.855496],[84.095321,43.855497],[84.093417,43.855840],[84.090628,43.855650],[84.089527,43.855704],[84.088984,43.855897],[84.088821,43.856052],[84.088087,43.857801],[84.087841,43.859052],[84.087540,43.859672],[84.086041,43.862192],[84.085578,43.862783],[84.085007,43.863217],[84.084825,43.863531],[84.084848,43.864953],[84.083870,43.867436],[84.082872,43.868857],[84.082451,43.869230],[84.082150,43.869729],[84.081069,43.870586],[84.080505,43.870826],[84.080001,43.871220],[84.080913,43.871753],[84.081752,43.872609],[84.083273,43.874709],[84.082816,43.875362],[84.082065,43.876011],[84.080877,43.876449],[84.079036,43.877310],[84.078363,43.877444],[84.077033,43.877884],[84.075251,43.878825],[84.074731,43.879371],[84.074540,43.879703],[84.074099,43.881095],[84.073704,43.881677],[84.073204,43.882128],[84.072126,43.882549],[84.070869,43.882718],[84.069091,43.883284],[84.067867,43.883530],[84.067502,43.883701],[84.066072,43.884828],[84.064416,43.885749],[84.061594,43.886272],[84.059356,43.886153],[84.058529,43.885387],[84.057053,43.884582],[84.055678,43.884069],[84.055020,43.884056],[84.043981,43.881546],[84.036731,43.879797],[84.030037,43.879888],[84.026790,43.881879],[84.017681,43.887643],[84.002954,43.892171],[84.000472,43.893308],[83.997912,43.895968],[83.996283,43.898575],[83.996170,43.898722],[83.993801,43.901920],[83.993444,43.902240],[83.990326,43.905085],[83.987322,43.907379],[83.983873,43.910019],[83.980834,43.911329],[83.980138,43.911423],[83.975184,43.912099],[83.972555,43.912005],[83.967515,43.911831],[83.965174,43.910819],[83.962702,43.908666],[83.962624,43.908579],[83.959779,43.905580],[83.956934,43.902576],[83.953584,43.901823],[83.948775,43.900742],[83.944637,43.901177],[83.939663,43.901702],[83.939038,43.901905],[83.934440,43.903373],[83.931191,43.904727],[83.926848,43.906548],[83.926631,43.906730],[83.923357,43.909490],[83.921603,43.910512],[83.917687,43.912786],[83.914589,43.914841],[83.910883,43.917294],[83.908038,43.920204],[83.907483,43.920898],[83.904967,43.924043],[83.904594,43.924997],[83.903232,43.928488],[83.903024,43.929330],[83.902703,43.930616],[83.905698,43.931076],[83.909346,43.932450],[83.910746,43.933098],[83.912485,43.934072],[83.912776,43.934675],[83.912728,43.934938],[83.912466,43.935338],[83.911807,43.935863],[83.911080,43.936230],[83.908855,43.936817],[83.908289,43.937118],[83.906648,43.939452],[83.906173,43.940011],[83.905747,43.940357],[83.904520,43.940766],[83.903343,43.940970],[83.902816,43.941318],[83.902493,43.941905],[83.902279,43.943097],[83.901876,43.944577],[83.902000,43.946018],[83.902185,43.946761],[83.900460,43.947227],[83.899357,43.947658],[83.897595,43.947928],[83.895916,43.947922],[83.895069,43.947732],[83.894256,43.947913],[83.893599,43.948258],[83.893261,43.948339],[83.892578,43.948312],[83.891785,43.948406],[83.890889,43.948726],[83.888290,43.950159],[83.887897,43.950470],[83.886954,43.951541],[83.886168,43.952760],[83.885996,43.952882],[83.885743,43.952782],[83.885490,43.952307],[83.885076,43.952069],[83.884501,43.951794],[83.883360,43.951490],[83.881807,43.951334],[83.880592,43.951532],[83.879097,43.951271],[83.877346,43.951108],[83.876177,43.950882],[83.873478,43.949924],[83.872529,43.949833],[83.870464,43.949917],[83.869070,43.950172],[83.865702,43.951148],[83.864428,43.951792],[83.862220,43.952244],[83.858753,43.953133],[83.857967,43.953078],[83.857131,43.952760],[83.854719,43.951380],[83.853844,43.950998],[83.853224,43.950548],[83.852892,43.950069],[83.853191,43.949033],[83.853046,43.947665],[83.852798,43.947089],[83.852470,43.946549],[83.851884,43.946056],[83.850981,43.945644],[83.850453,43.945527],[83.849773,43.945574],[83.849224,43.945851],[83.848399,43.947065],[83.848148,43.947597],[83.847562,43.948193],[83.844354,43.949382],[83.843478,43.949596],[83.842942,43.949821],[83.842099,43.949989],[83.841356,43.949675],[83.839010,43.947835],[83.836323,43.945570],[83.834375,43.943606],[83.833174,43.942835],[83.831289,43.941401],[83.829098,43.940063],[83.828130,43.939298],[83.827843,43.939263],[83.822895,43.938673],[83.820274,43.938591],[83.815265,43.938436],[83.813022,43.938566],[83.808022,43.938860],[83.804638,43.939742],[83.803487,43.940243],[83.799194,43.942115],[83.794977,43.944194],[83.794095,43.944785],[83.790398,43.947245],[83.786708,43.949704],[83.785834,43.950213],[83.781937,43.952494],[83.778800,43.952905],[83.775578,43.952404],[83.771886,43.950551],[83.769529,43.949316],[83.767128,43.947622],[83.763504,43.946453],[83.760209,43.945265],[83.759038,43.945110],[83.754086,43.944468],[83.749349,43.944732],[83.748620,43.944858],[83.743743,43.945733],[83.743118,43.945928],[83.738517,43.947392],[83.735036,43.949289],[83.731007,43.951468],[83.729921,43.952387],[83.726646,43.955142],[83.725587,43.956650],[83.723337,43.959897],[83.720469,43.962799],[83.718453,43.964229],[83.714856,43.966765],[83.711831,43.968305],[83.708206,43.970100],[83.704772,43.970745],[83.702686,43.971999],[83.698399,43.973601],[83.696294,43.974547],[83.692016,43.976466],[83.691741,43.976511],[83.691465,43.976748],[83.690349,43.978030],[83.689859,43.978419],[83.689009,43.979339],[83.688568,43.980330],[83.688257,43.981506],[83.688035,43.981711],[83.687654,43.981846],[83.687187,43.981822],[83.686816,43.981652],[83.686500,43.981166],[83.686159,43.980227],[83.685688,43.979337],[83.685356,43.978930],[83.682744,43.976452],[83.681468,43.974979],[83.679590,43.973091],[83.677811,43.972351],[83.677311,43.972253],[83.676982,43.972275],[83.676273,43.972555],[83.674918,43.972863],[83.672087,43.973306],[83.670796,43.972730],[83.669506,43.972154],[83.667913,43.971111],[83.666437,43.970385],[83.666049,43.970103],[83.665334,43.969205],[83.665001,43.968968],[83.662755,43.968521],[83.662227,43.968244],[83.660486,43.967615],[83.659850,43.967239],[83.659404,43.967174],[83.658376,43.967544],[83.654991,43.967896],[83.651536,43.967593],[83.649444,43.967261],[83.648740,43.967227],[83.648225,43.967075],[83.646990,43.966326],[83.646458,43.966271],[83.642420,43.969026],[83.640372,43.970871],[83.640088,43.971035],[83.639822,43.971062],[83.636568,43.969434],[83.634752,43.968858],[83.633251,43.968946],[83.631736,43.968688],[83.630821,43.968809],[83.630109,43.968684],[83.628697,43.968013],[83.626008,43.966191],[83.624418,43.965458],[83.623714,43.965270],[83.621140,43.965603],[83.619638,43.966279],[83.615373,43.968206],[83.614514,43.968709],[83.610588,43.970979],[83.608175,43.972254],[83.605909,43.974157],[83.602629,43.976911],[83.601275,43.978559],[83.598716,43.981686],[83.596157,43.984810],[83.594231,43.987178],[83.591673,43.990306],[83.589123,43.993439],[83.587649,43.995808],[83.585595,43.999122],[83.584875,44.001044],[83.580334,44.005515],[83.577422,44.007283],[83.574832,44.008834],[83.571912,44.010373],[83.568725,44.010998],[83.563028,44.011119],[83.557644,44.011016],[83.550738,44.009743],[83.545169,44.009320],[83.543902,44.009415],[83.542122,44.009299],[83.541801,44.009147],[83.540907,44.008289],[83.540637,44.008149],[83.539977,44.007987],[83.539112,44.007983],[83.537895,44.007774],[83.534893,44.006859],[83.533078,44.005911],[83.531963,44.005044],[83.530897,44.004390],[83.529994,44.004054],[83.526431,44.002207],[83.525702,44.001933],[83.524976,44.001819],[83.521853,44.002020],[83.521111,44.001924],[83.520067,44.001935],[83.519437,44.002194],[83.518501,44.003136],[83.518128,44.003358],[83.517749,44.003416],[83.516864,44.003251],[83.516338,44.003270],[83.515250,44.003851],[83.514843,44.003861],[83.514322,44.003745],[83.512336,44.002362],[83.510761,44.002242],[83.509524,44.002285],[83.508981,44.002372],[83.508437,44.002460],[83.507540,44.002328],[83.506526,44.002010],[83.505847,44.001582],[83.505276,44.001087],[83.502868,44.001007],[83.500506,44.001641],[83.500178,44.001805],[83.500063,44.002087],[83.499993,44.004681],[83.499654,44.005935],[83.499702,44.006533],[83.499867,44.007051],[83.500220,44.007700],[83.501072,44.008848],[83.501678,44.009250],[83.502061,44.009803],[83.502418,44.010532],[83.502506,44.011108],[83.502362,44.011615],[83.502330,44.012179],[83.501980,44.012873],[83.502526,44.014110],[83.502498,44.015070],[83.502665,44.016025],[83.502631,44.017243],[83.502755,44.018168],[83.502735,44.022349],[83.502355,44.023011],[83.501804,44.023538],[83.500983,44.023794],[83.499369,44.024068],[83.497781,44.024582],[83.496256,44.025155],[83.495536,44.025605],[83.493299,44.026408],[83.492321,44.026634],[83.491180,44.027275],[83.491048,44.028219],[83.490678,44.029397],[83.490157,44.030356],[83.489281,44.030913],[83.487160,44.031984],[83.485645,44.032514],[83.485102,44.032933],[83.484047,44.034246],[83.482681,44.035020],[83.480761,44.035761],[83.479230,44.036090],[83.476947,44.036779],[83.474223,44.036733],[83.468898,44.036907],[83.468934,44.037776],[83.469098,44.038668],[83.469119,44.038685],[83.470117,44.039580],[83.471876,44.042146],[83.471845,44.042836],[83.471011,44.043667],[83.470921,44.044071],[83.471753,44.045554],[83.471823,44.046397],[83.471626,44.046715],[83.470353,44.048114],[83.469810,44.049377],[83.469120,44.050492],[83.468471,44.051343],[83.467872,44.051765],[83.467156,44.051810],[83.464799,44.052211],[83.464199,44.052373],[83.463890,44.052658],[83.463656,44.055041],[83.463696,44.055446],[83.463470,44.055899],[83.463425,44.056238],[83.463504,44.057283],[83.463934,44.058101],[83.463842,44.058973],[83.463604,44.059713],[83.463639,44.061386],[83.463477,44.062850],[83.463510,44.063652],[83.464403,44.064906],[83.464798,44.066282],[83.464429,44.066957],[83.464361,44.067814],[83.464412,44.069644],[83.464195,44.070342],[83.463246,44.071412],[83.462850,44.072125],[83.461628,44.072427],[83.460640,44.072521],[83.459619,44.072926],[83.458262,44.073196],[83.456504,44.073717],[83.455360,44.074286],[83.453982,44.074631],[83.452614,44.075177],[83.449830,44.075994],[83.448502,44.076490],[83.448416,44.078630],[83.447541,44.084547],[83.448580,44.090279],[83.448277,44.097805],[83.447740,44.103280],[83.447204,44.108746],[83.445965,44.115800],[83.445411,44.121730],[83.443627,44.126491],[83.442207,44.130341],[83.439765,44.136005],[83.434783,44.141382],[83.430130,44.146536],[83.424826,44.151911],[83.420525,44.155926],[83.413803,44.164921],[83.412042,44.168991],[83.411842,44.174012],[83.411998,44.177899],[83.413109,44.181802],[83.415729,44.187796],[83.419927,44.194053],[83.423248,44.198466],[83.427504,44.203121],[83.432365,44.208702],[83.435277,44.215383],[83.437876,44.221834],[83.438637,44.226422],[83.437840,44.230514],[83.437381,44.233928],[83.434392,44.237068],[83.431160,44.241388],[83.428903,44.241927],[83.426210,44.242966],[83.422425,44.246023],[83.421645,44.246759],[83.421444,44.247295],[83.421531,44.247698],[83.422816,44.248675],[83.424871,44.249526],[83.426619,44.249775],[83.429605,44.250713],[83.430378,44.251236],[83.430836,44.251826],[83.432608,44.252656],[83.435346,44.252729],[83.440177,44.251792],[83.440663,44.251628],[83.442123,44.251477],[83.445331,44.252459],[83.446568,44.253165],[83.448428,44.253882],[83.448843,44.254278],[83.449052,44.254788],[83.448453,44.255334],[83.447606,44.257297],[83.447055,44.258991],[83.446560,44.259779],[83.444510,44.261280],[83.443824,44.261988],[83.442261,44.263080],[83.441393,44.263945],[83.440519,44.266085],[83.440311,44.267011],[83.440297,44.268371],[83.440046,44.269678],[83.439443,44.270156],[83.437415,44.274494],[83.437363,44.274706],[83.437713,44.274994],[83.438711,44.275740],[83.441004,44.276963],[83.441425,44.277511],[83.441606,44.278199],[83.441460,44.279191],[83.440096,44.281410],[83.439827,44.282259],[83.439900,44.282639],[83.441058,44.283685],[83.442518,44.285197],[83.443964,44.285802],[83.444947,44.285878],[83.445650,44.286028],[83.447327,44.286564],[83.448116,44.287718],[83.448384,44.287993],[83.449300,44.288596],[83.452567,44.289567],[83.453550,44.290034],[83.454152,44.290155],[83.455949,44.290206],[83.456108,44.290354],[83.456457,44.291131],[83.456699,44.291886],[83.456728,44.293136],[83.456866,44.293648],[83.457485,44.294148],[83.458467,44.294615],[83.459783,44.294964],[83.460444,44.295328],[83.461550,44.295699],[83.463989,44.296249],[83.464673,44.296900],[83.465435,44.298022],[83.466743,44.299021],[83.468089,44.299233],[83.469669,44.299170],[83.470069,44.299211],[83.470546,44.299393],[83.471842,44.301791],[83.472229,44.302208],[83.473242,44.302314],[83.473752,44.302602],[83.474788,44.303539],[83.474953,44.303848],[83.474965,44.304118],[83.474325,44.305097],[83.474265,44.305901],[83.474657,44.307141],[83.475719,44.308163],[83.477136,44.309227],[83.477734,44.309508],[83.479624,44.309571],[83.479946,44.309673],[83.480104,44.309830],[83.480184,44.310917],[83.480273,44.311050],[83.480496,44.311070],[83.481858,44.310276],[83.482760,44.310254],[83.483606,44.310588],[83.484645,44.311609],[83.484954,44.312278],[83.486481,44.314006],[83.486861,44.314976],[83.486882,44.315465],[83.486785,44.315941],[83.486606,44.316149],[83.486386,44.316778],[83.486316,44.317339],[83.486159,44.317502],[83.483934,44.318403],[83.483400,44.318821],[83.482311,44.320251],[83.480942,44.320866],[83.478992,44.321902],[83.478093,44.322566],[83.476805,44.323722],[83.476309,44.324494],[83.476307,44.325001],[83.476616,44.325939],[83.477372,44.326901],[83.477938,44.327825],[83.478860,44.328961],[83.480651,44.330419],[83.481886,44.331678],[83.483665,44.333166],[83.485595,44.334940],[83.487686,44.336400],[83.489071,44.337179],[83.489865,44.337774],[83.490845,44.338789],[83.491406,44.339553],[83.491801,44.340596],[83.491890,44.341313],[83.491867,44.342159],[83.491720,44.342837],[83.491271,44.343312],[83.489344,44.344748],[83.487797,44.346527],[83.487455,44.347333],[83.486973,44.349791],[83.486537,44.351086],[83.486084,44.351981],[83.485753,44.354100],[83.485570,44.354526],[83.485543,44.354899],[83.486443,44.355794],[83.486494,44.355894],[83.486000,44.356247],[83.486532,44.356432],[83.486934,44.356908],[83.487208,44.357853],[83.487535,44.362613],[83.487938,44.363079],[83.489974,44.367347],[83.492244,44.369710],[83.494135,44.372550],[83.496536,44.374335],[83.497341,44.375286],[83.497349,44.375763],[83.498686,44.377178],[83.502666,44.378382],[83.505750,44.381688],[83.505758,44.382164],[83.506418,44.382534],[83.508310,44.389611],[83.508720,44.390636],[83.509548,44.391928],[83.512047,44.394870],[83.512942,44.395809],[83.517644,44.399532],[83.523243,44.405239],[83.528235,44.408668],[83.528918,44.409218],[83.530727,44.411071],[83.530864,44.411544],[83.531267,44.412020],[83.531571,44.414873],[83.529755,44.419596],[83.529131,44.420511],[83.527977,44.423427],[83.526463,44.425885],[83.524899,44.428722],[83.524579,44.429619],[83.522687,44.433518],[83.519710,44.437828],[83.518790,44.442538],[83.517347,44.444913],[83.516558,44.449683],[83.515919,44.451669],[83.515630,44.455859],[83.515895,44.459766],[83.516860,44.462611],[83.517646,44.467553],[83.521533,44.466860],[83.526855,44.465911],[83.537680,44.463604],[83.545332,44.461520],[83.546999,44.461529],[83.551171,44.462069],[83.555570,44.462498],[83.557337,44.462530],[83.560531,44.462192],[83.569203,44.462099],[83.573485,44.462121],[83.576925,44.462322],[83.581720,44.462375],[83.582180,44.462456],[83.582476,44.462768],[83.587378,44.463746],[83.592216,44.463754],[83.594821,44.463625],[83.598153,44.463155],[83.599463,44.462783],[83.601279,44.462743],[83.602852,44.462912],[83.605445,44.463542],[83.607277,44.464103],[83.608788,44.464361],[83.610933,44.465269],[83.613194,44.465680],[83.616412,44.465789],[83.620040,44.466309],[83.621462,44.466745],[83.624992,44.468073],[83.625728,44.468224],[83.629902,44.468403],[83.630594,44.468821],[83.631740,44.470147],[83.632391,44.471375],[83.633096,44.472330],[83.633906,44.473380],[83.635863,44.475599],[83.635969,44.475864],[83.637049,44.475471],[83.639348,44.474826],[83.644575,44.474201],[83.660006,44.472046],[83.667048,44.471114],[83.683230,44.468971],[83.719299,44.464195],[83.723992,44.463573],[83.730122,44.463228],[83.750052,44.461835],[83.752820,44.461741],[83.755640,44.462036],[83.793340,44.466780],[83.793464,44.475754],[83.793363,44.477572],[83.793419,44.480250],[83.793952,44.482045],[83.794201,44.484057],[83.794767,44.485563],[83.795530,44.487241],[83.796318,44.488691],[83.797922,44.490973],[83.798512,44.492233],[83.798589,44.492612],[83.798101,44.495218],[83.798100,44.495937],[83.797394,44.496935],[83.796280,44.497792],[83.795810,44.498294],[83.794647,44.500135],[83.793994,44.501411],[83.794017,44.503368],[83.793423,44.504457],[83.792633,44.505237],[83.792645,44.506078],[83.792067,44.506728],[83.791992,44.506990],[83.792011,44.507415],[83.792353,44.507864],[83.792135,44.508192],[83.792037,44.508569],[83.791663,44.508922],[83.792076,44.509680],[83.792049,44.510014],[83.791806,44.510405],[83.792012,44.511086],[83.791864,44.511318],[83.791350,44.511498],[83.791630,44.511896],[83.791126,44.512273],[83.791545,44.512543],[83.791594,44.512667],[83.791133,44.513032],[83.791049,44.513398],[83.791181,44.513738],[83.791842,44.514511],[83.791802,44.514887],[83.792220,44.515157],[83.792042,44.515369],[83.792186,44.515949],[83.791925,44.519447],[83.791857,44.520376],[83.790418,44.521816],[83.789102,44.522399],[83.787267,44.523750],[83.784284,44.527586],[83.782967,44.528169],[83.781642,44.528283],[83.779662,44.529062],[83.778231,44.530502],[83.776936,44.532415],[83.775916,44.534807],[83.775809,44.536240],[83.775402,44.536745],[83.775391,44.536963],[83.772993,44.537926],[83.771339,44.538343],[83.768317,44.539955],[83.764826,44.542272],[83.764405,44.542701],[83.759300,44.546116],[83.752695,44.549833],[83.751903,44.550462],[83.748312,44.551078],[83.747517,44.551285],[83.746803,44.551780],[83.745427,44.552950],[83.748646,44.560037],[83.751019,44.565523],[83.752717,44.568947],[83.753114,44.570357],[83.754140,44.577231],[83.754532,44.578269],[83.755186,44.580753],[83.755269,44.581744],[83.755446,44.587498],[83.754966,44.590214],[83.755020,44.591117],[83.755306,44.592534],[83.756283,44.604412],[83.756443,44.612225],[83.757233,44.617437],[83.758223,44.622479],[83.759797,44.633250],[83.760484,44.634183],[83.762242,44.640948],[83.763278,44.643952],[83.763922,44.646161],[83.764454,44.648739],[83.765371,44.651181],[83.766037,44.653645],[83.766706,44.655517],[83.767279,44.656758],[83.767821,44.658363],[83.768224,44.659227],[83.771314,44.667601],[83.771479,44.668238],[83.771362,44.669895],[83.771472,44.672191],[83.772425,44.676570],[83.772919,44.677749],[83.773828,44.678952],[83.774090,44.679991],[83.774850,44.681301],[83.776373,44.684483],[83.777054,44.686359],[83.778537,44.689922],[83.781580,44.695955],[83.781964,44.697306],[83.782565,44.698744],[83.783004,44.699536],[83.785960,44.703737],[83.789852,44.711911],[83.790802,44.713492],[83.793358,44.717230],[83.794473,44.719508],[83.794560,44.721331],[83.795122,44.723176],[83.795965,44.729172],[83.797304,44.732535],[83.798248,44.734344],[83.798942,44.736630],[83.798951,44.737429],[83.798610,44.738679],[83.798378,44.740240],[83.798146,44.745258],[83.797502,44.748089],[83.797357,44.749504],[83.796699,44.752783],[83.796414,44.753456],[83.796308,44.753971],[83.796361,44.754542],[83.796286,44.754995],[83.796007,44.755269],[83.795600,44.755402],[83.795396,44.755569],[83.795366,44.755779],[83.795765,44.756839],[83.795965,44.757118],[83.796715,44.757292],[83.797497,44.757318],[83.797853,44.757601],[83.798086,44.758499],[83.797998,44.759617],[83.797437,44.760012],[83.796830,44.760053],[83.796792,44.758900],[83.796573,44.758648],[83.795853,44.758320],[83.795434,44.758344],[83.795053,44.758523],[83.794874,44.758751],[83.794917,44.759016],[83.795114,44.759214],[83.796040,44.759258],[83.796142,44.759399],[83.796060,44.759659],[83.795802,44.759834],[83.794820,44.759970],[83.792582,44.759558],[83.792082,44.759614],[83.791241,44.760083],[83.790760,44.760176],[83.789807,44.760154],[83.789139,44.760294],[83.788761,44.760561],[83.788117,44.761808],[83.788104,44.762894],[83.788578,44.763283],[83.789255,44.763321],[83.790080,44.763625],[83.790263,44.764110],[83.790214,44.764695],[83.789790,44.764976],[83.788882,44.764674],[83.788204,44.764624],[83.787818,44.764334],[83.787263,44.763630],[83.786498,44.763607],[83.786420,44.763698],[83.786414,44.764547],[83.786186,44.764988],[83.786178,44.765191],[83.786830,44.765699],[83.787858,44.766154],[83.788152,44.766480],[83.788198,44.766703],[83.788083,44.767019],[83.787633,44.767377],[83.787370,44.767451],[83.786450,44.767530],[83.785862,44.767346],[83.785656,44.767005],[83.786257,44.766833],[83.786469,44.766680],[83.786510,44.766544],[83.785741,44.766441],[83.784974,44.766494],[83.784610,44.766427],[83.784402,44.766276],[83.784062,44.765736],[83.784516,44.765078],[83.784482,44.764740],[83.784324,44.764656],[83.783943,44.764855],[83.783498,44.765695],[83.783033,44.765876],[83.782102,44.765955],[83.781805,44.766072],[83.781214,44.767084],[83.781171,44.767778],[83.781375,44.768209],[83.781363,44.768589],[83.781200,44.768762],[83.779683,44.768864],[83.779540,44.769092],[83.779380,44.771289],[83.779215,44.771450],[83.778885,44.771471],[83.778299,44.771350],[83.777996,44.771223],[83.777609,44.770907],[83.777677,44.770115],[83.777531,44.770026],[83.775908,44.770515],[83.774856,44.770689],[83.774228,44.770658],[83.773979,44.770800],[83.773960,44.770999],[83.773663,44.771353],[83.772720,44.771579],[83.772687,44.771893],[83.772807,44.772160],[83.773430,44.772681],[83.773419,44.772825],[83.772061,44.773092],[83.771483,44.773624],[83.770649,44.773933],[83.770605,44.774022],[83.771191,44.774626],[83.771255,44.774979],[83.770873,44.775077],[83.769265,44.774498],[83.768954,44.774494],[83.768649,44.774614],[83.768203,44.775318],[83.767956,44.776290],[83.767967,44.776532],[83.768079,44.776650],[83.768557,44.776839],[83.770490,44.776887],[83.771194,44.777015],[83.771890,44.776931],[83.772296,44.776982],[83.772556,44.777090],[83.772735,44.777290],[83.772763,44.777870],[83.772670,44.778198],[83.772506,44.778307],[83.771370,44.778569],[83.770407,44.778487],[83.770022,44.778540],[83.769690,44.778880],[83.769969,44.779189],[83.771310,44.779452],[83.772059,44.779788],[83.772137,44.780196],[83.772050,44.780353],[83.771810,44.780492],[83.770187,44.780574],[83.769204,44.781384],[83.768427,44.781493],[83.767607,44.781369],[83.767299,44.781229],[83.767177,44.781088],[83.767133,44.780629],[83.766984,44.780229],[83.766473,44.779800],[83.766147,44.779697],[83.765695,44.779775],[83.765601,44.779905],[83.765623,44.780038],[83.766362,44.780738],[83.766377,44.781090],[83.766032,44.781271],[83.765502,44.781317],[83.765392,44.781244],[83.764862,44.780708],[83.764822,44.779859],[83.764073,44.779578],[83.763028,44.779768],[83.762898,44.779907],[83.763146,44.780247],[83.763121,44.780358],[83.762587,44.780341],[83.762322,44.780010],[83.761999,44.779806],[83.761479,44.779718],[83.760501,44.779965],[83.760076,44.780267],[83.759881,44.780517],[83.760130,44.780782],[83.761394,44.781051],[83.762617,44.780843],[83.763051,44.781035],[83.763608,44.781635],[83.763618,44.781856],[83.763091,44.782233],[83.762724,44.782254],[83.761636,44.781956],[83.761306,44.781980],[83.759179,44.782560],[83.758886,44.782402],[83.758876,44.782169],[83.759128,44.781699],[83.758815,44.781276],[83.757368,44.781157],[83.756275,44.781325],[83.755939,44.781617],[83.755391,44.781703],[83.754303,44.781661],[83.753746,44.781779],[83.751375,44.781687],[83.750710,44.781973],[83.750047,44.782079],[83.749384,44.782463],[83.748995,44.782941],[83.749010,44.783894],[83.748369,44.785799],[83.749195,44.786752],[83.751047,44.785969],[83.751589,44.786442],[83.752258,44.786633],[83.753074,44.787198],[83.751885,44.788064],[83.751612,44.787684],[83.750955,44.788167],[83.750285,44.788165],[83.748698,44.789130],[83.748690,44.788653],[83.747608,44.787716],[83.747204,44.787528],[83.746539,44.787724],[83.746142,44.788201],[83.745486,44.788586],[83.746417,44.788393],[83.745495,44.789350],[83.745502,44.789728],[83.744159,44.789166],[83.742695,44.789561],[83.742031,44.790044],[83.741909,44.790515],[83.741520,44.791001],[83.740719,44.791191],[83.740047,44.791198],[83.738727,44.791976],[83.738896,44.793880],[83.737705,44.794645],[83.736369,44.794658],[83.735690,44.794188],[83.735698,44.794566],[83.734363,44.794570],[83.733698,44.794964],[83.733309,44.795441],[83.734248,44.796004],[83.734919,44.796096],[83.735600,44.796566],[83.735720,44.795996],[83.736400,44.796368],[83.737735,44.796453],[83.738416,44.796834],[83.738956,44.797397],[83.738964,44.797874],[83.738705,44.798357],[83.736683,44.797513],[83.734942,44.797427],[83.734019,44.797818],[83.733095,44.798775],[83.732042,44.799546],[83.732187,44.800308],[83.733943,44.801338],[83.732614,44.802017],[83.731134,44.801169],[83.730324,44.801080],[83.729676,44.801941],[83.730371,44.803554],[83.730905,44.803739],[83.731698,44.803163],[83.732638,44.803159],[83.733723,44.804106],[83.732928,44.804494],[83.731860,44.804500],[83.730805,44.805362],[83.729357,44.806898],[83.730852,44.808222],[83.731669,44.809166],[83.731546,44.809646],[83.731822,44.810117],[83.730363,44.810987],[83.729028,44.811000],[83.728371,44.811474],[83.728355,44.810908],[83.727691,44.811193],[83.727027,44.811109],[83.726500,44.811589],[83.725828,44.811775],[83.725301,44.812255],[83.725576,44.812546],[83.725454,44.813017],[83.725859,44.813493],[83.725866,44.813970],[83.726141,44.814441],[83.725759,44.815593],[83.725362,44.815692],[83.723079,44.815321],[83.722675,44.815132],[83.722010,44.815138],[83.721750,44.815621],[83.721079,44.815816],[83.720819,44.816290],[83.720841,44.817243],[83.722476,44.819042],[83.721286,44.820005],[83.720620,44.819912],[83.719957,44.820197],[83.719283,44.820302],[83.717298,44.821553],[83.717176,44.822033],[83.716778,44.822510],[83.716786,44.822986],[83.716526,44.823460],[83.716031,44.825847],[83.715113,44.826804],[83.714036,44.826621],[83.712982,44.827481],[83.712997,44.828435],[83.712616,44.829388],[83.712623,44.829865],[83.712096,44.830345],[83.712104,44.830822],[83.711706,44.831308],[83.711989,44.832255],[83.712402,44.832732],[83.712417,44.833677],[83.711241,44.835116],[83.707252,44.837238],[83.705938,44.838671],[83.705815,44.839151],[83.705419,44.839628],[83.705311,44.841061],[83.705594,44.842009],[83.706832,44.843907],[83.706985,44.844858],[83.706596,44.845811],[83.705541,44.846770],[83.704876,44.847064],[83.703531,44.846788],[83.702193,44.846790],[83.700864,44.847566],[83.700871,44.847845],[83.702224,44.848697],[83.702897,44.848791],[83.704250,44.849544],[83.703859,44.850209],[83.702140,44.851651],[83.701842,44.853998],[83.700512,44.854252],[83.698899,44.854296],[83.697119,44.855253],[83.694436,44.857633],[83.694314,44.860714],[83.693236,44.862933],[83.692740,44.864249],[83.688451,44.865926],[83.687633,44.867006],[83.687296,44.868084],[83.686639,44.869115],[83.684690,44.870354],[83.684514,44.872005],[83.684896,44.873212],[83.682564,44.873307],[83.681188,44.873921],[83.681165,44.875236],[83.682294,44.876014],[83.683126,44.875909],[83.683359,44.876027],[83.684174,44.876276],[83.684351,44.876598],[83.684250,44.876879],[83.683818,44.877328],[83.683296,44.877626],[83.681925,44.877715],[83.681534,44.877377],[83.681236,44.876720],[83.681059,44.876635],[83.680804,44.876653],[83.680519,44.876938],[83.680251,44.877569],[83.680281,44.878207],[83.680080,44.878638],[83.679577,44.878949],[83.677639,44.879662],[83.677176,44.879964],[83.676731,44.880130],[83.675897,44.880114],[83.675577,44.880408],[83.674927,44.880638],[83.673894,44.880837],[83.673216,44.880873],[83.672932,44.880769],[83.672963,44.880409],[83.672892,44.880301],[83.672389,44.880367],[83.671621,44.880104],[83.671132,44.880115],[83.670116,44.880551],[83.669287,44.881025],[83.668630,44.881757],[83.668626,44.882438],[83.668823,44.882590],[83.669171,44.882629],[83.669816,44.882556],[83.670951,44.882612],[83.671073,44.882808],[83.669909,44.883530],[83.668168,44.883365],[83.667805,44.883372],[83.667528,44.883547],[83.667301,44.883806],[83.667334,44.884122],[83.667509,44.884440],[83.667519,44.884642],[83.667355,44.884958],[83.667402,44.885583],[83.667655,44.885903],[83.668190,44.886272],[83.668804,44.886550],[83.668934,44.887038],[83.668735,44.887490],[83.668428,44.887687],[83.668285,44.887677],[83.667762,44.887198],[83.667316,44.887085],[83.666299,44.888277],[83.665972,44.888420],[83.665694,44.888451],[83.665498,44.888320],[83.665160,44.887858],[83.665100,44.887580],[83.665417,44.886969],[83.665528,44.886663],[83.665491,44.886520],[83.665010,44.886285],[83.664572,44.885432],[83.664313,44.885260],[83.664031,44.885199],[83.663575,44.885251],[83.663251,44.885460],[83.662518,44.886617],[83.662287,44.886778],[83.661897,44.886842],[83.661006,44.886637],[83.660235,44.886307],[83.659386,44.886380],[83.659058,44.886501],[83.658100,44.887134],[83.657996,44.887360],[83.658074,44.887629],[83.658781,44.887982],[83.658883,44.888381],[83.658631,44.888733],[83.658243,44.888965],[83.656602,44.889529],[83.656048,44.889541],[83.655448,44.889173],[83.655192,44.888663],[83.655282,44.888293],[83.655792,44.887978],[83.655742,44.887679],[83.655595,44.887594],[83.654602,44.887488],[83.654051,44.887559],[83.652726,44.888395],[83.652059,44.888396],[83.651686,44.888180],[83.651183,44.887215],[83.650732,44.886979],[83.650319,44.886933],[83.649881,44.886998],[83.649420,44.887198],[83.649222,44.887696],[83.649191,44.888052],[83.648860,44.888372],[83.647780,44.888564],[83.646502,44.888490],[83.645424,44.889008],[83.645139,44.889416],[83.645088,44.889987],[83.644951,44.890379],[83.644036,44.891062],[83.643695,44.891146],[83.643171,44.891157],[83.641631,44.891461],[83.640464,44.891452],[83.640079,44.891367],[83.639876,44.891093],[83.639834,44.890828],[83.639500,44.890666],[83.638619,44.890820],[83.637030,44.891467],[83.635554,44.891601],[83.635076,44.891434],[83.634631,44.891084],[83.635138,44.890705],[83.635130,44.890528],[83.634903,44.890376],[83.634641,44.890255],[83.633778,44.890240],[83.633427,44.890117],[83.633080,44.889833],[83.632652,44.889698],[83.632224,44.889708],[83.631528,44.889989],[83.630906,44.889791],[83.630515,44.889821],[83.629877,44.890046],[83.629503,44.890067],[83.628848,44.889925],[83.628049,44.890031],[83.627758,44.890173],[83.627683,44.890880],[83.627132,44.891328],[83.626890,44.891489],[83.625746,44.891591],[83.625077,44.892446],[83.624841,44.892494],[83.623308,44.891623],[83.622800,44.891554],[83.622583,44.891626],[83.622318,44.892080],[83.622411,44.892682],[83.622042,44.893206],[83.621863,44.893848],[83.621515,44.894046],[83.620747,44.894173],[83.619876,44.895029],[83.618321,44.895503],[83.617341,44.895402],[83.616792,44.894696],[83.616550,44.894600],[83.616141,44.894643],[83.615849,44.894505],[83.615634,44.894206],[83.615591,44.893928],[83.615422,44.893742],[83.614548,44.893482],[83.613177,44.892093],[83.612536,44.891849],[83.612093,44.891783],[83.611388,44.891841],[83.610864,44.892089],[83.610378,44.892121],[83.609749,44.891747],[83.609510,44.891727],[83.607640,44.893100],[83.607081,44.893227],[83.606686,44.893176],[83.606023,44.892824],[83.604957,44.892915],[83.604840,44.893087],[83.604829,44.893890],[83.603968,44.893910],[83.603088,44.893651],[83.602550,44.893587],[83.601599,44.893697],[83.600476,44.893968],[83.600295,44.894175],[83.600066,44.895029],[83.600075,44.895498],[83.600281,44.895840],[83.600603,44.896125],[83.600689,44.896592],[83.600534,44.896976],[83.600668,44.897171],[83.601268,44.897563],[83.601602,44.897999],[83.601632,44.898257],[83.601452,44.898876],[83.602084,44.899590],[83.602490,44.900295],[83.602602,44.901053],[83.602476,44.902341],[83.602104,44.903592],[83.601302,44.904916],[83.601156,44.905490],[83.601277,44.906214],[83.602294,44.907019],[83.602338,44.907331],[83.602179,44.907614],[83.600455,44.908794],[83.598951,44.909982],[83.598748,44.910367],[83.599488,44.911491],[83.599588,44.911979],[83.599542,44.912293],[83.598804,44.913050],[83.595762,44.914649],[83.594279,44.914839],[83.593339,44.915220],[83.592794,44.915791],[83.592337,44.916461],[83.591182,44.917316],[83.590061,44.917891],[83.589687,44.917900],[83.589379,44.917793],[83.589077,44.917288],[83.588638,44.917041],[83.587877,44.917160],[83.587533,44.917299],[83.586427,44.917134],[83.585989,44.917178],[83.585622,44.917322],[83.585347,44.917552],[83.585192,44.917949],[83.585224,44.919051],[83.585147,44.919459],[83.584770,44.920059],[83.583028,44.921609],[83.582358,44.922419],[83.581401,44.923862],[83.581417,44.924229],[83.581867,44.925114],[83.581793,44.925598],[83.581493,44.925930],[83.581088,44.926037],[83.580742,44.926003],[83.580005,44.925708],[83.579652,44.925792],[83.579366,44.926166],[83.579199,44.927603],[83.578923,44.927821],[83.578766,44.927831],[83.578610,44.927841],[83.577567,44.927363],[83.577425,44.927387],[83.577344,44.927693],[83.577271,44.929516],[83.576818,44.929874],[83.575499,44.930252],[83.574567,44.930924],[83.573955,44.931184],[83.572890,44.931243],[83.572395,44.930807],[83.572300,44.930002],[83.572088,44.929897],[83.571569,44.929842],[83.571134,44.929941],[83.570762,44.930385],[83.570361,44.930577],[83.569799,44.930624],[83.568225,44.930201],[83.568039,44.930273],[83.567970,44.930452],[83.567994,44.931001],[83.567924,44.931159],[83.566158,44.931358],[83.566030,44.931333],[83.565901,44.931309],[83.565880,44.931098],[83.566010,44.930968],[83.566771,44.930717],[83.567303,44.930278],[83.567122,44.930084],[83.566809,44.930100],[83.566328,44.930234],[83.565358,44.930718],[83.563960,44.930751],[83.561618,44.931738],[83.561247,44.931789],[83.560402,44.931463],[83.559929,44.931495],[83.558005,44.932662],[83.557552,44.932753],[83.554834,44.932312],[83.553924,44.931988],[83.553144,44.931373],[83.553008,44.931118],[83.552668,44.930937],[83.552386,44.930855],[83.551930,44.930874],[83.551590,44.930963],[83.551363,44.931180],[83.551080,44.932159],[83.551187,44.932583],[83.551370,44.932701],[83.551908,44.932510],[83.552362,44.932466],[83.552504,44.932851],[83.552458,44.933558],[83.552173,44.933823],[83.551655,44.933903],[83.551421,44.933849],[83.550902,44.933507],[83.550122,44.933560],[83.549826,44.933711],[83.549619,44.933995],[83.549663,44.934184],[83.550171,44.934417],[83.550165,44.934544],[83.549257,44.935323],[83.549230,44.935805],[83.548979,44.936158],[83.548701,44.936300],[83.547615,44.936550],[83.546107,44.936507],[83.545440,44.936714],[83.543816,44.936851],[83.543499,44.937260],[83.543777,44.937706],[83.543788,44.937963],[83.543654,44.938144],[83.543034,44.938341],[83.542673,44.938350],[83.541535,44.938099],[83.540428,44.937590],[83.540099,44.937518],[83.539699,44.938119],[83.539353,44.938343],[83.538660,44.938348],[83.537039,44.937484],[83.536242,44.936865],[83.535794,44.936652],[83.534879,44.936464],[83.534567,44.936514],[83.534461,44.936673],[83.534295,44.937070],[83.534236,44.937629],[83.534016,44.937880],[83.533548,44.938006],[83.531780,44.937691],[83.531010,44.937710],[83.529761,44.938142],[83.529040,44.937780],[83.528657,44.937692],[83.528441,44.937753],[83.527874,44.938337],[83.526518,44.938494],[83.526211,44.938658],[83.526020,44.939030],[83.526051,44.939342],[83.526278,44.939527],[83.527042,44.939787],[83.527253,44.939997],[83.527212,44.941228],[83.527082,44.941776],[83.526953,44.942084],[83.526390,44.942499],[83.525907,44.942558],[83.525200,44.942787],[83.524622,44.942835],[83.524409,44.942726],[83.524206,44.942275],[83.523979,44.942090],[83.523673,44.942009],[83.522319,44.942200],[83.520978,44.941608],[83.520105,44.941427],[83.519281,44.941549],[83.518467,44.941903],[83.517307,44.942625],[83.516903,44.942724],[83.516115,44.942321],[83.514907,44.941916],[83.514741,44.941650],[83.514607,44.940068],[83.514522,44.939880],[83.514244,44.939586],[83.513550,44.939332],[83.513339,44.939312],[83.512093,44.939873],[83.510131,44.940527],[83.509695,44.940572],[83.509482,44.940721],[83.509541,44.941391],[83.509237,44.942045],[83.509059,44.943001],[83.508267,44.943447],[83.506925,44.943925],[83.506833,44.945062],[83.506545,44.945261],[83.506111,44.945394],[83.503806,44.945121],[83.502880,44.945205],[83.500025,44.947009],[83.499949,44.947989],[83.499584,44.948492],[83.498883,44.948726],[83.497888,44.948894],[83.497754,44.949066],[83.497783,44.949265],[83.498589,44.949558],[83.498830,44.949775],[83.499056,44.950103],[83.499032,44.950426],[83.501688,44.952804],[83.502083,44.953256],[83.502359,44.953736],[83.502480,44.954560],[83.502252,44.955412],[83.502261,44.955668],[83.502075,44.955881],[83.501051,44.956434],[83.499629,44.957543],[83.498745,44.958748],[83.497599,44.960763],[83.496998,44.961387],[83.495902,44.961800],[83.494291,44.962160],[83.489837,44.962862],[83.488358,44.962899],[83.485279,44.963799],[83.483422,44.964692],[83.479370,44.967706],[83.478891,44.968428],[83.478086,44.970168],[83.477033,44.972910],[83.475891,44.974520],[83.474631,44.975827],[83.474063,44.976108],[83.476121,44.976640],[83.482518,44.977443],[83.489571,44.977800],[83.495681,44.977682],[83.501757,44.978476],[83.509439,44.979074],[83.516171,44.979653],[83.524148,44.981162],[83.534064,44.982481],[83.543957,44.984266],[83.553871,44.985591],[83.562534,44.986439],[83.572146,44.987762],[83.582751,44.988419],[83.596557,44.990067],[83.606474,44.992320],[83.616406,44.994352],[83.626700,44.995707],[83.635374,44.997258],[83.640757,44.997916],[83.646785,44.999044],[83.650086,44.999518],[83.653710,45.000272],[83.659701,45.001302],[83.687434,45.007852],[83.691725,45.008982],[83.699862,45.010935],[83.713844,45.013713],[83.723043,45.015541],[83.727266,45.016403],[83.727515,45.016545],[83.729076,45.016316],[83.730701,45.016559],[83.731777,45.017024],[83.735378,45.017991],[83.736973,45.018305],[83.738813,45.018927],[83.741499,45.020031],[83.743126,45.020005],[83.743701,45.020329],[83.745028,45.021594],[83.746027,45.022177],[83.748566,45.022981],[83.751213,45.023653],[83.755270,45.025111],[83.758463,45.026540],[83.762274,45.028385],[83.812111,45.025152],[83.836711,45.023640],[83.837042,45.023747],[83.845077,45.028708],[83.860070,45.031924],[83.864938,45.032918],[83.872718,45.034507],[83.883062,45.036479],[83.907784,45.041625],[83.928075,45.045849],[83.929421,45.046333],[83.936453,45.049261],[83.957046,45.058795],[83.959232,45.059733],[83.959117,45.060067],[83.958743,45.060491],[83.957740,45.061100],[83.956642,45.061983],[83.955997,45.063384],[83.955626,45.064551],[83.955618,45.065064],[83.955804,45.065798],[83.957579,45.066646],[83.994560,45.082133],[83.999364,45.084285],[84.002533,45.085428],[84.023574,45.094080],[84.045835,45.097093],[84.080332,45.101946],[84.112562,45.110464],[84.116051,45.111300],[84.149012,45.118568],[84.163494,45.121343],[84.185662,45.125776],[84.197247,45.127980],[84.215300,45.130462],[84.224575,45.131624],[84.232164,45.132699],[84.233701,45.132988],[84.235719,45.133141],[84.242518,45.134030],[84.255933,45.135924],[84.258059,45.136352],[84.273364,45.139432],[84.297298,45.144503],[84.315939,45.148451],[84.320432,45.149363],[84.321418,45.149481],[84.323910,45.150308],[84.339352,45.155885],[84.372308,45.167783],[84.374268,45.168282],[84.376497,45.169025],[84.442960,45.194786],[84.491791,45.230180],[84.533244,45.261506],[84.542724,45.266521],[84.552075,45.271806],[84.581893,45.288655],[84.583729,45.274264],[84.585991,45.259935],[84.587351,45.252114],[84.588880,45.241430],[84.593049,45.237495],[84.595234,45.236056],[84.596042,45.235391],[84.596581,45.234764],[84.597916,45.231504],[84.598392,45.230944],[84.600232,45.229542],[84.601654,45.228864],[84.602614,45.228107],[84.603672,45.227603],[84.609166,45.223000],[84.610646,45.221521],[84.612645,45.220192],[84.614728,45.219140],[84.615587,45.218503],[84.616466,45.217038],[84.618008,45.214076],[84.619816,45.212631],[84.621316,45.210653],[84.622429,45.207418],[84.623131,45.206334],[84.624846,45.203087],[84.626572,45.200328],[84.626698,45.199566],[84.627370,45.198077],[84.628761,45.195650],[84.630363,45.193303],[84.631059,45.191595],[84.631324,45.190608],[84.631871,45.189134],[84.632311,45.188116],[84.632791,45.187327],[84.632741,45.187003],[84.633285,45.185936],[84.633982,45.185013],[84.634920,45.184108],[84.635691,45.183538],[84.636500,45.183086],[84.638872,45.182092],[84.639615,45.181694],[84.640722,45.180939],[84.642572,45.179483],[84.644259,45.178380],[84.647498,45.175575],[84.650337,45.173349],[84.653053,45.170648],[84.656051,45.168088],[84.659964,45.165405],[84.663004,45.163111],[84.665751,45.161415],[84.666865,45.160103],[84.668894,45.158546],[84.668625,45.154298],[84.667501,45.147594],[84.666849,45.141640],[84.661586,45.102329],[84.661570,45.102214],[84.657399,45.063472],[84.656437,45.055772],[84.653769,45.034423],[84.651920,45.019628],[84.650606,45.009105],[84.642366,45.003279],[84.651636,45.000123],[84.647673,44.967719],[84.642963,44.929192],[84.635663,44.930232],[84.634382,44.908382],[84.634008,44.906009],[84.633950,44.905129],[84.634331,44.901016],[84.634429,44.898059],[84.634648,44.895139],[84.634729,44.894057],[84.635799,44.879768],[84.636122,44.877217],[84.636116,44.876643],[84.635529,44.871854],[84.635266,44.868529],[84.635019,44.867664],[84.635062,44.867464],[84.635274,44.867237],[84.635634,44.867073],[84.648424,44.866724],[84.648629,44.866326],[84.649099,44.857979],[84.649382,44.850177],[84.650086,44.835602],[84.650094,44.835428],[84.651010,44.816472],[84.651255,44.811387],[84.652485,44.791034],[84.640506,44.791777],[84.630276,44.792410],[84.629526,44.792448],[84.627917,44.792339],[84.627881,44.792381],[84.627784,44.792315],[84.626002,44.791772],[84.626424,44.784236],[84.628155,44.783790],[84.631462,44.782164],[84.634611,44.779902],[84.636454,44.778988],[84.637168,44.779097],[84.643083,44.775259],[84.644525,44.774213],[84.645267,44.773108],[84.647955,44.766689],[84.648371,44.765999],[84.648762,44.765546],[84.649307,44.765173],[84.651599,44.763973],[84.656981,44.761954],[84.673661,44.755259],[84.673993,44.754364],[84.674213,44.752916],[84.674249,44.752572],[84.674052,44.752129],[84.674418,44.751924],[84.674513,44.750624],[84.674778,44.750283],[84.675544,44.750009],[84.676149,44.749463],[84.676421,44.749412],[84.677489,44.748794],[84.678277,44.748112],[84.678217,44.747489],[84.677795,44.746779],[84.678357,44.746109],[84.677402,44.745347],[84.675364,44.744141],[84.673525,44.743619],[84.673095,44.743694],[84.672752,44.743162],[84.672936,44.741871],[84.673930,44.740723],[84.675537,44.740859],[84.677334,44.739846],[84.680953,44.739827],[84.683171,44.740532],[84.686591,44.740510],[84.690614,44.739240],[84.693980,44.737180],[84.694775,44.736461],[84.694752,44.734886],[84.695555,44.734453],[84.701375,44.734275],[84.702576,44.733554],[84.703173,44.733549],[84.703601,44.735259],[84.704006,44.735547],[84.705620,44.735680],[84.706415,44.735382],[84.708403,44.733797],[84.708403,44.733518],[84.710574,44.731216],[84.712531,44.727190],[84.708663,44.723931],[84.707630,44.721641],[84.707607,44.719931],[84.708379,44.717923],[84.711353,44.715188],[84.714581,44.714928],[84.715884,44.715030],[84.716726,44.715361],[84.717598,44.716550],[84.718078,44.716873],[84.718644,44.716959],[84.719044,44.716654],[84.719520,44.715761],[84.719863,44.715575],[84.721334,44.715417],[84.724428,44.714722],[84.728107,44.712652],[84.729627,44.711172],[84.730692,44.711074],[84.732432,44.711230],[84.733352,44.711517],[84.734616,44.711634],[84.735600,44.711609],[84.737427,44.712180],[84.737808,44.712041],[84.738346,44.711499],[84.738930,44.710461],[84.738960,44.709677],[84.739081,44.709247],[84.739502,44.709052],[84.740257,44.708930],[84.740744,44.708719],[84.740901,44.708326],[84.740919,44.707004],[84.741899,44.703956],[84.742949,44.703350],[84.744395,44.702942],[84.745016,44.702586],[84.745027,44.702365],[84.744615,44.701601],[84.744695,44.701215],[84.746013,44.699896],[84.746990,44.698700],[84.746876,44.696799],[84.747578,44.694901],[84.748762,44.693602],[84.751158,44.693011],[84.754134,44.690982],[84.754713,44.689553],[84.754294,44.687980],[84.754271,44.686404],[84.755324,44.686472],[84.760441,44.683706],[84.760359,44.683192],[84.762751,44.680619],[84.764462,44.679911],[84.764486,44.679270],[84.763921,44.678638],[84.763905,44.677616],[84.764006,44.676761],[84.764264,44.676691],[84.764811,44.676723],[84.766411,44.677124],[84.767155,44.677053],[84.767282,44.676833],[84.766908,44.676519],[84.768369,44.674998],[84.770078,44.674304],[84.770744,44.674232],[84.771283,44.674411],[84.772872,44.675695],[84.773841,44.676131],[84.775131,44.676126],[84.775661,44.675845],[84.776840,44.674355],[84.777475,44.672619],[84.780171,44.670971],[84.781911,44.669628],[84.782677,44.669187],[84.783706,44.668869],[84.785088,44.668621],[84.787860,44.668587],[84.788285,44.668648],[84.789414,44.669584],[84.792799,44.672048],[84.793781,44.672561],[84.794600,44.672723],[84.795145,44.672732],[84.795699,44.672511],[84.796239,44.672468],[84.796804,44.673941],[84.798373,44.680282],[84.798832,44.681266],[84.799205,44.681775],[84.801935,44.683390],[84.803963,44.683307],[84.805007,44.683060],[84.805481,44.682774],[84.808970,44.683014],[84.814328,44.683620],[84.827029,44.684220],[84.854176,44.685682],[84.850732,44.692229],[84.846902,44.699509],[84.844367,44.704551],[84.844323,44.704639],[84.844093,44.705096],[84.839956,44.713330],[84.834886,44.723258],[84.834568,44.723853],[84.834329,44.724302],[84.833707,44.725464],[84.832012,44.728637],[84.830664,44.731163],[84.827312,44.737436],[84.827266,44.737522],[84.825890,44.740098],[84.823488,44.744594],[84.819735,44.751617],[84.819073,44.752856],[84.818650,44.753684],[84.816924,44.757060],[84.813223,44.764301],[84.804500,44.781361],[84.793111,44.802800],[84.792700,44.803742],[84.792358,44.805540],[84.792271,44.807951],[84.792252,44.808488],[84.797185,44.809062],[84.801437,44.809945],[84.807038,44.811108],[84.811057,44.811783],[84.812349,44.812319],[84.820131,44.815550],[84.823754,44.816800],[84.832423,44.820423],[84.833633,44.820840],[84.836678,44.823385],[84.838086,44.823652],[84.839882,44.823350],[84.846322,44.825000],[84.848510,44.825788],[84.848924,44.826098],[84.849167,44.826405],[84.849445,44.826488],[84.851074,44.826329],[84.855525,44.824625],[84.857646,44.823057],[84.858940,44.822448],[84.860933,44.821312],[84.866397,44.818720],[84.868138,44.817756],[84.878609,44.812640],[84.883730,44.810043],[84.888863,44.807615],[84.894707,44.804674],[84.898242,44.802894],[84.899398,44.802723],[84.907716,44.802132],[84.911469,44.801968],[84.915147,44.801627],[84.916810,44.801625],[84.920389,44.802445],[84.930981,44.804460],[84.937379,44.805846],[84.937929,44.805769],[84.938309,44.805509],[84.940354,44.803297],[84.941218,44.802504],[84.941321,44.802409],[84.942386,44.801774],[84.943337,44.801341],[84.944358,44.801085],[84.946548,44.800753],[84.951335,44.800580],[84.952734,44.800332],[84.953901,44.799959],[84.956859,44.797761],[84.957072,44.797402],[84.957776,44.795151],[84.958662,44.793430],[84.959205,44.792735],[84.960275,44.788443],[84.960865,44.787582],[84.961687,44.786834],[84.963977,44.783353],[84.965005,44.782116],[84.965182,44.781931],[84.965606,44.781760],[84.966677,44.781452],[84.967586,44.780906],[84.968870,44.779427],[84.971216,44.777377],[84.973021,44.776118],[84.974924,44.775296],[84.976346,44.774239],[84.977015,44.773467],[84.978810,44.772003],[84.979267,44.771402],[84.979994,44.769846],[84.980278,44.769643],[84.981954,44.769059],[84.984138,44.768088],[84.987479,44.767095],[84.987957,44.767247],[84.988361,44.767665],[84.989213,44.768221],[84.990063,44.768519],[84.991571,44.768725],[84.992330,44.768762],[84.992898,44.768673],[84.994711,44.768071],[84.998676,44.765732],[85.000337,44.764893],[85.002150,44.763459],[85.002461,44.763131],[85.003469,44.761438],[85.004701,44.760059],[85.005053,44.759757],[85.005609,44.759535],[85.006399,44.758844],[85.007994,44.756854],[85.008398,44.756420],[85.008984,44.756168],[85.009307,44.755853],[85.009619,44.755342],[85.009918,44.755222],[85.010403,44.755283],[85.010856,44.754854],[85.012936,44.754010],[85.015326,44.752852],[85.019371,44.751548],[85.021954,44.750606],[85.023985,44.749693],[85.026679,44.748397],[85.031624,44.745585],[85.035508,44.744528],[85.038746,44.743350],[85.041371,44.742551],[85.046596,44.740205],[85.047629,44.739195],[85.049385,44.736003],[85.050844,44.732733],[85.053245,44.726642],[85.053518,44.724483],[85.054406,44.723351],[85.054792,44.723165],[85.054130,44.718957],[85.054008,44.718185],[85.053116,44.717064],[85.052654,44.716137],[85.052025,44.714299],[85.051897,44.713341],[85.050676,44.713225],[85.050493,44.713131],[85.050423,44.712878],[85.052348,44.701721],[85.052880,44.698130],[85.045317,44.696576],[85.043487,44.696058],[85.041838,44.695915],[85.039937,44.695185],[85.037886,44.694735],[85.033308,44.693531],[85.030225,44.692450],[85.028989,44.691688],[85.027517,44.690473],[85.026816,44.689256],[85.026042,44.688199],[85.025342,44.686690],[85.025452,44.685603],[85.025102,44.682601],[85.025254,44.681588],[85.024998,44.678793],[85.024834,44.678200],[85.024615,44.675593],[85.024406,44.674495],[85.024220,44.670030],[85.023852,44.668079],[85.023623,44.666221],[85.023643,44.665647],[85.022113,44.653035],[85.021783,44.650311],[85.019509,44.632371],[85.018256,44.619649],[85.046780,44.623117],[85.055088,44.624382],[85.065200,44.625716],[85.068360,44.626379],[85.010296,44.574837],[84.943356,44.565107],[84.901129,44.558965],[84.900269,44.558840],[84.853844,44.552091],[84.855923,44.545343],[84.857301,44.544188],[84.858277,44.542542],[84.857855,44.540468],[84.858432,44.539758],[84.858239,44.538907],[84.855154,44.535334],[84.855133,44.533601],[84.856267,44.529615],[84.855629,44.527467],[84.851935,44.521493],[84.852300,44.518644],[84.853818,44.514324],[84.854789,44.512761],[84.854930,44.509750],[84.855315,44.508736],[84.859035,44.504269],[84.858617,44.502851],[84.858984,44.500962],[84.861117,44.498363],[84.861069,44.495592],[84.856958,44.487426],[84.856120,44.486224],[84.850476,44.480184],[84.844470,44.474113],[84.837721,44.468012],[84.833754,44.465946],[84.829329,44.464535],[84.826605,44.462975],[84.825886,44.462563],[84.825623,44.461838],[84.825474,44.461711],[84.824074,44.460324],[84.822429,44.458697],[84.814750,44.451099],[84.812930,44.449115],[84.805873,44.443468],[84.802462,44.441923],[84.797428,44.438118],[84.797017,44.437265],[84.794958,44.434761],[84.794748,44.434513],[84.794541,44.434253],[84.793679,44.433205],[84.792348,44.431586],[84.791518,44.429736],[84.791313,44.429021],[84.790893,44.428017],[84.790475,44.427017],[84.788806,44.423023],[84.788425,44.422762],[84.787192,44.420194],[84.787374,44.419189],[84.787354,44.417632],[84.787351,44.417336],[84.787504,44.414757],[84.787633,44.410037],[84.788196,44.408032],[84.787960,44.405311],[84.788120,44.403020],[84.788205,44.395447],[84.787999,44.395012],[84.786392,44.393885],[84.784593,44.393474],[84.779999,44.392661],[84.778200,44.391962],[84.778187,44.391120],[84.778183,44.390869],[84.778156,44.389137],[84.777918,44.386676],[84.777644,44.381815],[84.777422,44.380244],[84.777369,44.376807],[84.777499,44.372375],[84.778002,44.366079],[84.777918,44.360501],[84.778649,44.356494],[84.779221,44.354624],[84.779000,44.353199],[84.778961,44.350769],[84.778534,44.349196],[84.778649,44.343622],[84.779777,44.339037],[84.781102,44.334591],[84.781064,44.332153],[84.782565,44.326280],[84.784715,44.324115],[84.785498,44.323104],[84.786596,44.317943],[84.786557,44.316390],[84.785905,44.314435],[84.784783,44.311936],[84.784059,44.309836],[84.783770,44.308133],[84.784313,44.306792],[84.786195,44.305051],[84.791442,44.300117],[84.792636,44.297942],[84.793504,44.295550],[84.793577,44.292579],[84.793908,44.287978],[84.795567,44.280679],[84.795743,44.279099],[84.796497,44.276378],[84.796672,44.274798],[84.796223,44.271660],[84.795606,44.270237],[84.795766,44.267802],[84.798248,44.261343],[84.798203,44.258770],[84.796535,44.253353],[84.795286,44.249644],[84.793381,44.242234],[84.791880,44.235093],[84.791469,44.233808],[84.791637,44.231949],[84.791766,44.227373],[84.791721,44.224656],[84.791088,44.222522],[84.785779,44.212703],[84.783958,44.210286],[84.780438,44.201029],[84.776986,44.195767],[84.773700,44.188942],[84.772038,44.184090],[84.768783,44.178398],[84.764528,44.173145],[84.762294,44.169595],[84.759663,44.166468],[84.753819,44.160653],[84.746141,44.151857],[84.739896,44.146182],[84.738881,44.144327],[84.737838,44.141798],[84.735758,44.137209],[84.733194,44.132039],[84.732903,44.130831],[84.731819,44.128561],[84.733327,44.128022],[84.734489,44.127394],[84.735691,44.126492],[84.737154,44.126033],[84.737980,44.126171],[84.739752,44.127214],[84.740785,44.128270],[84.742542,44.129701],[84.746018,44.131274],[84.748445,44.132484],[84.752200,44.134146],[84.757995,44.136974],[84.761242,44.139468],[84.764666,44.141589],[84.766058,44.142208],[84.768360,44.143605],[84.769829,44.144627],[84.780047,44.150448],[84.782004,44.151461],[84.785960,44.153831],[84.787178,44.154739],[84.788218,44.155769],[84.789412,44.156676],[84.790856,44.158055],[84.791967,44.158710],[84.794507,44.159909],[84.797325,44.161421],[84.802599,44.162325],[84.804240,44.162755],[84.806191,44.162948],[84.807675,44.163543],[84.811463,44.163851],[84.813575,44.163780],[84.816911,44.163153],[84.820691,44.161163],[84.822781,44.160381],[84.823796,44.160181],[84.824876,44.160108],[84.825732,44.160148],[84.826491,44.160294],[84.826886,44.160251],[84.827945,44.159810],[84.828777,44.159849],[84.830503,44.160163],[84.832266,44.160719],[84.832899,44.161258],[84.832045,44.163815],[84.834912,44.164007],[84.835861,44.164565],[84.836181,44.165185],[84.836353,44.166695],[84.836611,44.167234],[84.837374,44.168217],[84.837625,44.168891],[84.838044,44.169482],[84.838494,44.170043],[84.839443,44.170868],[84.840033,44.171146],[84.841012,44.171409],[84.843255,44.171271],[84.844526,44.171338],[84.845129,44.171761],[84.845963,44.172173],[84.848811,44.173108],[84.850536,44.173864],[84.850993,44.173851],[84.852014,44.173285],[84.853415,44.173550],[84.854612,44.173088],[84.855437,44.172968],[84.856213,44.172997],[84.857029,44.173130],[84.857409,44.173283],[84.859801,44.170537],[84.860917,44.169503],[84.861435,44.169111],[84.862161,44.168723],[84.862563,44.168649],[84.864497,44.168682],[84.866612,44.168852],[84.868331,44.168765],[84.871141,44.168973],[84.873738,44.169302],[84.876219,44.170298],[84.877493,44.170671],[84.881573,44.170768],[84.884226,44.170548],[84.887608,44.171051],[84.888928,44.171099],[84.891098,44.171472],[84.893216,44.171636],[84.895731,44.172416],[84.897359,44.173331],[84.902280,44.176645],[84.903876,44.177535],[84.905427,44.177981],[84.906283,44.178131],[84.909873,44.178464],[84.914258,44.178705],[84.916375,44.178987],[84.917341,44.179288],[84.917669,44.179562],[84.918056,44.180121],[84.918538,44.181283],[84.918924,44.182543],[84.920113,44.184445],[84.922699,44.187738],[84.924854,44.190318],[84.926108,44.192046],[84.927720,44.194525],[84.928821,44.195674],[84.929393,44.196921],[84.929859,44.197573],[84.930669,44.198366],[84.931997,44.200664],[84.932833,44.203378],[84.933089,44.204728],[84.933590,44.206200],[84.934059,44.206948],[84.934718,44.207416],[84.934861,44.207661],[84.935413,44.211352],[84.935345,44.213272],[84.934984,44.214756],[84.935112,44.215602],[84.935582,44.217466],[84.935238,44.218157],[84.935225,44.219029],[84.935137,44.219202],[84.935024,44.220273],[84.935024,44.222086],[84.935292,44.223241],[84.935294,44.224026],[84.935124,44.225059],[84.935166,44.225502],[84.937159,44.227971],[84.937169,44.228206],[84.937021,44.228424],[84.936994,44.229197],[84.936627,44.229853],[84.936681,44.230164],[84.936792,44.230487],[84.937239,44.231013],[84.937292,44.231182],[84.937087,44.231708],[84.937093,44.232026],[84.937197,44.232228],[84.937682,44.232339],[84.937938,44.232518],[84.937994,44.232741],[84.937605,44.233210],[84.937966,44.234365],[84.937814,44.234725],[84.937802,44.235081],[84.937929,44.235438],[84.938163,44.235739],[84.938172,44.235994],[84.937968,44.236144],[84.937896,44.236377],[84.937934,44.236607],[84.938231,44.236968],[84.938289,44.237458],[84.938581,44.238124],[84.938751,44.239255],[84.938740,44.240559],[84.938563,44.241281],[84.938009,44.242114],[84.937843,44.243197],[84.937836,44.244134],[84.937550,44.244680],[84.937348,44.244823],[84.937291,44.245084],[84.937690,44.246032],[84.938521,44.246920],[84.938791,44.247523],[84.938857,44.248773],[84.939382,44.249568],[84.939422,44.251422],[84.939344,44.252030],[84.939437,44.252320],[84.939645,44.252554],[84.940053,44.253380],[84.941913,44.255162],[84.942371,44.255405],[84.944603,44.255921],[84.945587,44.256437],[84.946316,44.257261],[84.948139,44.258809],[84.949512,44.259245],[84.950678,44.259920],[84.952145,44.261152],[84.954091,44.262032],[84.955675,44.263219],[84.956512,44.264318],[84.957110,44.266602],[84.957403,44.267235],[84.957619,44.268074],[84.958088,44.268685],[84.958705,44.269734],[84.959139,44.270695],[84.959095,44.272615],[84.959339,44.274650],[84.959952,44.278689],[84.960272,44.279723],[84.960490,44.280179],[84.962527,44.282885],[84.962720,44.283540],[84.963565,44.285446],[84.964404,44.287021],[84.967303,44.289490],[84.968438,44.291969],[84.968420,44.292474],[84.968064,44.293803],[84.967554,44.295221],[84.967469,44.295805],[84.967723,44.296562],[84.968546,44.297263],[84.969085,44.297394],[84.974891,44.297944],[84.975884,44.298298],[84.976684,44.298478],[84.978026,44.299048],[84.984211,44.302236],[84.986326,44.303596],[84.986935,44.304268],[84.988030,44.305752],[84.991418,44.308583],[84.993118,44.309469],[84.996152,44.310681],[84.999449,44.311555],[85.002212,44.311816],[85.005042,44.312334],[85.014524,44.314639],[85.017603,44.315228],[85.019674,44.315872],[85.020661,44.316088],[85.023883,44.316417],[85.025562,44.316759],[85.033107,44.316813],[85.038608,44.317273],[85.042004,44.317420],[85.042966,44.317284],[85.045372,44.316633],[85.046566,44.316568],[85.049708,44.316737],[85.052031,44.317171],[85.053771,44.317324],[85.060154,44.317324],[85.062834,44.317442],[85.065403,44.317281],[85.066334,44.317163],[85.066913,44.316962],[85.068622,44.316630],[85.069985,44.316533],[85.073047,44.315850],[85.075074,44.315752],[85.076656,44.315350],[85.081431,44.314629],[85.085444,44.313694],[85.087025,44.313467],[85.088944,44.313049],[85.095402,44.312228],[85.098705,44.311678],[85.102104,44.311347],[85.106765,44.310154],[85.107839,44.309695],[85.108537,44.309531],[85.109658,44.309555],[85.109790,44.308386],[85.110330,44.307052],[85.110338,44.306538],[85.110608,44.305479],[85.111321,44.304863],[85.111626,44.304444],[85.111985,44.303115],[85.112390,44.302498],[85.112270,44.301315],[85.111953,44.300643],[85.111960,44.300431],[85.112320,44.299754],[85.112309,44.299422],[85.112051,44.299058],[85.112031,44.298880],[85.112282,44.298137],[85.112088,44.297928],[85.112018,44.297570],[85.112084,44.296968],[85.111985,44.295800],[85.112037,44.295218],[85.112497,44.294651],[85.112552,44.294381],[85.112383,44.293932],[85.112391,44.293681],[85.112760,44.292838],[85.112680,44.292139],[85.112421,44.291680],[85.112256,44.290536],[85.112487,44.289363],[85.112451,44.288606],[85.112238,44.288292],[85.112135,44.287257],[85.111797,44.286846],[85.111779,44.286609],[85.111278,44.285672],[85.110066,44.285019],[85.109647,44.284647],[85.109164,44.284445],[85.107807,44.283372],[85.107590,44.282676],[85.107536,44.280880],[85.107431,44.280690],[85.107597,44.279481],[85.107780,44.278223],[85.107510,44.274601],[85.107251,44.270974],[85.106989,44.267352],[85.106721,44.263730],[85.106703,44.263531],[85.106660,44.259908],[85.106616,44.256277],[85.106614,44.256120],[85.106480,44.255725],[85.106386,44.254899],[85.106049,44.253550],[85.105376,44.251578],[85.104934,44.250892],[85.105034,44.250579],[85.105376,44.250178],[85.105402,44.249915],[85.105287,44.249778],[85.104484,44.249392],[85.104652,44.248685],[85.104173,44.247061],[85.103892,44.246647],[85.103222,44.246042],[85.103039,44.245333],[85.102050,44.244412],[85.101989,44.244183],[85.102185,44.243831],[85.101664,44.243106],[85.102024,44.241777],[85.101324,44.240659],[85.101184,44.239292],[85.100883,44.237725],[85.100900,44.236935],[85.100641,44.235434],[85.100375,44.234925],[85.100365,44.234568],[85.100645,44.233580],[85.100361,44.231924],[85.100662,44.231327],[85.100655,44.230856],[85.100248,44.230099],[85.100458,44.229544],[85.100716,44.229237],[85.100691,44.228945],[85.099850,44.228239],[85.099811,44.228051],[85.100144,44.227688],[85.100192,44.227276],[85.099779,44.226725],[85.099898,44.226211],[85.099324,44.225749],[85.099338,44.225473],[85.099175,44.225320],[85.098894,44.224709],[85.098532,44.224305],[85.097801,44.222788],[85.097575,44.222117],[85.096461,44.220829],[85.096370,44.220446],[85.095618,44.219588],[85.095522,44.219374],[85.095546,44.218643],[85.095352,44.218329],[85.095479,44.216892],[85.095347,44.216361],[85.095119,44.216139],[85.095175,44.215448],[85.094905,44.214946],[85.094702,44.213928],[85.094405,44.213336],[85.094365,44.212831],[85.094565,44.211801],[85.095031,44.210767],[85.095024,44.210589],[85.094853,44.210318],[85.095116,44.209859],[85.095051,44.209353],[85.095440,44.209246],[85.095547,44.209100],[85.095534,44.208842],[85.095162,44.208012],[85.095148,44.207809],[85.095305,44.207461],[85.094945,44.207089],[85.094679,44.204050],[85.094488,44.203739],[85.094372,44.202689],[85.094100,44.202365],[85.094069,44.202008],[85.094112,44.201732],[85.094523,44.201210],[85.094739,44.200660],[85.094595,44.199691],[85.094772,44.198985],[85.094514,44.198571],[85.093792,44.197940],[85.093577,44.197574],[85.093536,44.197257],[85.093643,44.195519],[85.093425,44.194603],[85.093765,44.193868],[85.093877,44.192321],[85.093911,44.192138],[85.094217,44.191796],[85.094219,44.191400],[85.093195,44.189934],[85.093052,44.189445],[85.092998,44.188343],[85.092834,44.187805],[85.092453,44.187201],[85.092380,44.186826],[85.092522,44.186080],[85.092235,44.185551],[85.092105,44.184275],[85.091792,44.183497],[85.091495,44.183165],[85.091359,44.182871],[85.091348,44.182563],[85.091141,44.181943],[85.090070,44.180403],[85.090054,44.180091],[85.089874,44.179722],[85.089545,44.179416],[85.089104,44.178394],[85.088648,44.177808],[85.087848,44.176192],[85.087705,44.175065],[85.087745,44.173853],[85.087625,44.173708],[85.087581,44.171915],[85.088599,44.170211],[85.088653,44.169991],[85.088558,44.169761],[85.088577,44.169430],[85.088728,44.168993],[85.089078,44.168442],[85.089126,44.167775],[85.089041,44.166972],[85.088483,44.165091],[85.088054,44.164702],[85.087852,44.164234],[85.087842,44.163884],[85.088674,44.161971],[85.089092,44.161335],[85.090762,44.160113],[85.090967,44.159717],[85.090913,44.159276],[85.090578,44.159037],[85.090373,44.158763],[85.090313,44.157852],[85.090828,44.156991],[85.091080,44.156220],[85.091319,44.154795],[85.091147,44.154156],[85.092210,44.153021],[85.092393,44.152658],[85.092340,44.152178],[85.092127,44.151741],[85.092099,44.151295],[85.092357,44.149920],[85.092709,44.149556],[85.092835,44.149277],[85.092762,44.148959],[85.091799,44.147880],[85.092366,44.144361],[85.092445,44.142306],[85.092759,44.139984],[85.094015,44.136052],[85.094830,44.132503],[85.095357,44.128089],[85.095884,44.125137],[85.095940,44.123395],[85.096588,44.116567],[85.096698,44.112056],[85.096569,44.110116],[85.096270,44.108935],[85.096191,44.107783],[85.095923,44.106301],[85.095511,44.101975],[85.095499,44.100892],[85.095638,44.099773],[85.095685,44.097932],[85.095611,44.097052],[85.095468,44.096501],[85.094010,44.095338],[85.089145,44.090389],[85.079686,44.084188],[85.078685,44.083919],[85.072463,44.080974],[85.072057,44.080409],[85.070245,44.079279],[85.067653,44.079015],[85.063851,44.077767],[85.056391,44.072977],[85.052182,44.071152],[85.051960,44.070150],[85.051148,44.069298],[85.047948,44.068616]]	塔城地区	[[84.943604,46.861920],[84.955088,46.861090],[84.959888,46.864154],[84.962755,46.870843],[84.964733,46.874925],[84.968315,46.876541],[84.975769,46.879770],[84.980024,46.883104],[84.979771,46.885222],[84.979327,46.888808],[84.979240,46.890244],[84.979013,46.893840],[84.979127,46.897127],[84.979249,46.900727],[84.979493,46.902886],[84.979895,46.906478],[84.981787,46.909484],[84.983863,46.912803],[84.985153,46.914861],[84.987220,46.918185],[84.989924,46.920416],[84.993290,46.923196],[84.995523,46.924289],[84.999823,46.926386],[85.002606,46.926924],[85.007690,46.927899],[85.012775,46.928879],[85.017938,46.928820],[85.023205,46.928761],[85.027670,46.928904],[85.032935,46.929071],[85.038174,46.928672],[85.043411,46.928263],[85.047542,46.928290],[85.052812,46.928328],[85.054684,46.928970],[85.059386,46.930603],[85.064114,46.931992],[85.068953,46.933415],[85.071850,46.934474],[85.076487,46.936169],[85.078183,46.937278],[85.081983,46.939774],[85.082470,46.940626],[85.084400,46.943975],[85.084505,46.944227],[85.085904,46.947694],[85.087313,46.951164],[85.088660,46.954018],[85.090277,46.957445],[85.090955,46.958179],[85.093761,46.961229],[85.096568,46.964278],[85.099330,46.966233],[85.102986,46.968816],[85.107240,46.971022],[85.111432,46.973187],[85.115189,46.974879],[85.119579,46.976856],[85.120724,46.977411],[85.125000,46.979496],[85.129283,46.981580],[85.133557,46.983664],[85.134433,46.984054],[85.138810,46.986041],[85.143186,46.988024],[85.147552,46.990006],[85.151070,46.991303],[85.155695,46.993002],[85.160312,46.994701],[85.160528,46.994752],[85.165516,46.995863],[85.170496,46.996975],[85.175484,46.998090],[85.175908,47.001528],[85.178792,47.005305],[85.187167,47.007617],[85.191523,47.013016],[85.194442,47.016263],[85.195837,47.018949],[85.198652,47.024311],[85.204543,47.029752],[85.209638,47.035697],[85.213997,47.041098],[85.219978,47.044951],[85.231745,47.052265],[85.238642,47.056321],[85.253666,47.054741],[85.260536,47.054404],[85.268982,47.056206],[85.273223,47.062353],[85.275814,47.066962],[85.276431,47.068921],[85.281414,47.069048],[85.285684,47.069157],[85.291091,47.066624],[85.303197,47.060961],[85.307183,47.058045],[85.317950,47.050152],[85.319769,47.048936],[85.326159,47.044896],[85.331313,47.045727],[85.335493,47.047133],[85.342466,47.049817],[85.350841,47.053054],[85.355715,47.054443],[85.358274,47.054608],[85.363529,47.054942],[85.368775,47.055275],[85.371907,47.055279],[85.380655,47.053070],[85.386349,47.053206],[85.396993,47.053946],[85.407560,47.056136],[85.418025,47.060267],[85.426489,47.061424],[85.441124,47.063369],[85.441358,47.063359],[85.446614,47.063151],[85.451851,47.062946],[85.459233,47.062431],[85.466076,47.062071],[85.471308,47.061798],[85.473833,47.061157],[85.478753,47.059906],[85.484864,47.057987],[85.493041,47.057477],[85.498269,47.057148],[85.501044,47.057366],[85.511025,47.057779],[85.516262,47.057781],[85.520739,47.057563],[85.525969,47.057314],[85.526592,47.057543],[85.533733,47.056764],[85.540106,47.057403],[85.540125,47.057292],[85.540002,47.054952],[85.539812,47.053924],[85.539029,47.052259],[85.538451,47.051660],[85.536992,47.050600],[85.536414,47.050406],[85.536030,47.050412],[85.537402,47.049970],[85.539589,47.049792],[85.540427,47.049865],[85.541432,47.050524],[85.543508,47.052182],[85.544245,47.052599],[85.546251,47.053499],[85.547345,47.053711],[85.548852,47.054456],[85.549448,47.054440],[85.551063,47.054017],[85.551711,47.053773],[85.552937,47.053051],[85.553816,47.052747],[85.554298,47.052437],[85.555265,47.051163],[85.555561,47.050946],[85.555992,47.050825],[85.557375,47.051092],[85.558582,47.051094],[85.559570,47.051294],[85.560289,47.051249],[85.561324,47.051428],[85.562667,47.051496],[85.564319,47.051414],[85.566364,47.050976],[85.568588,47.050130],[85.569342,47.049950],[85.569718,47.050195],[85.571541,47.052339],[85.572000,47.053465],[85.572930,47.055279],[85.573554,47.055967],[85.574990,47.057163],[85.576172,47.057575],[85.577118,47.058256],[85.578601,47.058860],[85.578923,47.059388],[85.579453,47.059615],[85.580351,47.059798],[85.581664,47.059887],[85.583424,47.059907],[85.584513,47.059794],[85.585425,47.060046],[85.586332,47.060497],[85.587869,47.060242],[85.588548,47.060004],[85.589437,47.059428],[85.592461,47.059181],[85.597105,47.059001],[85.600010,47.058638],[85.600643,47.058489],[85.603314,47.058312],[85.604990,47.058066],[85.606906,47.057513],[85.608303,47.056818],[85.608813,47.056667],[85.611105,47.056381],[85.611355,47.056217],[85.611657,47.055807],[85.612050,47.054847],[85.612625,47.054550],[85.613868,47.054503],[85.614295,47.054603],[85.615414,47.055204],[85.616538,47.056183],[85.617324,47.056655],[85.618206,47.056938],[85.619094,47.056981],[85.620539,47.056858],[85.622024,47.056385],[85.622879,47.055956],[85.623052,47.055790],[85.623314,47.055154],[85.623519,47.054937],[85.623802,47.054699],[85.624841,47.054282],[85.625277,47.054006],[85.626002,47.053287],[85.627134,47.052819],[85.629051,47.052289],[85.630330,47.051478],[85.631254,47.051343],[85.631621,47.051411],[85.632135,47.051711],[85.633726,47.053074],[85.635417,47.053584],[85.637042,47.054245],[85.637587,47.054567],[85.637868,47.054969],[85.639321,47.055795],[85.639981,47.056391],[85.640344,47.056590],[85.640787,47.056690],[85.642203,47.056552],[85.643737,47.055996],[85.644593,47.055556],[85.645275,47.055324],[85.645907,47.055228],[85.646844,47.055219],[85.647989,47.055497],[85.649155,47.055534],[85.650678,47.055423],[85.651856,47.055597],[85.652486,47.055595],[85.652933,47.055537],[85.654512,47.055066],[85.657039,47.054738],[85.657348,47.054669],[85.657743,47.054244],[85.657829,47.053868],[85.658089,47.053327],[85.658405,47.052985],[85.658555,47.052515],[85.659917,47.052052],[85.661754,47.051742],[85.663813,47.051073],[85.668732,47.050940],[85.669897,47.051050],[85.670369,47.051203],[85.670885,47.051435],[85.671319,47.051902],[85.672157,47.052186],[85.672756,47.052194],[85.676294,47.051382],[85.676956,47.051328],[85.678338,47.051337],[85.679838,47.051572],[85.682694,47.052229],[85.685238,47.053070],[85.687636,47.053652],[85.693702,47.055551],[85.695400,47.055815],[85.696352,47.055848],[85.699427,47.055679],[85.702479,47.055242],[85.704177,47.054865],[85.704467,47.054932],[85.705389,47.056160],[85.705750,47.056458],[85.707884,47.057114],[85.709665,47.058369],[85.710153,47.058501],[85.712097,47.058704],[85.713219,47.058666],[85.713729,47.058536],[85.714240,47.058364],[85.715795,47.057514],[85.716973,47.057036],[85.721361,47.055827],[85.723961,47.054905],[85.724659,47.054578],[85.726513,47.053401],[85.727518,47.053056],[85.728315,47.053045],[85.729888,47.053389],[85.732483,47.055190],[85.732847,47.055280],[85.733969,47.055213],[85.735455,47.054645],[85.737565,47.054261],[85.738569,47.053947],[85.739536,47.053214],[85.740820,47.051410],[85.741287,47.051143],[85.741655,47.051115],[85.742361,47.051135],[85.743704,47.051339],[85.744463,47.051683],[85.747259,47.053318],[85.747971,47.053630],[85.749173,47.053984],[85.750094,47.053920],[85.751811,47.053185],[85.752488,47.052713],[85.753694,47.052322],[85.756610,47.051944],[85.757747,47.052037],[85.759081,47.052537],[85.760761,47.052828],[85.761189,47.052843],[85.762485,47.052441],[85.762929,47.052395],[85.766497,47.052842],[85.768292,47.053205],[85.772697,47.055127],[85.773395,47.055629],[85.774385,47.056904],[85.774678,47.057028],[85.775342,47.057076],[85.775889,47.057061],[85.776395,47.056894],[85.779571,47.055640],[85.782992,47.053948],[85.783983,47.053886],[85.785542,47.054205],[85.785999,47.054219],[85.791905,47.053622],[85.794579,47.053525],[85.796069,47.053564],[85.797641,47.053902],[85.798882,47.054541],[85.799375,47.054940],[85.799980,47.055583],[85.802241,47.058776],[85.802751,47.059084],[85.803820,47.059447],[85.806244,47.060628],[85.807085,47.061323],[85.807987,47.061887],[85.808442,47.062033],[85.809976,47.062047],[85.812339,47.061339],[85.815794,47.060574],[85.818430,47.059473],[85.820435,47.058894],[85.821573,47.058777],[85.822251,47.058803],[85.822882,47.058990],[85.823271,47.059388],[85.823470,47.059734],[85.823819,47.060658],[85.824063,47.060984],[85.824383,47.061168],[85.826826,47.061452],[85.836487,47.062980],[85.837563,47.063019],[85.838865,47.062889],[85.843210,47.061852],[85.844365,47.061665],[85.846905,47.061574],[85.851535,47.061780],[85.852349,47.062364],[85.853100,47.063139],[85.853614,47.063933],[85.853933,47.064188],[85.854958,47.064602],[85.856311,47.064836],[85.858216,47.064761],[85.860808,47.063685],[85.861392,47.063305],[85.863337,47.062765],[85.864760,47.062524],[85.865884,47.062392],[85.869254,47.062234],[85.873802,47.062303],[85.877560,47.061987],[85.877882,47.062122],[85.880676,47.064190],[85.881194,47.064807],[85.881514,47.065053],[85.882115,47.065331],[85.885038,47.066167],[85.887553,47.066767],[85.888320,47.066854],[85.891883,47.066841],[85.892843,47.066911],[85.893372,47.067037],[85.894734,47.067657],[85.895889,47.068336],[85.897918,47.070363],[85.902074,47.074030],[85.902560,47.074156],[85.902947,47.074018],[85.905953,47.071791],[85.907103,47.071255],[85.908070,47.070961],[85.909585,47.070799],[85.911554,47.070736],[85.916334,47.070193],[85.917281,47.070233],[85.918063,47.070311],[85.918828,47.070633],[85.919527,47.071166],[85.920860,47.071938],[85.921150,47.072215],[85.921274,47.073415],[85.921418,47.073619],[85.922284,47.074022],[85.925859,47.074606],[85.926804,47.074934],[85.928755,47.074498],[85.933177,47.074028],[85.935878,47.073985],[85.936811,47.073844],[85.938397,47.074023],[85.938812,47.073877],[85.940593,47.072878],[85.941323,47.072866],[85.942376,47.073207],[85.943590,47.073755],[85.944194,47.073903],[85.946545,47.073995],[85.946957,47.074093],[85.947406,47.074332],[85.949082,47.075933],[85.950696,47.077172],[85.951611,47.077585],[85.952227,47.077760],[85.953366,47.077976],[85.954840,47.078002],[85.956785,47.077846],[85.958435,47.077320],[85.960246,47.076308],[85.963276,47.074262],[85.964527,47.073713],[85.966336,47.073490],[85.971048,47.073567],[85.973531,47.073493],[85.974990,47.073614],[85.978482,47.073378],[85.980074,47.073059],[85.981336,47.072689],[85.985194,47.071395],[85.987468,47.070727],[85.988672,47.070470],[85.989501,47.070390],[85.991804,47.069666],[85.993991,47.069259],[85.997098,47.068277],[86.001172,47.067255],[86.002399,47.067176],[86.005215,47.066576],[86.005750,47.066360],[86.006388,47.065766],[86.007103,47.063966],[86.007748,47.062981],[86.008759,47.062103],[86.009412,47.061398],[86.010492,47.059741],[86.013754,47.057174],[86.015213,47.056348],[86.017828,47.055582],[86.022429,47.054929],[86.024049,47.054902],[86.025650,47.054485],[86.029026,47.052279],[86.032672,47.050123],[86.032934,47.049931],[86.033145,47.049591],[86.034285,47.049001],[86.035929,47.048407],[86.036712,47.047989],[86.036975,47.047751],[86.037049,47.047418],[86.036602,47.046570],[86.036565,47.046338],[86.037556,47.045023],[86.041159,47.042134],[86.042239,47.041117],[86.043617,47.040084],[86.047324,47.038158],[86.050129,47.037196],[86.052503,47.036711],[86.053123,47.036291],[86.053196,47.035995],[86.053129,47.035179],[86.052452,47.034282],[86.050276,47.030542],[86.049755,47.030054],[86.048772,47.028783],[86.048714,47.026857],[86.049030,47.025125],[86.051920,47.025341],[86.062520,47.025743],[86.064679,47.026233],[86.065462,47.026514],[86.066864,47.026709],[86.071220,47.026810],[86.071993,47.026730],[86.072516,47.026380],[86.073317,47.026132],[86.074910,47.025932],[86.079093,47.025543],[86.080283,47.025506],[86.082723,47.025632],[86.083225,47.025704],[86.085130,47.026364],[86.087981,47.026437],[86.088731,47.026555],[86.089710,47.026901],[86.092788,47.028263],[86.093498,47.028487],[86.102935,47.029178],[86.105939,47.029261],[86.111032,47.029215],[86.112348,47.029611],[86.115289,47.030796],[86.116431,47.031075],[86.117931,47.031311],[86.120075,47.031417],[86.122203,47.031379],[86.125595,47.031691],[86.126347,47.031867],[86.128131,47.032082],[86.148222,47.034327],[86.178000,47.040002],[86.179000,47.040068],[86.180350,47.039839],[86.181586,47.039410],[86.183263,47.039314],[86.184675,47.039601],[86.186649,47.040477],[86.189399,47.041109],[86.191444,47.041316],[86.197773,47.041516],[86.200603,47.041878],[86.201023,47.042180],[86.201640,47.042350],[86.206264,47.043024],[86.206817,47.043213],[86.207868,47.043873],[86.208427,47.043835],[86.211807,47.044463],[86.213778,47.044988],[86.218695,47.045879],[86.222579,47.047000],[86.225075,47.047370],[86.233772,47.050562],[86.238985,47.051285],[86.244334,47.052931],[86.251139,47.052722],[86.252793,47.053078],[86.253753,47.053410],[86.256340,47.055424],[86.258308,47.056231],[86.261618,47.057289],[86.267709,47.058861],[86.272131,47.060129],[86.273635,47.061067],[86.274767,47.061517],[86.278089,47.061892],[86.279557,47.061903],[86.287954,47.064162],[86.292785,47.065719],[86.294474,47.066568],[86.299734,47.068706],[86.300789,47.068983],[86.306891,47.071254],[86.315326,47.076242],[86.317483,47.077773],[86.318024,47.077896],[86.318869,47.077903],[86.319583,47.077774],[86.319759,47.077375],[86.319765,47.076932],[86.319479,47.076269],[86.318492,47.074826],[86.317706,47.073006],[86.317643,47.072278],[86.317719,47.072011],[86.318003,47.071880],[86.322748,47.073639],[86.326788,47.074915],[86.330031,47.075333],[86.332904,47.075957],[86.339912,47.078175],[86.342409,47.079456],[86.350970,47.081910],[86.352939,47.082259],[86.354843,47.082916],[86.361965,47.083761],[86.366816,47.084815],[86.373404,47.086778],[86.373781,47.086622],[86.373988,47.086556],[86.374132,47.086529],[86.374451,47.086509],[86.377652,47.087242],[86.380157,47.087215],[86.389223,47.086985],[86.396862,47.087447],[86.397778,47.087595],[86.398197,47.087629],[86.408193,47.088048],[86.411079,47.087996],[86.414862,47.087304],[86.419164,47.087148],[86.420167,47.087019],[86.423511,47.086172],[86.425711,47.085955],[86.428824,47.084865],[86.432054,47.084084],[86.433842,47.083556],[86.434688,47.083183],[86.435456,47.083236],[86.437545,47.084129],[86.438738,47.084376],[86.442221,47.084830],[86.444339,47.085255],[86.445629,47.085652],[86.446332,47.086097],[86.448696,47.086087],[86.451523,47.086313],[86.454363,47.086346],[86.455969,47.086634],[86.458157,47.087216],[86.462418,47.087628],[86.465025,47.087717],[86.468889,47.087525],[86.469667,47.087661],[86.470756,47.088465],[86.471618,47.088726],[86.472458,47.088753],[86.475999,47.089161],[86.476836,47.089513],[86.477577,47.089665],[86.478515,47.089650],[86.480446,47.088984],[86.481481,47.088986],[86.482185,47.089254],[86.483469,47.089942],[86.484009,47.090736],[86.484908,47.090989],[86.486002,47.091116],[86.487330,47.090968],[86.490066,47.090262],[86.491356,47.090330],[86.492355,47.090182],[86.492711,47.089806],[86.492820,47.088628],[86.492569,47.087971],[86.491323,47.087126],[86.490381,47.086608],[86.489896,47.085824],[86.489590,47.085575],[86.489608,47.085030],[86.489437,47.083920],[86.488809,47.083224],[86.488065,47.082172],[86.488016,47.081693],[86.488178,47.081076],[86.489034,47.080038],[86.489207,47.078534],[86.489585,47.077568],[86.489863,47.077125],[86.490681,47.076196],[86.490762,47.075784],[86.490766,47.074427],[86.491227,47.072653],[86.493071,47.069217],[86.493527,47.068741],[86.494356,47.068391],[86.495520,47.067748],[86.496775,47.066500],[86.496579,47.066062],[86.496337,47.065770],[86.495438,47.065082],[86.493697,47.064249],[86.496571,47.063373],[86.498997,47.062951],[86.499901,47.062559],[86.502287,47.061757],[86.503994,47.061434],[86.505357,47.061344],[86.510078,47.061442],[86.517624,47.061319],[86.523773,47.060532],[86.526299,47.059855],[86.528652,47.059524],[86.529776,47.059041],[86.531778,47.058468],[86.534674,47.057311],[86.536710,47.056950],[86.539787,47.056090],[86.542623,47.054892],[86.546264,47.052668],[86.548694,47.051402],[86.550025,47.051112],[86.551597,47.051006],[86.554338,47.051145],[86.557431,47.051528],[86.561966,47.052533],[86.566214,47.053862],[86.567989,47.053704],[86.573795,47.052261],[86.577584,47.051947],[86.581133,47.051957],[86.587874,47.052706],[86.605276,47.055117],[86.614158,47.056609],[86.620796,47.057446],[86.631347,47.059193],[86.698637,47.069410],[86.701333,47.069117],[86.703975,47.068706],[86.704938,47.068681],[86.706024,47.068793],[86.708749,47.069470],[86.712501,47.071052],[86.715104,47.071937],[86.718225,47.072569],[86.724862,47.073238],[86.734004,47.073090],[86.737994,47.073263],[86.741297,47.073841],[86.745453,47.074784],[86.748570,47.075126],[86.750660,47.075511],[86.755247,47.076696],[86.757857,47.076978],[86.760645,47.077625],[86.777779,47.078175],[86.794166,47.079686],[86.798424,47.080025],[86.800341,47.080094],[86.802952,47.080446],[86.804271,47.080688],[86.804243,47.081177],[86.804595,47.082003],[86.806802,47.085416],[86.860946,47.093415],[86.898166,47.098824],[86.937766,47.104746],[86.978544,47.110689],[87.035189,47.119005],[87.037432,47.118878],[87.040668,47.118692],[87.040310,47.117072],[87.038985,47.097954],[87.037078,47.077873],[87.033360,47.031778],[87.031446,47.011929],[87.030686,47.001641],[87.029744,46.985673],[87.029262,46.972308],[87.029617,46.970851],[87.033538,46.967377],[87.035911,46.964872],[87.041491,46.961564],[87.045882,46.957523],[87.050743,46.951376],[87.051929,46.950082],[87.054301,46.948628],[87.056909,46.946364],[87.058569,46.945394],[87.062837,46.943942],[87.064377,46.942648],[87.065913,46.938114],[87.066503,46.935199],[87.067448,46.933499],[87.068395,46.932528],[87.077511,46.927026],[87.087211,46.920953],[87.096430,46.915037],[87.121568,46.899942],[87.183234,46.862184],[87.203685,46.849561],[87.203794,46.847050],[87.202677,46.800239],[87.202065,46.762416],[87.201580,46.726621],[87.201680,46.715726],[87.195381,46.708123],[87.181886,46.691828],[87.142245,46.639671],[87.096192,46.579741],[87.037192,46.503534],[87.037033,46.499623],[87.039142,46.496043],[87.081150,46.427598],[87.129581,46.348127],[87.171845,46.275389],[87.199764,46.228911],[87.234479,46.170765],[87.262241,46.125049],[87.300745,46.060484],[87.336082,46.005118],[87.336353,46.004268],[87.336580,46.003556],[87.337415,45.999996],[87.338260,45.996435],[87.338730,45.994423],[87.339278,45.990836],[87.339809,45.987245],[87.339870,45.986885],[87.340497,45.983302],[87.340984,45.980487],[87.341054,45.976878],[87.341123,45.973268],[87.341132,45.972934],[87.341201,45.969324],[87.341271,45.965710],[87.341271,45.965606],[87.340435,45.962047],[87.339607,45.958483],[87.339450,45.957802],[87.339433,45.954192],[87.339424,45.950582],[87.339406,45.946972],[87.339389,45.943362],[87.339371,45.939753],[87.339362,45.936143],[87.339344,45.932533],[87.339327,45.928919],[87.339309,45.925310],[87.339300,45.921704],[87.339283,45.918089],[87.339274,45.914480],[87.339256,45.910874],[87.339238,45.907256],[87.339229,45.903646],[87.339212,45.900040],[87.339194,45.896426],[87.339177,45.892817],[87.339168,45.889207],[87.339150,45.885592],[87.339132,45.881982],[87.339115,45.878373],[87.339106,45.874758],[87.339088,45.871153],[87.339079,45.867539],[87.339062,45.863925],[87.339044,45.860320],[87.339035,45.856705],[87.339017,45.853091],[87.339000,45.849485],[87.338982,45.845871],[87.338973,45.842262],[87.338956,45.838647],[87.338938,45.835037],[87.338920,45.831423],[87.338911,45.827814],[87.338902,45.824203],[87.338885,45.820589],[87.338867,45.816979],[87.338850,45.813365],[87.338841,45.809755],[87.338823,45.806140],[87.338805,45.802530],[87.338788,45.798920],[87.338779,45.795302],[87.338761,45.791696],[87.338743,45.788082],[87.338735,45.784469],[87.338717,45.780859],[87.338708,45.777243],[87.338690,45.773633],[87.338674,45.770019],[87.338656,45.766409],[87.338646,45.762796],[87.338630,45.759181],[87.338611,45.755570],[87.338593,45.751961],[87.338585,45.748347],[87.338567,45.744727],[87.338558,45.741117],[87.338541,45.737507],[87.338531,45.733888],[87.338515,45.730279],[87.338496,45.726669],[87.338478,45.723054],[87.338461,45.719440],[87.338452,45.715826],[87.338435,45.712215],[87.338416,45.708601],[87.338408,45.704986],[87.338391,45.701376],[87.338381,45.697762],[87.338363,45.694147],[87.338346,45.690532],[87.338337,45.686918],[87.338319,45.683308],[87.338302,45.679689],[87.338285,45.676078],[87.338275,45.672464],[87.338257,45.668854],[87.338248,45.665235],[87.338231,45.661625],[87.338213,45.658009],[87.338204,45.654396],[87.338187,45.650780],[87.338169,45.647166],[87.338151,45.643551],[87.338142,45.639941],[87.338126,45.636322],[87.338107,45.632708],[87.338089,45.629093],[87.338082,45.625478],[87.338073,45.621864],[87.338054,45.618248],[87.338037,45.614634],[87.338020,45.611023],[87.338011,45.607409],[87.337993,45.603790],[87.337976,45.600175],[87.337958,45.596560],[87.337949,45.592945],[87.337940,45.589331],[87.337922,45.585716],[87.337905,45.582101],[87.337887,45.578486],[87.337878,45.574871],[87.337861,45.571255],[87.337843,45.567636],[87.337825,45.564022],[87.337815,45.560411],[87.337807,45.556792],[87.337789,45.553177],[87.337772,45.549562],[87.337754,45.545947],[87.337745,45.542332],[87.337728,45.538713],[87.337710,45.535098],[87.337693,45.531483],[87.337684,45.527868],[87.337665,45.524253],[87.337649,45.520633],[87.337640,45.517018],[87.337631,45.513399],[87.337613,45.509788],[87.337595,45.506169],[87.337578,45.502553],[87.337569,45.498934],[87.337551,45.495319],[87.337534,45.491704],[87.337516,45.488088],[87.337507,45.484473],[87.337498,45.480854],[87.337481,45.477234],[87.337463,45.473619],[87.337445,45.470004],[87.337436,45.466388],[87.337419,45.462769],[87.337401,45.459149],[87.337383,45.455534],[87.337375,45.451914],[87.337366,45.448303],[87.337348,45.444684],[87.337330,45.441064],[87.337313,45.437449],[87.337304,45.433829],[87.337286,45.430213],[87.337269,45.426598],[87.337251,45.422978],[87.337242,45.419359],[87.337233,45.415743],[87.337215,45.412123],[87.337194,45.408506],[87.337177,45.404886],[87.337168,45.401271],[87.337150,45.397651],[87.337132,45.394031],[87.337115,45.390415],[87.337106,45.386795],[87.337097,45.383180],[87.337079,45.379564],[87.337062,45.375944],[87.337053,45.372325],[87.337035,45.368705],[87.337017,45.365085],[87.337000,45.361469],[87.336982,45.357849],[87.336973,45.354233],[87.336956,45.350613],[87.336947,45.346993],[87.336929,45.343373],[87.336920,45.339758],[87.336902,45.336138],[87.336885,45.332518],[87.336876,45.330604],[87.004095,45.331205],[86.980641,45.331265],[86.957290,45.331325],[86.942199,45.331364],[86.913536,45.331437],[86.781294,45.331777],[86.750468,45.331855],[86.703771,45.331976],[86.627885,45.332169],[86.613977,45.332205],[86.583257,45.332284],[86.558517,45.332347],[86.487103,45.332530],[86.458624,45.332484],[86.431847,45.332440],[86.398869,45.332386],[86.374149,45.332346],[86.316504,45.332252],[85.666864,45.331195],[85.667177,45.327580],[85.667498,45.323969],[85.667594,45.322962],[85.667046,45.319363],[85.666612,45.316519],[85.667308,45.312935],[85.667907,45.309906],[85.668429,45.306313],[85.668891,45.303063],[85.669239,45.299448],[85.669568,45.295976],[85.669517,45.292356],[85.669490,45.290932],[85.669855,45.287321],[85.670133,45.284531],[85.670490,45.280920],[85.670768,45.278134],[85.670742,45.274514],[85.670716,45.270893],[85.670690,45.267273],[85.670655,45.263657],[85.670637,45.260033],[85.670602,45.256417],[85.670576,45.252792],[85.670549,45.249172],[85.670524,45.245552],[85.670498,45.241936],[85.670463,45.238311],[85.670435,45.234695],[85.670409,45.231075],[85.670383,45.227454],[85.670357,45.223834],[85.670330,45.220214],[85.670305,45.216589],[85.670270,45.212969],[85.670251,45.209348],[85.670216,45.205728],[85.670190,45.202108],[85.670164,45.198487],[85.670138,45.194867],[85.670111,45.191247],[85.670076,45.187626],[85.670059,45.184006],[85.670024,45.180385],[85.669998,45.176765],[85.669972,45.173140],[85.669945,45.169520],[85.669919,45.165899],[85.669892,45.162279],[85.669866,45.158658],[85.669832,45.155034],[85.669814,45.151418],[85.669779,45.147793],[85.669752,45.144172],[85.669726,45.140552],[85.669700,45.136927],[85.669674,45.133307],[85.669639,45.129686],[85.669622,45.126066],[85.669587,45.122445],[85.669561,45.118825],[85.669533,45.115200],[85.669507,45.111575],[85.669481,45.107955],[85.669446,45.104334],[85.669428,45.100709],[85.669393,45.097089],[85.669367,45.093468],[85.669341,45.089848],[85.669315,45.086223],[85.669288,45.082602],[85.669253,45.078977],[85.669236,45.075357],[85.669201,45.071736],[85.669183,45.068112],[85.669148,45.064491],[85.669122,45.060866],[85.669096,45.057246],[85.669061,45.053621],[85.669043,45.050000],[85.669008,45.046380],[85.668991,45.042755],[85.668956,45.039135],[85.668938,45.035514],[85.668903,45.031889],[85.668868,45.028269],[85.668850,45.024644],[85.668815,45.021023],[85.668798,45.017398],[85.668763,45.013774],[85.668745,45.010153],[85.668710,45.006528],[85.668684,45.002903],[85.668658,44.999279],[85.668632,44.995658],[85.668605,44.992033],[85.668597,44.990683],[85.668539,44.988276],[85.668849,44.977649],[85.668785,44.965701],[85.668921,44.919290],[85.781482,44.922903],[85.787607,44.921783],[85.790818,44.920913],[85.796430,44.919155],[85.803563,44.915649],[85.805077,44.914904],[85.808653,44.912424],[85.811331,44.910180],[85.814890,44.906337],[85.816552,44.903930],[85.817944,44.902219],[85.820848,44.899278],[85.822978,44.896785],[85.825660,44.894266],[85.829154,44.891393],[85.832706,44.889018],[85.838794,44.885460],[85.841974,44.883812],[85.849922,44.879339],[85.852548,44.877734],[85.860929,44.871966],[85.866235,44.867637],[85.868414,44.865960],[85.871018,44.862612],[85.874138,44.858048],[85.877998,44.852829],[85.878433,44.852068],[85.879248,44.849717],[85.880661,44.846390],[85.883444,44.841244],[85.884878,44.838331],[85.885604,44.836362],[85.886021,44.834784],[85.886117,44.834004],[85.886083,44.831590],[85.886364,44.828966],[85.886348,44.827570],[85.886781,44.825433],[85.886793,44.823153],[85.889759,44.816164],[85.891397,44.813170],[85.893995,44.810512],[85.896836,44.807224],[85.898559,44.805906],[85.901528,44.803194],[85.920417,44.790229],[85.930172,44.780044],[85.935936,44.773909],[85.937981,44.769387],[85.942116,44.759632],[85.938706,44.757750],[85.928505,44.750743],[85.917003,44.743653],[85.909953,44.738961],[85.906931,44.737497],[85.906132,44.737110],[85.907818,44.735635],[85.911629,44.734123],[85.911944,44.733644],[85.912160,44.729122],[85.912445,44.726102],[85.911459,44.725184],[85.911903,44.725014],[85.912853,44.724651],[85.913309,44.724386],[85.913572,44.724096],[85.913556,44.723671],[85.913283,44.723186],[85.912826,44.722665],[85.912757,44.722068],[85.912931,44.721875],[85.913970,44.721747],[85.914542,44.722149],[85.915145,44.723050],[85.915509,44.723845],[85.916229,44.724048],[85.916918,44.723796],[85.916973,44.723040],[85.917384,44.722591],[85.918641,44.721662],[85.919648,44.720330],[85.920643,44.719640],[85.921668,44.719077],[85.922014,44.718690],[85.921994,44.718082],[85.921703,44.717230],[85.919645,44.716199],[85.918204,44.715737],[85.916757,44.715630],[85.915337,44.715800],[85.914347,44.716237],[85.914172,44.717004],[85.913725,44.717631],[85.912702,44.718103],[85.911797,44.718346],[85.910815,44.718336],[85.909468,44.718105],[85.907574,44.717289],[85.907478,44.716938],[85.907712,44.716447],[85.908575,44.715939],[85.910454,44.715258],[85.912121,44.714792],[85.913111,44.714343],[85.913784,44.712778],[85.913308,44.710707],[85.911613,44.708407],[85.911711,44.707444],[85.912026,44.706535],[85.912265,44.706216],[85.912568,44.705932],[85.913011,44.705795],[85.913896,44.705521],[85.914787,44.705633],[85.915058,44.705848],[85.915227,44.706263],[85.915232,44.706779],[85.914785,44.707044],[85.913608,44.707124],[85.912985,44.707319],[85.912809,44.707707],[85.912846,44.708287],[85.913073,44.708639],[85.913382,44.708901],[85.914021,44.709165],[85.914891,44.709099],[85.915367,44.708634],[85.916608,44.706351],[85.917016,44.706068],[85.917420,44.705981],[85.918039,44.706033],[85.918338,44.706408],[85.918146,44.707162],[85.918245,44.708450],[85.918955,44.709594],[85.919325,44.710005],[85.919644,44.710192],[85.919941,44.710212],[85.920892,44.709292],[85.922577,44.708340],[85.923695,44.707502],[85.923902,44.706804],[85.923764,44.706407],[85.921481,44.705322],[85.921141,44.705032],[85.921148,44.704665],[85.921502,44.704244],[85.923213,44.703550],[85.924133,44.703467],[85.924945,44.703522],[85.925804,44.704093],[85.926355,44.705218],[85.927193,44.706075],[85.928040,44.706429],[85.928942,44.706438],[85.930145,44.705843],[85.930631,44.704815],[85.930643,44.704172],[85.930274,44.703193],[85.929355,44.702403],[85.928300,44.701933],[85.926231,44.701612],[85.925852,44.701428],[85.925356,44.700804],[85.925285,44.700435],[85.925451,44.699247],[85.925356,44.698305],[85.924384,44.695856],[85.923944,44.695433],[85.922732,44.695208],[85.921683,44.695352],[85.920581,44.695341],[85.920053,44.695152],[85.919341,44.694491],[85.919248,44.693928],[85.919471,44.693098],[85.920248,44.692469],[85.921084,44.692064],[85.922042,44.692046],[85.922760,44.692420],[85.926976,44.695166],[85.927572,44.696022],[85.928337,44.696437],[85.929164,44.696601],[85.930059,44.696530],[85.931509,44.695944],[85.933006,44.694817],[85.934411,44.692887],[85.934898,44.691831],[85.935775,44.690566],[85.935805,44.689821],[85.935046,44.688724],[85.934947,44.688197],[85.935062,44.686768],[85.934980,44.686361],[85.935405,44.686127],[85.937734,44.686095],[85.938439,44.685844],[85.938785,44.685452],[85.939236,44.684149],[85.939474,44.683928],[85.940057,44.683722],[85.943892,44.683747],[85.945115,44.683445],[85.946258,44.682648],[85.947195,44.681643],[85.947521,44.681010],[85.946915,44.680653],[85.945804,44.680463],[85.940907,44.680449],[85.938020,44.680573],[85.936791,44.679946],[85.935726,44.678849],[85.936028,44.677631],[85.936647,44.676398],[85.936819,44.675368],[85.937426,44.674795],[85.938311,44.674408],[85.939818,44.674350],[85.940851,44.676456],[85.941804,44.677636],[85.942315,44.677917],[85.942933,44.678027],[85.943661,44.677886],[85.943982,44.677511],[85.944230,44.676739],[85.943977,44.674688],[85.943995,44.673713],[85.943441,44.673156],[85.943048,44.673030],[85.941529,44.672854],[85.940754,44.672496],[85.940195,44.671882],[85.939065,44.671325],[85.936134,44.671072],[85.934460,44.670667],[85.932802,44.669406],[85.932748,44.668843],[85.933033,44.668118],[85.934869,44.667428],[85.936615,44.667401],[85.937089,44.667618],[85.937230,44.669140],[85.937424,44.669824],[85.938063,44.670264],[85.938745,44.670465],[85.939496,44.670399],[85.940389,44.669853],[85.940975,44.668757],[85.941037,44.667152],[85.941184,44.666155],[85.941717,44.665185],[85.942841,44.664498],[85.944006,44.663984],[85.946328,44.663693],[85.949480,44.663458],[85.949850,44.663141],[85.949951,44.662787],[85.949781,44.662165],[85.949682,44.661802],[85.950183,44.661303],[85.952189,44.659989],[85.954424,44.658987],[85.956924,44.658906],[85.959411,44.658206],[85.960068,44.657060],[85.960554,44.655184],[85.960282,44.653695],[85.959929,44.653157],[85.959587,44.652913],[85.958778,44.653035],[85.958203,44.653330],[85.956834,44.654505],[85.956297,44.654757],[85.955886,44.654752],[85.955048,44.654284],[85.954436,44.653806],[85.954151,44.653120],[85.955092,44.646516],[85.954905,44.645240],[85.954453,44.644386],[85.954777,44.643380],[85.955550,44.641724],[85.955122,44.639550],[85.955604,44.638566],[85.958274,44.637822],[85.960317,44.637477],[85.960233,44.637047],[85.960447,44.636864],[85.961177,44.636619],[85.961863,44.636192],[85.962507,44.635825],[85.962636,44.635673],[85.962936,44.635367],[85.963280,44.635154],[85.963623,44.634970],[85.964395,44.634909],[85.965211,44.634665],[85.965812,44.634085],[85.966198,44.633627],[85.966498,44.633230],[85.966627,44.632955],[85.966584,44.632405],[85.966284,44.631977],[85.966026,44.631916],[85.965468,44.631916],[85.964910,44.632008],[85.964524,44.632130],[85.964310,44.632558],[85.963966,44.633168],[85.963065,44.633565],[85.962421,44.633962],[85.961735,44.634634],[85.961005,44.634818],[85.960447,44.634848],[85.959932,44.634665],[85.959675,44.634390],[85.959632,44.634237],[85.960276,44.633474],[85.961005,44.633138],[85.961477,44.632894],[85.961949,44.632558],[85.962293,44.632130],[85.962722,44.631672],[85.962808,44.631214],[85.962808,44.630664],[85.962808,44.630206],[85.962850,44.629504],[85.962979,44.629107],[85.963280,44.629046],[85.963323,44.628740],[85.963108,44.628557],[85.962335,44.628557],[85.961477,44.628679],[85.961263,44.628801],[85.960791,44.629107],[85.960276,44.629381],[85.959803,44.629809],[85.959074,44.630053],[85.958473,44.630084],[85.957701,44.629748],[85.956971,44.629259],[85.956489,44.628974],[85.956585,44.628861],[85.956585,44.628617],[85.956370,44.628189],[85.956198,44.627548],[85.955555,44.627212],[85.954997,44.626907],[85.954139,44.626449],[85.953280,44.626296],[85.952250,44.626052],[85.951607,44.625654],[85.950662,44.625074],[85.950276,44.624738],[85.950104,44.624402],[85.950062,44.623944],[85.949976,44.623425],[85.949976,44.623150],[85.949933,44.622753],[85.949976,44.622417],[85.950534,44.622142],[85.951392,44.621867],[85.952422,44.621775],[85.953237,44.621775],[85.953967,44.621775],[85.955555,44.621775],[85.956413,44.621897],[85.957143,44.622233],[85.957915,44.622692],[85.958688,44.622722],[85.959374,44.622661],[85.959846,44.622478],[85.960061,44.622356],[85.960404,44.621989],[85.960576,44.621775],[85.961177,44.621287],[85.960919,44.620737],[85.960490,44.620401],[85.959760,44.620126],[85.959073,44.618904],[85.959287,44.618751],[85.959717,44.618354],[85.960317,44.618232],[85.960961,44.617987],[85.961390,44.617865],[85.961734,44.617651],[85.961819,44.617285],[85.961648,44.616552],[85.961562,44.615880],[85.960747,44.615696],[85.959802,44.615482],[85.959159,44.615299],[85.958730,44.615055],[85.958386,44.614841],[85.958129,44.614505],[85.958215,44.613955],[85.958730,44.613558],[85.958858,44.613497],[85.959545,44.613008],[85.959888,44.612702],[85.960189,44.612275],[85.960446,44.611878],[85.960446,44.611755],[85.960575,44.611511],[85.960747,44.611083],[85.960875,44.610778],[85.961004,44.610442],[85.961176,44.610014],[85.961262,44.609831],[85.961562,44.609403],[85.961862,44.609250],[85.961991,44.609067],[85.962077,44.608731],[85.962077,44.608303],[85.962077,44.607753],[85.962077,44.607386],[85.961862,44.606928],[85.961433,44.606409],[85.961047,44.606134],[85.961090,44.605920],[85.961390,44.605767],[85.961304,44.605462],[85.961090,44.605125],[85.960532,44.605125],[85.959888,44.605125],[85.959202,44.605156],[85.958815,44.605187],[85.958000,44.605339],[85.957399,44.605614],[85.956755,44.606256],[85.956326,44.606684],[85.956069,44.607142],[85.955597,44.607631],[85.954781,44.608120],[85.953794,44.608486],[85.952850,44.608456],[85.952292,44.608456],[85.951606,44.608150],[85.950318,44.607784],[85.950104,44.607448],[85.949288,44.606684],[85.949159,44.606042],[85.949159,44.605370],[85.949073,44.604604],[85.949073,44.604085],[85.949073,44.603596],[85.949073,44.603077],[85.949116,44.602832],[85.949416,44.602404],[85.949760,44.602038],[85.950704,44.601977],[85.951262,44.601977],[85.951562,44.602007],[85.951863,44.602099],[85.952292,44.602252],[85.952635,44.602618],[85.953322,44.603077],[85.954051,44.603596],[85.955124,44.603627],[85.955854,44.603290],[85.955854,44.603107],[85.955854,44.602679],[85.955639,44.602190],[85.955639,44.601946],[85.955296,44.601702],[85.954781,44.601610],[85.954180,44.601365],[85.953665,44.600846],[85.953150,44.600388],[85.953193,44.599868],[85.953193,44.599593],[85.953193,44.598951],[85.953279,44.598524],[85.953751,44.598432],[85.953665,44.598126],[85.954094,44.598126],[85.954867,44.598126],[85.955725,44.598524],[85.956326,44.598890],[85.956798,44.599196],[85.956841,44.599563],[85.956927,44.599654],[85.957013,44.599746],[85.957270,44.600174],[85.958300,44.600479],[85.958772,44.600877],[85.959330,44.601121],[85.959845,44.601213],[85.960317,44.601213],[85.960660,44.600968],[85.961218,44.600540],[85.961604,44.600327],[85.961948,44.599990],[85.961991,44.599838],[85.961991,44.599410],[85.961948,44.598951],[85.962463,44.598401],[85.962463,44.598096],[85.962463,44.597699],[85.962291,44.597393],[85.961991,44.596996],[85.961733,44.596782],[85.961218,44.596599],[85.960360,44.597026],[85.959630,44.597179],[85.958901,44.597424],[85.957485,44.597393],[85.956583,44.596996],[85.955897,44.596415],[85.955596,44.595682],[85.955639,44.595346],[85.955682,44.594796],[85.955768,44.594368],[85.955940,44.593848],[85.956068,44.593390],[85.956240,44.592870],[85.956283,44.592442],[85.956326,44.591801],[85.956927,44.591312],[85.957270,44.590975],[85.958085,44.590762],[85.959373,44.590853],[85.960274,44.590853],[85.961004,44.590823],[85.961819,44.590517],[85.962291,44.590089],[85.962420,44.589447],[85.962291,44.588714],[85.961390,44.588194],[85.960403,44.588164],[85.959201,44.588164],[85.958343,44.588164],[85.957399,44.588194],[85.956970,44.588255],[85.956111,44.588469],[85.955167,44.588683],[85.954094,44.588500],[85.953322,44.588500],[85.952676,44.588227],[85.952247,44.587830],[85.951774,44.587463],[85.951217,44.587096],[85.950744,44.586852],[85.950401,44.586393],[85.950144,44.585538],[85.949457,44.584987],[85.949071,44.584712],[85.948427,44.584529],[85.947526,44.584284],[85.947054,44.584193],[85.945895,44.583459],[85.944908,44.583001],[85.944436,44.582817],[85.943964,44.582542],[85.943621,44.582236],[85.943363,44.581931],[85.943363,44.581900],[85.942806,44.581440],[85.942076,44.581073],[85.941475,44.580920],[85.941304,44.580645],[85.941261,44.580156],[85.941089,44.579636],[85.941089,44.579086],[85.941475,44.578536],[85.941990,44.578444],[85.942462,44.578383],[85.943321,44.578383],[85.943878,44.578413],[85.945037,44.578811],[85.945981,44.579208],[85.947011,44.579911],[85.947955,44.580125],[85.948985,44.580125],[85.949758,44.580003],[85.950316,44.579606],[85.950359,44.579239],[85.950101,44.578933],[85.948942,44.578597],[85.948127,44.578475],[85.946889,44.578265],[85.946502,44.578081],[85.945773,44.577684],[85.945344,44.576981],[85.945258,44.576736],[85.945043,44.576461],[85.944829,44.576094],[85.944571,44.575727],[85.944357,44.575422],[85.944142,44.575208],[85.944013,44.574902],[85.943970,44.574688],[85.943327,44.573893],[85.942468,44.573312],[85.941953,44.573190],[85.941524,44.573007],[85.941095,44.572823],[85.940537,44.572579],[85.940322,44.572365],[85.940194,44.571998],[85.940194,44.571875],[85.940448,44.571567],[85.940835,44.571475],[85.941650,44.571323],[85.942508,44.571292],[85.943238,44.571139],[85.943581,44.570803],[85.943925,44.570405],[85.944697,44.570314],[85.945298,44.569886],[85.945512,44.569549],[85.945598,44.569121],[85.946328,44.569091],[85.946886,44.569091],[85.947143,44.569030],[85.947486,44.568877],[85.948388,44.568754],[85.948946,44.568754],[85.949461,44.568357],[85.949804,44.567837],[85.950405,44.567501],[85.951606,44.567379],[85.951993,44.567012],[85.951735,44.566492],[85.951349,44.566370],[85.950877,44.566217],[85.950920,44.565850],[85.950362,44.565269],[85.950362,44.565086],[85.950619,44.564810],[85.951006,44.564443],[85.950877,44.564291],[85.950448,44.564229],[85.950061,44.564168],[85.949203,44.564168],[85.949074,44.564138],[85.948388,44.563954],[85.947916,44.563985],[85.947658,44.563985],[85.947100,44.564015],[85.946499,44.564199],[85.946070,44.564015],[85.946070,44.563068],[85.946199,44.562487],[85.946199,44.562120],[85.946027,44.561936],[85.946285,44.561478],[85.946242,44.561080],[85.946199,44.560774],[85.946671,44.560438],[85.946886,44.560071],[85.946843,44.559765],[85.947615,44.559429],[85.947873,44.559001],[85.947830,44.558634],[85.945427,44.558450],[85.943967,44.558145],[85.943324,44.558114],[85.942508,44.558481],[85.941393,44.558878],[85.940878,44.558664],[85.940534,44.558664],[85.940534,44.558900],[85.940446,44.558878],[85.939075,44.558533],[85.932551,44.554311],[85.932465,44.553087],[85.931521,44.552904],[85.931521,44.552598],[85.931178,44.552598],[85.930577,44.551864],[85.926629,44.551558],[85.925856,44.551497],[85.926114,44.550335],[85.925599,44.549785],[85.924654,44.549295],[85.923882,44.548378],[85.923453,44.547277],[85.923367,44.546665],[85.923195,44.546053],[85.923195,44.545258],[85.922595,44.543362],[85.922595,44.542933],[85.922938,44.542566],[85.922595,44.542016],[85.923624,44.541588],[85.923539,44.541159],[85.921136,44.540425],[85.921222,44.539263],[85.920191,44.538590],[85.920191,44.538101],[85.919934,44.537795],[85.919934,44.537244],[85.919419,44.536938],[85.918732,44.535898],[85.918818,44.534797],[85.919505,44.534185],[85.919505,44.533573],[85.919848,44.531799],[85.920535,44.530148],[85.920879,44.528128],[85.920535,44.525864],[85.919760,44.524878],[85.918560,44.523356],[85.922939,44.508911],[85.916759,44.506219],[85.913669,44.509646],[85.907059,44.507438],[85.906150,44.507134],[85.903885,44.493547],[85.901224,44.491037],[85.898134,44.490792],[85.897104,44.483444],[85.895988,44.482587],[85.896589,44.481852],[85.896331,44.472788],[85.884058,44.462437],[85.884488,44.457842],[85.885604,44.456127],[85.892384,44.451961],[85.899164,44.451777],[85.901139,44.447917],[85.903027,44.446324],[85.905002,44.446262],[85.906289,44.446262],[85.907662,44.446507],[85.909121,44.447304],[85.910581,44.447610],[85.912040,44.447426],[85.912555,44.446875],[85.912297,44.446017],[85.912125,44.445159],[85.911439,44.443811],[85.912984,44.443750],[85.914958,44.443689],[85.915902,44.443137],[85.916675,44.442463],[85.916675,44.441850],[85.916160,44.441850],[85.914785,44.440747],[85.914443,44.439889],[85.913928,44.439338],[85.914529,44.438602],[85.913583,44.437439],[85.912811,44.437133],[85.911523,44.436397],[85.911351,44.435110],[85.911351,44.433946],[85.910922,44.432965],[85.908777,44.432046],[85.907918,44.431249],[85.908004,44.429839],[85.908605,44.429288],[85.908862,44.428308],[85.908433,44.427755],[85.908777,44.427142],[85.911008,44.426775],[85.912200,44.426513],[85.911694,44.420305],[85.911633,44.418637],[85.909721,44.419695],[85.907876,44.420218],[85.905558,44.420968],[85.899593,44.421137],[85.893242,44.421045],[85.893048,44.418133],[85.892834,44.415359],[85.892448,44.415251],[85.892147,44.414760],[85.891353,44.414516],[85.890881,44.414118],[85.890795,44.413872],[85.889980,44.413764],[85.889401,44.410101],[85.889208,44.408813],[85.889486,44.408384],[85.889465,44.407250],[85.889937,44.406468],[85.890109,44.406160],[85.887148,44.402681],[85.885538,44.401454],[85.887040,44.399431],[85.893949,44.397866],[85.894561,44.397292],[85.894303,44.397054],[85.895194,44.396250],[85.895430,44.395935],[85.896492,44.395360],[85.896847,44.395053],[85.897254,44.394823],[85.898648,44.392914],[85.900805,44.389891],[85.901073,44.389331],[85.900923,44.385450],[85.900869,44.383065],[85.900687,44.380871],[85.900913,44.380787],[85.901213,44.380848],[85.901813,44.381101],[85.902210,44.381339],[85.902629,44.381538],[85.903037,44.381584],[85.903412,44.381630],[85.904345,44.381937],[85.906643,44.382727],[85.909061,44.383669],[85.909091,44.382701],[85.908138,44.365723],[85.907885,44.361227],[85.907856,44.360704],[85.907322,44.354941],[85.905348,44.337542],[85.904866,44.333289],[85.904790,44.332618],[85.913792,44.328820],[85.918470,44.322706],[85.926113,44.319582],[85.932450,44.318095],[85.935470,44.317387],[85.931192,44.298281],[85.935385,44.297700],[85.943113,44.296629],[85.946737,44.311411],[85.954203,44.309632],[85.952610,44.294249],[85.955447,44.293538],[85.957940,44.290735],[85.959361,44.289277],[85.960150,44.288466],[85.960331,44.286116],[85.960014,44.285161],[85.960888,44.277256],[85.962271,44.264743],[85.962762,44.258983],[85.965474,44.258510],[85.965718,44.256035],[85.966107,44.252094],[85.966333,44.249807],[85.966426,44.249581],[85.967444,44.249332],[85.968486,44.248803],[85.970192,44.247447],[85.970843,44.246753],[85.971104,44.246047],[85.971156,44.245337],[85.971010,44.244606],[85.970666,44.243882],[85.969695,44.243548],[85.969399,44.243493],[85.969350,44.243483],[85.969341,44.243481],[85.966740,44.242992],[85.966370,44.243031],[85.966725,44.240965],[85.967410,44.240342],[85.967547,44.239817],[85.967440,44.238708],[85.968231,44.237496],[85.970034,44.235303],[85.969418,44.233682],[85.969485,44.232555],[85.970168,44.232135],[85.970747,44.231012],[85.972565,44.226674],[85.976131,44.216956],[85.976433,44.215936],[85.976695,44.214347],[85.976793,44.211509],[85.977047,44.210453],[85.978026,44.208730],[85.978466,44.207616],[85.978998,44.206879],[85.979515,44.205252],[85.979555,44.204642],[85.979210,44.203657],[85.979637,44.202837],[85.979327,44.201363],[85.978412,44.199617],[85.978434,44.198392],[85.978359,44.198110],[85.977199,44.196786],[85.977022,44.196417],[85.976956,44.195597],[85.977393,44.194783],[85.977547,44.194208],[85.977479,44.193530],[85.977024,44.193126],[85.975606,44.192347],[85.975072,44.191917],[85.974531,44.191309],[85.973856,44.190104],[85.973536,44.188800],[85.973489,44.187799],[85.973890,44.185043],[85.973960,44.183281],[85.974206,44.182871],[85.974933,44.182484],[85.975715,44.182408],[85.978984,44.182435],[85.979607,44.182321],[85.980178,44.182093],[85.980972,44.181572],[85.982042,44.180644],[85.982621,44.179935],[85.982969,44.179316],[85.983454,44.178004],[85.983792,44.175151],[85.984019,44.174391],[85.984600,44.173230],[85.985728,44.172075],[85.986214,44.171287],[85.986535,44.170282],[85.986553,44.169795],[85.986305,44.168619],[85.985581,44.167702],[85.985357,44.166921],[85.985615,44.164532],[85.986089,44.163236],[85.986049,44.162540],[85.985459,44.160070],[85.985493,44.159569],[85.985706,44.159236],[85.986762,44.158490],[85.986780,44.158364],[85.986468,44.158103],[85.985689,44.157830],[85.985709,44.157603],[85.985890,44.157330],[85.986430,44.157044],[85.987124,44.157107],[85.990362,44.156802],[85.991218,44.156421],[85.991900,44.156417],[85.992420,44.156483],[85.993416,44.156942],[85.995043,44.157230],[85.996864,44.157448],[85.998526,44.157424],[85.999532,44.156687],[86.000366,44.156508],[86.001463,44.156383],[86.002410,44.156126],[86.003826,44.156295],[86.005539,44.155087],[86.006827,44.155008],[86.008778,44.155358],[86.009906,44.155175],[86.012421,44.155066],[86.016577,44.154246],[86.018083,44.154160],[86.019259,44.154345],[86.019732,44.154693],[86.019841,44.155315],[86.019985,44.155628],[86.020266,44.155802],[86.021439,44.156190],[86.025078,44.156478],[86.026935,44.156135],[86.027913,44.156596],[86.028676,44.156763],[86.029141,44.156741],[86.030604,44.156433],[86.032281,44.156853],[86.032816,44.156836],[86.033893,44.156462],[86.035027,44.156193],[86.036455,44.156498],[86.037879,44.156171],[86.038591,44.156404],[86.039568,44.156524],[86.040442,44.156424],[86.041423,44.156660],[86.042016,44.156901],[86.042881,44.156893],[86.046134,44.156068],[86.050187,44.156303],[86.051296,44.156914],[86.052045,44.157197],[86.053257,44.157438],[86.054048,44.157445],[86.056399,44.156957],[86.058833,44.156648],[86.059751,44.156991],[86.060978,44.157649],[86.062350,44.158526],[86.063802,44.158420],[86.063900,44.158843],[86.064271,44.159372],[86.064853,44.159743],[86.065916,44.160232],[86.066673,44.160333],[86.067889,44.160298],[86.069542,44.160033],[86.070656,44.159631],[86.071360,44.158886],[86.074049,44.157353],[86.077231,44.156810],[86.078303,44.156717],[86.079622,44.156729],[86.081042,44.155840],[86.083606,44.155751],[86.085130,44.155933],[86.087734,44.155998],[86.088342,44.155801],[86.088883,44.155320],[86.089607,44.154503],[86.089939,44.153968],[86.089778,44.152714],[86.089596,44.152349],[86.088893,44.151423],[86.076788,44.143395],[86.074026,44.141361],[86.072938,44.140009],[86.072568,44.139386],[86.072581,44.138589],[86.072701,44.138100],[86.073245,44.137872],[86.073975,44.137906],[86.074827,44.138534],[86.078424,44.140603],[86.080140,44.141070],[86.081129,44.141144],[86.082057,44.140973],[86.082523,44.140748],[86.082838,44.140474],[86.082950,44.139996],[86.082221,44.138207],[86.077622,44.131812],[86.077460,44.131313],[86.077815,44.130294],[86.078490,44.129708],[86.079567,44.129430],[86.085156,44.128298],[86.094795,44.126348],[86.096184,44.125958],[86.095970,44.125664],[86.095436,44.124922],[86.094696,44.124179],[86.093956,44.123435],[86.093216,44.122681],[86.092483,44.121938],[86.091545,44.121184],[86.090605,44.120430],[86.089660,44.119819],[86.088720,44.119065],[86.087980,44.118321],[86.087049,44.117566],[86.086102,44.116956],[86.085362,44.116203],[86.084423,44.115448],[86.083690,44.114704],[86.083148,44.113962],[86.082407,44.113218],[86.081866,44.112475],[86.081331,44.111742],[86.081186,44.111021],[86.081041,44.110291],[86.080696,44.109560],[86.080353,44.108837],[86.080017,44.108106],[86.079277,44.107352],[86.078735,44.106619],[86.077994,44.105866],[86.077046,44.105254],[86.076115,44.104499],[86.075168,44.103888],[86.074228,44.103133],[86.073288,44.102378],[86.072341,44.101766],[86.071408,44.101011],[86.070453,44.100399],[86.069514,44.099788],[86.068558,44.099176],[86.067595,44.098852],[86.066640,44.098231],[86.066113,44.097893],[86.065693,44.097619],[86.064760,44.096863],[86.063797,44.096395],[86.062864,44.095640],[86.062123,44.094895],[86.061580,44.094152],[86.061045,44.093418],[86.060899,44.092688],[86.060792,44.092157],[86.060181,44.091461],[86.056584,44.087365],[86.053887,44.082511],[86.047794,44.074621],[86.042607,44.068116],[86.038036,44.062075],[86.035354,44.056768],[86.031347,44.052794],[86.026348,44.049948],[86.022027,44.046197],[86.015545,44.040119],[86.009664,44.035191],[86.003809,44.029353],[85.996969,44.024634],[85.991670,44.021318],[85.986366,44.018001],[85.981078,44.014685],[85.974545,44.010204],[85.971321,44.007185],[85.970547,44.006459],[85.967559,44.003613],[85.967407,44.003070],[85.967407,44.002320],[85.967674,44.001788],[85.968427,44.001161],[85.968840,44.000290],[85.968792,43.999612],[85.968500,43.999055],[85.967795,43.998641],[85.965487,43.998248],[85.964612,43.997738],[85.964175,43.996793],[85.963932,43.995921],[85.963568,43.995242],[85.962644,43.994489],[85.962365,43.993847],[85.962536,43.992782],[85.963021,43.991767],[85.963215,43.990896],[85.962875,43.990362],[85.962195,43.990095],[85.960738,43.989801],[85.958746,43.989602],[85.957532,43.988873],[85.956634,43.987443],[85.956634,43.986378],[85.957057,43.985423],[85.958030,43.984215],[85.958054,43.983489],[85.957738,43.982398],[85.957738,43.981043],[85.957641,43.980050],[85.955698,43.978351],[85.955383,43.977334],[85.955504,43.976366],[85.956672,43.974778],[85.957061,43.973888],[85.956886,43.972900],[85.956536,43.972086],[85.955526,43.971483],[85.954632,43.970784],[85.954399,43.969893],[85.954574,43.969157],[85.955322,43.968104],[85.955574,43.967504],[85.955419,43.967077],[85.954583,43.966572],[85.952835,43.965736],[85.951494,43.965229],[85.949766,43.964877],[85.949028,43.964624],[85.948950,43.964198],[85.949513,43.963405],[85.950484,43.962361],[85.951426,43.959739],[85.953641,43.958524],[85.955195,43.958081],[85.956011,43.957986],[85.957643,43.958552],[85.958323,43.958553],[85.959159,43.958226],[85.960072,43.957318],[85.960363,43.956389],[85.960470,43.953262],[85.961422,43.952082],[85.961850,43.951328],[85.961889,43.950554],[85.961539,43.949894],[85.959868,43.948690],[85.958915,43.947835],[85.958876,43.946712],[85.959284,43.945512],[85.959673,43.944777],[85.959751,43.943616],[85.960101,43.942958],[85.961144,43.942656],[85.962030,43.942581],[85.962668,43.942412],[85.963352,43.942011],[85.963803,43.941377],[85.964067,43.940448],[85.964253,43.939302],[85.964502,43.938822],[85.965046,43.938436],[85.966835,43.937790],[85.968949,43.937207],[85.969581,43.936935],[85.970288,43.936355],[85.970965,43.935422],[85.971120,43.934956],[85.971081,43.934272],[85.970804,43.933828],[85.970449,43.933258],[85.969707,43.932817],[85.968360,43.932658],[85.966174,43.931949],[85.965029,43.931720],[85.964080,43.931673],[85.962830,43.931767],[85.959417,43.932663],[85.957617,43.932786],[85.956272,43.932555],[85.955577,43.932368],[85.954877,43.932360],[85.954153,43.932642],[85.953216,43.933168],[85.952112,43.933480],[85.951512,43.933509],[85.949970,43.933168],[85.948950,43.933167],[85.946599,43.933164],[85.944226,43.933356],[85.940950,43.933813],[85.940225,43.933852],[85.938432,43.933617],[85.937834,43.933647],[85.935129,43.934194],[85.933851,43.934256],[85.931243,43.933972],[85.929349,43.933917],[85.925085,43.933989],[85.923856,43.934048],[85.921413,43.934374],[85.919719,43.934357],[85.919215,43.934262],[85.918689,43.934022],[85.918482,43.933841],[85.918491,43.933374],[85.919053,43.933151],[85.921080,43.932925],[85.922469,43.932397],[85.922983,43.932004],[85.923203,43.931584],[85.923305,43.931001],[85.923078,43.930550],[85.922734,43.930215],[85.922293,43.929961],[85.921718,43.929869],[85.920945,43.929909],[85.920244,43.930082],[85.918007,43.931449],[85.917432,43.931522],[85.916804,43.931327],[85.916563,43.931087],[85.916006,43.930219],[85.915675,43.929208],[85.915538,43.929033],[85.915232,43.928916],[85.914634,43.928910],[85.914133,43.929049],[85.912168,43.930068],[85.911474,43.930138],[85.910819,43.930044],[85.909939,43.929619],[85.909217,43.929014],[85.907902,43.927142],[85.907277,43.926598],[85.906565,43.926168],[85.905594,43.925753],[85.905150,43.925657],[85.904164,43.925655],[85.903132,43.926027],[85.903027,43.926350],[85.903117,43.926891],[85.903496,43.927938],[85.903441,43.928225],[85.903007,43.928437],[85.902591,43.928433],[85.901851,43.928066],[85.900436,43.926469],[85.899356,43.925668],[85.897428,43.924930],[85.896438,43.924669],[85.895749,43.924231],[85.895478,43.923864],[85.895292,43.923408],[85.895230,43.922679],[85.894937,43.921959],[85.894125,43.921188],[85.892722,43.921109],[85.891024,43.921341],[85.889333,43.921437],[85.888588,43.921223],[85.887581,43.920631],[85.886894,43.920493],[85.883888,43.920578],[85.883463,43.920153],[85.882816,43.918860],[85.882282,43.918172],[85.881399,43.917516],[85.880598,43.917046],[85.879921,43.916860],[85.878663,43.916709],[85.877923,43.916444],[85.877529,43.916105],[85.877406,43.915718],[85.877412,43.914452],[85.877250,43.913414],[85.875404,43.911133],[85.875180,43.909871],[85.875229,43.909493],[85.874948,43.909249],[85.874418,43.909049],[85.870624,43.909004],[85.868284,43.909307],[85.867788,43.909268],[85.867396,43.908977],[85.867069,43.907859],[85.866484,43.906516],[85.865978,43.905862],[85.865327,43.905396],[85.864589,43.905030],[85.863502,43.904698],[85.862862,43.904405],[85.862421,43.904077],[85.861429,43.902714],[85.860937,43.902559],[85.859520,43.902578],[85.858727,43.902463],[85.858334,43.902244],[85.857966,43.901873],[85.857704,43.901447],[85.857446,43.900765],[85.856951,43.899932],[85.855859,43.898542],[85.854789,43.898041],[85.853259,43.897560],[85.852574,43.897051],[85.852187,43.896472],[85.851944,43.895772],[85.851615,43.895244],[85.851104,43.894777],[85.850195,43.894671],[85.849739,43.894725],[85.848931,43.894946],[85.848086,43.895502],[85.847536,43.895678],[85.846937,43.895770],[85.846242,43.895719],[85.844912,43.895332],[85.844608,43.895120],[85.844271,43.894537],[85.844154,43.893763],[85.843905,43.893464],[85.843476,43.893282],[85.841632,43.893148],[85.840099,43.892701],[85.839561,43.892337],[85.839251,43.892014],[85.838659,43.891023],[85.838047,43.890318],[85.837398,43.889903],[85.836538,43.889506],[85.836098,43.889178],[85.835662,43.888635],[85.835473,43.888130],[85.835499,43.886799],[85.835956,43.886227],[85.838058,43.885366],[85.838212,43.885032],[85.838123,43.884482],[85.837823,43.883953],[85.837367,43.883563],[85.836510,43.883209],[85.835282,43.882330],[85.834868,43.882158],[85.834498,43.882077],[85.832953,43.882103],[85.831743,43.881958],[85.831228,43.881798],[85.830761,43.881508],[85.830301,43.880999],[85.829514,43.878988],[85.829221,43.878582],[85.827995,43.877647],[85.827816,43.877332],[85.827865,43.875227],[85.827502,43.874405],[85.826988,43.873813],[85.825596,43.872720],[85.825164,43.872141],[85.825300,43.870494],[85.825108,43.869874],[85.825194,43.868840],[85.825230,43.867693],[85.825142,43.867485],[85.824834,43.867034],[85.823497,43.865975],[85.822441,43.865367],[85.821335,43.864913],[85.815721,43.862814],[85.814402,43.861796],[85.813227,43.859995],[85.811875,43.859276],[85.811709,43.858608],[85.811035,43.857718],[85.809787,43.856919],[85.809255,43.856404],[85.809138,43.855821],[85.809122,43.854737],[85.808939,43.853937],[85.809156,43.853520],[85.809604,43.853102],[85.809854,43.852568],[85.809754,43.852085],[85.809271,43.851469],[85.808656,43.850987],[85.807957,43.850638],[85.807458,43.850589],[85.802641,43.851088],[85.801744,43.850990],[85.801243,43.850607],[85.800927,43.849991],[85.800812,43.849207],[85.800412,43.848958],[85.799913,43.848958],[85.799381,43.849226],[85.798299,43.850128],[85.797649,43.850279],[85.796984,43.850197],[85.795653,43.849365],[85.794986,43.849216],[85.794787,43.848949],[85.794837,43.847465],[85.794970,43.847082],[85.796035,43.846297],[85.796219,43.846013],[85.796152,43.845663],[85.795686,43.845330],[85.793997,43.844474],[85.793364,43.843841],[85.792648,43.843475],[85.791866,43.843243],[85.791184,43.843177],[85.790151,43.842778],[85.788936,43.841963],[85.788004,43.841214],[85.786905,43.840282],[85.786297,43.839590],[85.786048,43.838374],[85.785998,43.837557],[85.786147,43.836706],[85.786414,43.836056],[85.786580,43.835122],[85.786613,43.833521],[85.786006,43.832963],[85.785689,43.832347],[85.785689,43.830963],[85.785556,43.829663],[85.785306,43.828863],[85.785181,43.825820],[85.784815,43.825287],[85.784282,43.824804],[85.784116,43.824388],[85.784199,43.824004],[85.784698,43.823603],[85.785864,43.822185],[85.786047,43.821634],[85.785997,43.821151],[85.785664,43.820885],[85.784232,43.820469],[85.783741,43.820078],[85.783341,43.819663],[85.783141,43.818978],[85.782875,43.818462],[85.782559,43.818212],[85.781843,43.817963],[85.780460,43.817764],[85.778812,43.817382],[85.777829,43.816850],[85.777230,43.816267],[85.777029,43.815783],[85.777179,43.815299],[85.777747,43.814683],[85.777995,43.814166],[85.777920,43.813557],[85.777372,43.813107],[85.777038,43.812690],[85.776871,43.812174],[85.776938,43.811708],[85.777288,43.811106],[85.777371,43.810624],[85.776822,43.808739],[85.776962,43.805947],[85.776797,43.805413],[85.775448,43.804381],[85.774747,43.804182],[85.774082,43.804182],[85.773699,43.804282],[85.772349,43.804851],[85.771749,43.804934],[85.771266,43.804801],[85.770566,43.804185],[85.770067,43.803435],[85.769733,43.802751],[85.769633,43.802251],[85.769983,43.801367],[85.769958,43.800192],[85.769658,43.797958],[85.768958,43.794774],[85.768300,43.793699],[85.767850,43.791232],[85.768017,43.790598],[85.768567,43.789697],[85.769250,43.788163],[85.769899,43.787779],[85.770708,43.786903],[85.771424,43.785586],[85.771890,43.785452],[85.773306,43.784801],[85.774273,43.784116],[85.775689,43.782648],[85.775872,43.782164],[85.776005,43.781314],[85.776388,43.780730],[85.776346,43.779988],[85.776613,43.779387],[85.777029,43.778820],[85.777745,43.776986],[85.777595,43.776652],[85.776946,43.775953],[85.776846,43.775602],[85.777237,43.772826],[85.777437,43.772126],[85.778103,43.771358],[85.778470,43.770674],[85.778370,43.770107],[85.777720,43.768841],[85.777504,43.767607],[85.777895,43.766731],[85.778012,43.765998],[85.779027,43.764363],[85.779144,43.763696],[85.778961,43.763146],[85.778111,43.761863],[85.777712,43.760929],[85.777328,43.760346],[85.776920,43.760238],[85.776321,43.760238],[85.774455,43.760657],[85.774039,43.760607],[85.773506,43.760107],[85.772873,43.759141],[85.772273,43.758524],[85.771490,43.758075],[85.770540,43.757692],[85.769857,43.757242],[85.768657,43.756209],[85.765716,43.755585],[85.764717,43.755252],[85.764383,43.754836],[85.764000,43.754069],[85.763950,43.753202],[85.764082,43.752051],[85.764049,43.751251],[85.763583,43.750601],[85.762917,43.750034],[85.760391,43.748376],[85.759591,43.747676],[85.759058,43.746942],[85.758874,43.746226],[85.759000,43.745266],[85.759383,43.744532],[85.759868,43.744032],[85.761701,43.743097],[85.761851,43.742781],[85.761735,43.742531],[85.759767,43.741998],[85.757900,43.741714],[85.756883,43.741765],[85.754476,43.742256],[85.753871,43.742190],[85.753288,43.741981],[85.753017,43.741606],[85.752912,43.741043],[85.753037,43.740272],[85.753433,43.739564],[85.754361,43.738636],[85.755153,43.737677],[85.755341,43.737156],[85.755361,43.736739],[85.754820,43.736010],[85.754382,43.735614],[85.753214,43.735093],[85.752047,43.734780],[85.751609,43.734405],[85.751630,43.733905],[85.752318,43.733009],[85.753902,43.731987],[85.754444,43.731404],[85.754486,43.730924],[85.754277,43.730362],[85.753631,43.729778],[85.752861,43.729236],[85.752235,43.729132],[85.751421,43.729236],[85.750254,43.729840],[85.749118,43.730601],[85.747679,43.731393],[85.746907,43.731476],[85.744301,43.731183],[85.740630,43.731724],[85.739128,43.731827],[85.738335,43.731535],[85.737918,43.731014],[85.738001,43.730451],[85.738700,43.729649],[85.740014,43.728462],[85.740369,43.727774],[85.739931,43.727169],[85.738241,43.725793],[85.738220,43.725001],[85.738095,43.724292],[85.737427,43.723416],[85.736906,43.722499],[85.736874,43.721092],[85.736561,43.720300],[85.736144,43.719779],[85.734496,43.718860],[85.733932,43.718318],[85.733181,43.716400],[85.733057,43.715608],[85.733349,43.715170],[85.733808,43.714879],[85.735143,43.714359],[85.736478,43.713422],[85.737324,43.712370],[85.737908,43.711120],[85.737866,43.710119],[85.737532,43.708472],[85.736479,43.704584],[85.736103,43.703835],[85.736103,43.702626],[85.735790,43.702084],[85.735039,43.701332],[85.733912,43.699373],[85.733432,43.697684],[85.733401,43.695944],[85.733693,43.694548],[85.733630,43.693609],[85.733359,43.693088],[85.732900,43.692713],[85.729498,43.690521],[85.727891,43.688832],[85.727171,43.687799],[85.726503,43.685777],[85.726169,43.684234],[85.725939,43.683734],[85.725125,43.683066],[85.723559,43.682022],[85.722370,43.681395],[85.721179,43.679852],[85.719749,43.678818],[85.719728,43.677234],[85.719978,43.676067],[85.720438,43.674880],[85.721921,43.673777],[85.722673,43.673006],[85.722777,43.672506],[85.721941,43.670921],[85.721796,43.669691],[85.721377,43.668503],[85.720355,43.667105],[85.719436,43.666145],[85.718768,43.665185],[85.718705,43.664664],[85.719269,43.663018],[85.719520,43.661434],[85.720626,43.659747],[85.720730,43.658809],[85.720501,43.656141],[85.720710,43.655349],[85.721179,43.654589],[85.721973,43.653882],[85.722056,43.653319],[85.721826,43.651380],[85.721659,43.650879],[85.720929,43.650378],[85.720532,43.649752],[85.720532,43.649128],[85.720908,43.648232],[85.721033,43.647627],[85.720814,43.647033],[85.720271,43.646533],[85.718642,43.645489],[85.717911,43.644571],[85.717514,43.643715],[85.717702,43.642506],[85.717577,43.641673],[85.717723,43.640838],[85.718099,43.640173],[85.719289,43.639194],[85.719634,43.638538],[85.719571,43.637788],[85.718987,43.637120],[85.718047,43.636348],[85.716293,43.634574],[85.715040,43.634092],[85.714268,43.633612],[85.713850,43.632799],[85.713391,43.632381],[85.712555,43.631984],[85.709776,43.631646],[85.708566,43.631353],[85.707594,43.630820],[85.707114,43.630194],[85.706925,43.629526],[85.706967,43.628797],[85.706779,43.626441],[85.706550,43.626066],[85.706424,43.624127],[85.706027,43.623522],[85.702799,43.621630],[85.701943,43.621337],[85.700543,43.621335],[85.699498,43.621062],[85.698600,43.620435],[85.697994,43.619683],[85.697325,43.619370],[85.693814,43.619364],[85.691526,43.620079],[85.690355,43.620285],[85.689101,43.620429],[85.688015,43.620447],[85.686280,43.620715],[85.683939,43.620231],[85.683040,43.620376],[85.682403,43.620739],[85.681901,43.621218],[85.681420,43.622009],[85.681023,43.622467],[85.679560,43.623110],[85.678891,43.623567],[85.677679,43.624149],[85.676571,43.624834],[85.675777,43.625021],[85.675108,43.624998],[85.673875,43.624746],[85.672328,43.624138],[85.671105,43.623834],[85.664939,43.622926],[85.664793,43.622675],[85.664875,43.622300],[85.665273,43.621697],[85.665357,43.621113],[85.665127,43.620654],[85.663936,43.619297],[85.662828,43.618711],[85.659954,43.617549],[85.659097,43.616943],[85.658073,43.616066],[85.657948,43.615190],[85.657550,43.614230],[85.656694,43.613291],[85.655293,43.612058],[85.654207,43.611619],[85.653621,43.611493],[85.651009,43.612113],[85.650048,43.611966],[85.649358,43.611610],[85.648794,43.610796],[85.648387,43.609326],[85.648533,43.608638],[85.648993,43.607993],[85.648700,43.606200],[85.647906,43.604427],[85.647216,43.603821],[85.641596,43.602374],[85.640259,43.601851],[85.639455,43.600922],[85.638828,43.599879],[85.637136,43.597875],[85.636008,43.597186],[85.634839,43.596601],[85.633836,43.595891],[85.631873,43.593532],[85.631403,43.592292],[85.630421,43.591331],[85.627791,43.589848],[85.623950,43.588448],[85.622509,43.587467],[85.621632,43.586736],[85.621131,43.585903],[85.621058,43.585142],[85.622332,43.580953],[85.622353,43.580119],[85.622102,43.579390],[85.621434,43.578889],[85.620933,43.578346],[85.620474,43.577177],[85.620244,43.576949],[85.619034,43.576719],[85.617928,43.576697],[85.616738,43.576800],[85.614850,43.577372],[85.613368,43.577662],[85.612846,43.577620],[85.612200,43.577391],[85.611553,43.576870],[85.611198,43.575994],[85.610468,43.573117],[85.610322,43.571762],[85.609842,43.571199],[85.608862,43.570844],[85.607735,43.570677],[85.606484,43.570614],[85.605775,43.570385],[85.603971,43.570124],[85.602344,43.570061],[85.600822,43.570249],[85.598946,43.571187],[85.598258,43.571374],[85.594839,43.571104],[85.593797,43.570896],[85.593047,43.570250],[85.592630,43.569541],[85.592567,43.567185],[85.592244,43.565924],[85.591744,43.565341],[85.590494,43.564299],[85.588035,43.561986],[85.586889,43.560673],[85.585358,43.558267],[85.584837,43.557225],[85.584171,43.556641],[85.582338,43.555892],[85.581838,43.555413],[85.581609,43.554830],[85.581692,43.554246],[85.581900,43.553724],[85.582379,43.553224],[85.582733,43.552431],[85.582839,43.551326],[85.583150,43.550680],[85.583587,43.549804],[85.584441,43.548699],[85.584421,43.548115],[85.584025,43.547531],[85.583337,43.546802],[85.583193,43.546177],[85.583193,43.545364],[85.583025,43.545030],[85.581919,43.544225],[85.581237,43.543141],[85.580686,43.542625],[85.579704,43.540524],[85.579604,43.539975],[85.579854,43.539590],[85.580237,43.539256],[85.580737,43.538472],[85.581803,43.537787],[85.582910,43.537411],[85.584278,43.537110],[85.587611,43.536475],[85.588861,43.536390],[85.589877,43.536207],[85.590261,43.535956],[85.590378,43.535655],[85.590278,43.535305],[85.589577,43.534505],[85.589361,43.534106],[85.589477,43.533822],[85.589911,43.533504],[85.590711,43.533187],[85.592061,43.532219],[85.593295,43.531885],[85.595229,43.531801],[85.596396,43.531651],[85.596842,43.531517],[85.597201,43.531185],[85.597487,43.530785],[85.595048,43.529555],[85.594025,43.529238],[85.592875,43.529008],[85.592273,43.529003],[85.590830,43.529167],[85.588552,43.529591],[85.587148,43.529938],[85.584196,43.531051],[85.583274,43.531213],[85.581615,43.531274],[85.579946,43.531219],[85.578735,43.530962],[85.577363,43.530426],[85.576575,43.530384],[85.575274,43.530502],[85.573415,43.530528],[85.571924,43.530425],[85.567771,43.530544],[85.565411,43.530492],[85.562378,43.530614],[85.559803,43.530910],[85.557749,43.530904],[85.555978,43.531198],[85.554324,43.531641],[85.552998,43.532252],[85.548934,43.533161],[85.547117,43.533789],[85.544427,43.534022],[85.542421,43.534325],[85.541235,43.534357],[85.539876,43.534071],[85.536677,43.533664],[85.534127,43.533181],[85.533125,43.532901],[85.532138,43.532863],[85.531018,43.533086],[85.529817,43.533509],[85.528490,43.534260],[85.524051,43.535684],[85.521262,43.535847],[85.519683,43.536188],[85.518686,43.536056],[85.518076,43.535694],[85.515823,43.534807],[85.514452,43.534166],[85.513157,43.533130],[85.511467,43.532168],[85.509832,43.530827],[85.509127,43.529890],[85.508995,43.529123],[85.506898,43.526141],[85.506381,43.524797],[85.506118,43.523733],[85.505765,43.523260],[85.505322,43.523022],[85.504086,43.522636],[85.502429,43.522758],[85.499033,43.524038],[85.496882,43.524748],[85.494982,43.525174],[85.494762,43.525101],[85.493663,43.523712],[85.492447,43.522560],[85.490260,43.520917],[85.489751,43.520324],[85.489424,43.519653],[85.489412,43.519157],[85.489899,43.518430],[85.489877,43.518172],[85.488932,43.516613],[85.488624,43.515106],[85.487653,43.512530],[85.487663,43.512116],[85.487795,43.511757],[85.487998,43.511534],[85.488799,43.511056],[85.489177,43.510699],[85.489613,43.510056],[85.489811,43.509058],[85.489746,43.508625],[85.489562,43.508119],[85.488561,43.506731],[85.488378,43.506171],[85.488330,43.504144],[85.486731,43.502975],[85.485785,43.502425],[85.484695,43.502059],[85.483309,43.500696],[85.483239,43.500262],[85.483775,43.499342],[85.483809,43.499007],[85.483764,43.498692],[85.483462,43.498324],[85.482637,43.497941],[85.481644,43.497773],[85.478201,43.497298],[85.475491,43.497154],[85.474270,43.497330],[85.472271,43.498279],[85.471199,43.498337],[85.469271,43.497451],[85.466583,43.496505],[85.464164,43.496162],[85.462741,43.496128],[85.460891,43.496293],[85.459391,43.496622],[85.459018,43.496441],[85.458308,43.495595],[85.457921,43.494642],[85.457838,43.493629],[85.457663,43.492844],[85.457241,43.491983],[85.456758,43.491565],[85.455556,43.491119],[85.454553,43.490891],[85.450610,43.490771],[85.449694,43.490169],[85.448047,43.488611],[85.447232,43.487112],[85.446584,43.484706],[85.446341,43.484097],[85.446032,43.483691],[85.444592,43.482890],[85.443196,43.481825],[85.442385,43.481324],[85.439401,43.480321],[85.437025,43.479756],[85.434808,43.479048],[85.434037,43.478898],[85.430711,43.478691],[85.428506,43.478773],[85.425022,43.479599],[85.422238,43.480377],[85.420944,43.480456],[85.419833,43.480345],[85.418955,43.480118],[85.417778,43.480170],[85.415212,43.480926],[85.414776,43.480985],[85.413772,43.480531],[85.412266,43.480241],[85.409063,43.480314],[85.407546,43.480633],[85.405798,43.480767],[85.403336,43.480220],[85.401916,43.480181],[85.399287,43.480321],[85.396608,43.480785],[85.394294,43.481070],[85.390713,43.481226],[85.389869,43.481391],[85.389312,43.481713],[85.388467,43.481907],[85.387190,43.481821],[85.386126,43.481572],[85.385314,43.481058],[85.383614,43.481038],[85.381382,43.481280],[85.377070,43.482022],[85.373685,43.482360],[85.370924,43.483165],[85.369635,43.484020],[85.367918,43.484763],[85.365603,43.484862],[85.363415,43.485160],[85.360650,43.485107],[85.359444,43.484777],[85.359255,43.484504],[85.359197,43.483302],[85.358023,43.482091],[85.357684,43.481902],[85.357342,43.481835],[85.356177,43.482061],[85.355059,43.482501],[85.353996,43.482686],[85.349348,43.483030],[85.348033,43.483230],[85.345097,43.484202],[85.339893,43.484460],[85.339392,43.484566],[85.338953,43.484803],[85.337781,43.485043],[85.335506,43.485119],[85.334361,43.485307],[85.332659,43.485787],[85.330513,43.486539],[85.328765,43.486608],[85.328297,43.486711],[85.326799,43.487409],[85.325130,43.488357],[85.324592,43.488798],[85.323716,43.490002],[85.323337,43.491070],[85.323216,43.492921],[85.323537,43.493644],[85.324067,43.494125],[85.324380,43.494564],[85.324599,43.495818],[85.324534,43.496444],[85.324603,43.497074],[85.325147,43.498518],[85.325189,43.498978],[85.325072,43.500115],[85.324392,43.501457],[85.324460,43.502039],[85.324342,43.502672],[85.323988,43.503353],[85.323436,43.503801],[85.323199,43.504205],[85.323094,43.504703],[85.323156,43.505229],[85.324182,43.507009],[85.324768,43.508680],[85.325177,43.510629],[85.325917,43.512287],[85.326164,43.513275],[85.326106,43.515106],[85.326185,43.515538],[85.326857,43.516757],[85.327432,43.517549],[85.327357,43.518228],[85.327055,43.518985],[85.326722,43.519364],[85.325961,43.519951],[85.324932,43.520556],[85.323454,43.521171],[85.323096,43.521402],[85.322310,43.522879],[85.321703,43.524386],[85.321339,43.524723],[85.320644,43.525343],[85.319060,43.526443],[85.317145,43.527464],[85.316382,43.528525],[85.315222,43.529173],[85.314477,43.529173],[85.313995,43.529079],[85.311142,43.528114],[85.306077,43.526871],[85.304915,43.526759],[85.303837,43.526868],[85.303076,43.526801],[85.300536,43.524979],[85.299222,43.523764],[85.296999,43.522310],[85.296657,43.521862],[85.296697,43.520454],[85.296444,43.519471],[85.296401,43.518502],[85.297068,43.516502],[85.297854,43.515032],[85.297962,43.513818],[85.297895,43.512936],[85.297616,43.512080],[85.297617,43.511608],[85.297354,43.510358],[85.297278,43.509439],[85.297285,43.509182],[85.297652,43.508630],[85.297757,43.508280],[85.297682,43.507922],[85.296873,43.507324],[85.296420,43.507146],[85.295656,43.506442],[85.293994,43.505431],[85.293200,43.505048],[85.291978,43.504639],[85.290668,43.503566],[85.287454,43.502453],[85.286812,43.502404],[85.286407,43.502514],[85.284644,43.503255],[85.283172,43.504089],[85.281108,43.505955],[85.280858,43.506282],[85.280447,43.506567],[85.277006,43.507171],[85.274526,43.507905],[85.273779,43.508043],[85.270421,43.509213],[85.269343,43.510096],[85.268353,43.511514],[85.267953,43.511793],[85.267516,43.511906],[85.266179,43.511960],[85.262251,43.511413],[85.260446,43.511601],[85.259552,43.511838],[85.258707,43.512229],[85.257958,43.512741],[85.257015,43.512639],[85.256393,43.512737],[85.255445,43.513032],[85.253864,43.513768],[85.253235,43.514212],[85.252716,43.514964],[85.252646,43.515248],[85.252656,43.517062],[85.252311,43.517582],[85.251907,43.518452],[85.251494,43.519890],[85.251457,43.520576],[85.251281,43.520851],[85.250718,43.521044],[85.248828,43.521219],[85.245941,43.521746],[85.244958,43.521634],[85.243531,43.521273],[85.242780,43.521182],[85.241829,43.520893],[85.241402,43.520653],[85.240961,43.520220],[85.240180,43.519171],[85.238365,43.517241],[85.237245,43.515560],[85.236733,43.515130],[85.235841,43.514961],[85.235109,43.514992],[85.234449,43.515181],[85.232849,43.515942],[85.229555,43.517102],[85.228818,43.517126],[85.228368,43.517049],[85.226868,43.516528],[85.225269,43.515788],[85.223387,43.515478],[85.221528,43.514804],[85.218231,43.513806],[85.217080,43.513251],[85.215178,43.511424],[85.214532,43.510245],[85.214270,43.509512],[85.213955,43.509343],[85.213120,43.509523],[85.212010,43.510071],[85.209966,43.510775],[85.209513,43.510804],[85.207429,43.510368],[85.205640,43.510626],[85.204228,43.510626],[85.203296,43.510470],[85.202442,43.510626],[85.202197,43.510745],[85.201813,43.511266],[85.201468,43.511459],[85.201023,43.511577],[85.200036,43.511612],[85.198834,43.512066],[85.196799,43.511962],[85.195573,43.512044],[85.193096,43.512632],[85.191007,43.512524],[85.189709,43.512779],[85.189400,43.512898],[85.189097,43.513500],[85.188948,43.514976],[85.188144,43.516274],[85.187968,43.516469],[85.187694,43.516565],[85.186002,43.516343],[85.185632,43.516214],[85.185211,43.515514],[85.184594,43.515146],[85.182556,43.515167],[85.181406,43.514977],[85.179600,43.515175],[85.178721,43.515063],[85.177410,43.514599],[85.175419,43.513617],[85.174239,43.513303],[85.171297,43.512099],[85.170982,43.511835],[85.170735,43.511447],[85.170504,43.510824],[85.170338,43.510894],[85.169631,43.511825],[85.168393,43.512971],[85.167596,43.513418],[85.165608,43.514009],[85.165300,43.514181],[85.164914,43.514674],[85.164881,43.515173],[85.166118,43.517381],[85.167940,43.519416],[85.167956,43.519807],[85.167659,43.520331],[85.167470,43.520972],[85.166755,43.522150],[85.166746,43.522447],[85.166971,43.522871],[85.167023,43.523392],[85.166914,43.523639],[85.162478,43.525965],[85.161783,43.526475],[85.161007,43.527430],[85.160868,43.528086],[85.160952,43.528680],[85.160904,43.529150],[85.160830,43.529348],[85.160444,43.529738],[85.160370,43.530493],[85.160936,43.532011],[85.159486,43.532940],[85.158309,43.533589],[85.157514,43.533919],[85.157237,43.534089],[85.157164,43.534261],[85.156803,43.535659],[85.156308,43.536860],[85.156222,43.537294],[85.156353,43.538535],[85.156250,43.544819],[85.156879,43.545896],[85.157035,43.546296],[85.157061,43.546654],[85.156950,43.546866],[85.156324,43.547328],[85.155000,43.547770],[85.154039,43.547978],[85.152063,43.548280],[85.149814,43.548459],[85.149103,43.548374],[85.146944,43.547822],[85.145995,43.547709],[85.142381,43.547684],[85.138255,43.547948],[85.136981,43.547798],[85.133477,43.547819],[85.127976,43.548069],[85.120679,43.549053],[85.119471,43.549303],[85.117447,43.550121],[85.116521,43.550354],[85.115483,43.550858],[85.114333,43.551731],[85.112827,43.552512],[85.111688,43.552989],[85.111104,43.553153],[85.108814,43.553413],[85.107986,43.553746],[85.106970,43.554671],[85.105926,43.555372],[85.105470,43.555572],[85.104460,43.555397],[85.101858,43.554710],[85.098111,43.553966],[85.096220,43.553837],[85.093159,43.553312],[85.092306,43.553322],[85.091484,43.553432],[85.090865,43.553620],[85.089792,43.554097],[85.087633,43.555426],[85.086185,43.556548],[85.085529,43.556784],[85.084266,43.556812],[85.082246,43.555959],[85.081535,43.555797],[85.078071,43.555902],[85.077319,43.556012],[85.076465,43.556432],[85.075885,43.556447],[85.075289,43.556342],[85.074397,43.556475],[85.072632,43.557235],[85.070913,43.558133],[85.067602,43.560252],[85.066013,43.560792],[85.065687,43.561381],[85.065668,43.563572],[85.065373,43.564260],[85.064345,43.564873],[85.062722,43.565412],[85.061714,43.565963],[85.061086,43.566348],[85.060699,43.566712],[85.060410,43.567177],[85.060336,43.567374],[85.060394,43.567672],[85.060688,43.568098],[85.060952,43.568401],[85.062059,43.569016],[85.062122,43.569191],[85.061944,43.569386],[85.061530,43.569527],[85.060289,43.569875],[85.059647,43.569912],[85.057817,43.568382],[85.056967,43.568044],[85.055580,43.567824],[85.055466,43.567671],[85.056239,43.563944],[85.056195,43.563470],[85.055949,43.562799],[85.055265,43.561926],[85.054745,43.561507],[85.053194,43.560844],[85.051844,43.559970],[85.050196,43.558557],[85.049602,43.557885],[85.048630,43.556369],[85.048049,43.555748],[85.046903,43.554852],[85.045000,43.552675],[85.042300,43.551277],[85.040617,43.550290],[85.039218,43.549282],[85.038090,43.548357],[85.037689,43.547897],[85.037607,43.547702],[85.037617,43.547315],[85.038194,43.545617],[85.038123,43.545057],[85.037666,43.544069],[85.037554,43.542927],[85.037194,43.542146],[85.037050,43.542014],[85.036815,43.541966],[85.032852,43.541905],[85.032158,43.541810],[85.031643,43.541659],[85.031092,43.541070],[85.030633,43.539939],[85.030177,43.539265],[85.028019,43.536716],[85.027767,43.536238],[85.027636,43.535257],[85.027874,43.533452],[85.028092,43.531793],[85.027850,43.529842],[85.027139,43.528710],[85.026509,43.528009],[85.025225,43.526876],[85.022636,43.525090],[85.021635,43.524535],[85.021553,43.524296],[85.021630,43.523781],[85.021888,43.523142],[85.021836,43.522000],[85.021592,43.521771],[85.020247,43.521140],[85.019347,43.520499],[85.018490,43.519660],[85.017942,43.518909],[85.017829,43.518226],[85.017904,43.517648],[85.018229,43.517087],[85.018627,43.516786],[85.020499,43.514430],[85.020487,43.513843],[85.020358,43.513641],[85.019762,43.513247],[85.018355,43.512606],[85.017069,43.511898],[85.014644,43.510786],[85.012468,43.509373],[85.011757,43.508839],[85.010811,43.507906],[85.010678,43.506838],[85.010605,43.506712],[85.010344,43.506583],[85.004429,43.506955],[85.003678,43.506867],[85.001609,43.505851],[85.000096,43.504685],[84.996775,43.502559],[84.995735,43.501751],[84.995222,43.501157],[84.995011,43.499755],[84.994613,43.499232],[84.993257,43.498659],[84.991526,43.498142],[84.990337,43.497573],[84.989848,43.497233],[84.989614,43.496777],[84.990391,43.495291],[84.990869,43.493718],[84.990671,43.491575],[84.991329,43.490728],[84.992680,43.489727],[84.994203,43.487787],[84.994559,43.487100],[84.994527,43.486795],[84.994079,43.486517],[84.989988,43.486009],[84.988092,43.485377],[84.985416,43.484075],[84.983291,43.482883],[84.982073,43.481955],[84.981186,43.481092],[84.980572,43.480159],[84.980242,43.479870],[84.979857,43.479740],[84.976856,43.479885],[84.975519,43.480040],[84.974011,43.480340],[84.973130,43.480681],[84.970645,43.482089],[84.969869,43.482341],[84.966954,43.483794],[84.965879,43.484868],[84.965192,43.485325],[84.963663,43.486106],[84.962227,43.486705],[84.959997,43.487289],[84.959054,43.487428],[84.958294,43.487373],[84.957322,43.487229],[84.956033,43.486879],[84.954829,43.486310],[84.952325,43.484728],[84.951731,43.484500],[84.950699,43.484309],[84.950072,43.484344],[84.949282,43.484516],[84.947644,43.484895],[84.946513,43.485097],[84.945549,43.485243],[84.944412,43.485325],[84.943653,43.485340],[84.943127,43.485360],[84.942523,43.485221],[84.942025,43.485009],[84.941252,43.484680],[84.940303,43.484085],[84.939264,43.483563],[84.938368,43.483232],[84.937420,43.482929],[84.936742,43.482841],[84.936138,43.482797],[84.935884,43.482783],[84.935259,43.483056],[84.934455,43.483562],[84.934181,43.483836],[84.933629,43.484491],[84.933425,43.484844],[84.933015,43.485196],[84.932788,43.485449],[84.932352,43.485919],[84.930938,43.487378],[84.929692,43.488609],[84.929167,43.489305],[84.929072,43.489393],[84.927902,43.489957],[84.927857,43.489989],[84.927393,43.490310],[84.926963,43.490556],[84.926643,43.490711],[84.926516,43.490787],[84.925989,43.491054],[84.925186,43.491529],[84.924610,43.491909],[84.924315,43.492150],[84.923946,43.492608],[84.923583,43.493199],[84.923266,43.493879],[84.923059,43.494708],[84.923030,43.495340],[84.923095,43.495913],[84.923220,43.496508],[84.923363,43.496927],[84.923490,43.497334],[84.923798,43.498010],[84.924049,43.498546],[84.924120,43.498797],[84.924482,43.499230],[84.924762,43.499584],[84.925141,43.499919],[84.925213,43.499990],[84.914044,43.508003],[84.906036,43.514097],[84.905465,43.514747],[84.905569,43.514957],[84.905641,43.515358],[84.904803,43.516205],[84.902931,43.517615],[84.902260,43.518579],[84.901322,43.519562],[84.900608,43.520048],[84.900097,43.520540],[84.899133,43.521601],[84.898888,43.522385],[84.898965,43.522645],[84.898899,43.524797],[84.898722,43.525547],[84.898246,43.526553],[84.898092,43.527089],[84.897746,43.528735],[84.897447,43.531583],[84.897176,43.532084],[84.896401,43.532398],[84.894221,43.532858],[84.892807,43.533535],[84.891073,43.534521],[84.891021,43.534869],[84.891855,43.537081],[84.892065,43.537895],[84.892071,43.538198],[84.891888,43.538888],[84.891306,43.539889],[84.890923,43.541386],[84.890936,43.542634],[84.891049,43.543057],[84.891455,43.543758],[84.890687,43.544189],[84.890234,43.544559],[84.890144,43.544778],[84.889551,43.547971],[84.889520,43.548581],[84.889062,43.549754],[84.889022,43.550107],[84.889129,43.550253],[84.890238,43.550813],[84.891155,43.551412],[84.892344,43.552286],[84.893327,43.553804],[84.893630,43.555506],[84.893589,43.556057],[84.893431,43.556444],[84.892832,43.557237],[84.890980,43.558748],[84.890519,43.559265],[84.890185,43.559492],[84.889889,43.559927],[84.889988,43.560047],[84.891456,43.560537],[84.893710,43.561485],[84.894586,43.562049],[84.895028,43.562741],[84.895077,43.563557],[84.894949,43.564172],[84.894261,43.565900],[84.894176,43.567658],[84.894327,43.568094],[84.895333,43.569029],[84.897980,43.570085],[84.898225,43.570515],[84.898294,43.571386],[84.898479,43.571958],[84.898492,43.572563],[84.898367,43.573077],[84.897775,43.573991],[84.897484,43.575864],[84.897168,43.576285],[84.896557,43.576729],[84.895143,43.577159],[84.893402,43.577219],[84.890446,43.576824],[84.883633,43.576788],[84.883093,43.576955],[84.882212,43.577421],[84.881651,43.577535],[84.880896,43.577522],[84.880041,43.577341],[84.879394,43.577067],[84.878830,43.577444],[84.872553,43.576466],[84.863210,43.575394],[84.861609,43.574439],[84.860518,43.573907],[84.858407,43.572458],[84.857879,43.571938],[84.856301,43.571726],[84.855689,43.571782],[84.854617,43.571720],[84.852479,43.571426],[84.851292,43.571099],[84.850530,43.570779],[84.849537,43.570091],[84.847442,43.570382],[84.846182,43.570680],[84.844025,43.570840],[84.842876,43.571813],[84.842616,43.571867],[84.842192,43.571768],[84.841236,43.571853],[84.838269,43.572633],[84.837805,43.573037],[84.835265,43.574755],[84.834557,43.575401],[84.834221,43.576379],[84.834501,43.576725],[84.834924,43.578401],[84.834877,43.578578],[84.838579,43.578907],[84.839055,43.579078],[84.841647,43.579336],[84.842913,43.579627],[84.843767,43.579936],[84.845020,43.580618],[84.847262,43.581330],[84.850507,43.581700],[84.853124,43.582861],[84.853607,43.583286],[84.853879,43.583707],[84.853985,43.584047],[84.853971,43.584456],[84.853655,43.585329],[84.852977,43.586033],[84.852715,43.586500],[84.852773,43.587158],[84.852653,43.588227],[84.852295,43.589111],[84.851686,43.590172],[84.850919,43.591054],[84.849838,43.593887],[84.848465,43.595707],[84.847451,43.596801],[84.846690,43.598408],[84.844414,43.600777],[84.843847,43.601517],[84.843198,43.602597],[84.843049,43.603440],[84.843034,43.604367],[84.843232,43.605725],[84.843191,43.606780],[84.843442,43.607750],[84.843091,43.608926],[84.843073,43.609417],[84.843422,43.609823],[84.843517,43.610116],[84.843429,43.610672],[84.843519,43.612306],[84.843212,43.613233],[84.843237,43.613598],[84.843595,43.614355],[84.843545,43.615374],[84.843608,43.615611],[84.844045,43.616511],[84.844003,43.616686],[84.843611,43.617062],[84.843491,43.618184],[84.843044,43.618850],[84.843175,43.620626],[84.843344,43.621337],[84.843816,43.621911],[84.843566,43.623122],[84.843700,43.623574],[84.843197,43.624498],[84.843612,43.625084],[84.844149,43.626201],[84.843874,43.626817],[84.844024,43.627328],[84.843985,43.627726],[84.843856,43.627832],[84.844328,43.628556],[84.844848,43.630369],[84.844869,43.630772],[84.844701,43.631542],[84.844740,43.631983],[84.845504,43.634055],[84.845549,43.634877],[84.845769,43.635616],[84.845833,43.635734],[84.847154,43.636534],[84.847277,43.637590],[84.847500,43.637925],[84.847656,43.638837],[84.849006,43.640037],[84.849420,43.640908],[84.850161,43.641315],[84.851849,43.641913],[84.852128,43.642162],[84.852475,43.642737],[84.852817,43.643021],[84.854078,43.643486],[84.854653,43.643912],[84.855924,43.645439],[84.856641,43.645994],[84.857128,43.646258],[84.858949,43.646901],[84.860068,43.647424],[84.861034,43.648052],[84.861268,43.648416],[84.861701,43.649546],[84.862202,43.649960],[84.862494,43.650629],[84.863518,43.651290],[84.863977,43.652084],[84.864638,43.652177],[84.865072,43.652092],[84.865823,43.652116],[84.866693,43.652387],[84.867539,43.652413],[84.868824,43.653168],[84.870095,43.653462],[84.870286,43.653645],[84.870558,43.654326],[84.870968,43.654712],[84.870988,43.655030],[84.870798,43.655611],[84.870865,43.655839],[84.871349,43.656245],[84.872035,43.657271],[84.872665,43.657753],[84.872671,43.658305],[84.872882,43.658689],[84.873850,43.659212],[84.874413,43.660086],[84.875187,43.660603],[84.875797,43.661549],[84.876811,43.662287],[84.877910,43.663421],[84.878143,43.663821],[84.878169,43.664551],[84.879373,43.665617],[84.879519,43.665901],[84.879572,43.666735],[84.880398,43.667279],[84.880575,43.667858],[84.880942,43.668394],[84.881036,43.669017],[84.881359,43.669275],[84.881418,43.669586],[84.881723,43.669922],[84.881787,43.670312],[84.882244,43.670844],[84.882281,43.671479],[84.882796,43.672017],[84.882937,43.672346],[84.882807,43.673301],[84.883121,43.673950],[84.883939,43.674985],[84.886139,43.677201],[84.886883,43.677630],[84.888387,43.679164],[84.889557,43.680552],[84.889778,43.680946],[84.890002,43.682411],[84.889865,43.684225],[84.890004,43.684934],[84.889930,43.685401],[84.889972,43.685555],[84.890452,43.685892],[84.890524,43.686082],[84.890375,43.687013],[84.890936,43.688035],[84.891079,43.688825],[84.891538,43.689777],[84.891579,43.689987],[84.891415,43.691088],[84.891509,43.691595],[84.891668,43.691946],[84.892226,43.692598],[84.892885,43.693645],[84.892734,43.696074],[84.892909,43.696852],[84.893021,43.699665],[84.893133,43.700023],[84.893443,43.700531],[84.893914,43.701121],[84.894031,43.701430],[84.894066,43.702249],[84.894146,43.702407],[84.895122,43.703365],[84.895086,43.703912],[84.895194,43.704206],[84.896536,43.706404],[84.896625,43.706693],[84.896659,43.707105],[84.896372,43.708273],[84.896356,43.708703],[84.896815,43.709888],[84.896472,43.711080],[84.896454,43.711583],[84.896592,43.711910],[84.897019,43.712457],[84.898512,43.713503],[84.898721,43.713859],[84.898816,43.714286],[84.898875,43.715128],[84.898749,43.715867],[84.898019,43.717455],[84.897987,43.717848],[84.898166,43.719256],[84.898131,43.720667],[84.897856,43.721662],[84.897879,43.721899],[84.898450,43.722593],[84.899971,43.723561],[84.900135,43.724605],[84.900774,43.725694],[84.900901,43.726308],[84.901149,43.726880],[84.901472,43.727447],[84.901907,43.727968],[84.902150,43.728601],[84.902900,43.729600],[84.903946,43.731544],[84.904323,43.732546],[84.904585,43.732955],[84.905736,43.734200],[84.905791,43.734469],[84.906160,43.735162],[84.906236,43.735523],[84.907174,43.737251],[84.908451,43.739074],[84.909653,43.740493],[84.909784,43.740856],[84.909854,43.741582],[84.910225,43.742506],[84.911465,43.743433],[84.913991,43.744696],[84.914178,43.744844],[84.914561,43.745541],[84.914996,43.745777],[84.916427,43.746309],[84.918309,43.746600],[84.920380,43.746833],[84.921639,43.746683],[84.922724,43.746736],[84.923692,43.747220],[84.923994,43.747802],[84.924956,43.748453],[84.925480,43.748992],[84.925736,43.749902],[84.925704,43.750502],[84.925471,43.751300],[84.924481,43.753457],[84.924315,43.754045],[84.924391,43.754401],[84.924844,43.755030],[84.925017,43.755593],[84.925063,43.756111],[84.924946,43.756751],[84.925198,43.757453],[84.925342,43.758409],[84.925340,43.758784],[84.925148,43.759230],[84.925280,43.759882],[84.925258,43.760202],[84.924645,43.761271],[84.924685,43.762990],[84.925110,43.764488],[84.926130,43.766377],[84.926153,43.766986],[84.925558,43.768245],[84.925527,43.768986],[84.925680,43.770101],[84.925337,43.770984],[84.925252,43.771983],[84.924830,43.772658],[84.923203,43.774132],[84.923015,43.774447],[84.922996,43.774680],[84.923054,43.774921],[84.923395,43.775312],[84.923465,43.775518],[84.923460,43.777180],[84.923546,43.777613],[84.923437,43.778568],[84.923035,43.779315],[84.923052,43.779442],[84.923217,43.779810],[84.923862,43.780703],[84.923881,43.782058],[84.924712,43.783359],[84.924723,43.783671],[84.924562,43.783844],[84.924437,43.784266],[84.924484,43.784804],[84.924666,43.785329],[84.924860,43.786429],[84.924686,43.786650],[84.924586,43.786977],[84.924312,43.787228],[84.923272,43.787496],[84.922899,43.787713],[84.922444,43.788330],[84.922005,43.789515],[84.921185,43.790444],[84.921053,43.791058],[84.921219,43.792023],[84.921382,43.792472],[84.921307,43.793190],[84.921140,43.793343],[84.921096,43.793546],[84.921168,43.794375],[84.920477,43.795245],[84.920389,43.795499],[84.920457,43.796454],[84.920782,43.797261],[84.920970,43.797597],[84.923075,43.799583],[84.923340,43.799916],[84.923591,43.800690],[84.925321,43.802565],[84.925398,43.802875],[84.925355,43.803835],[84.925581,43.804657],[84.925891,43.804959],[84.926391,43.805257],[84.926777,43.805657],[84.927626,43.807051],[84.927712,43.807789],[84.927929,43.808226],[84.929092,43.809210],[84.929765,43.809959],[84.929913,43.810819],[84.930131,43.811240],[84.931076,43.811823],[84.931024,43.812351],[84.931086,43.812472],[84.932527,43.813137],[84.933733,43.813889],[84.935622,43.815704],[84.935887,43.816069],[84.936914,43.816554],[84.937781,43.817124],[84.938609,43.817901],[84.938713,43.818098],[84.938662,43.818531],[84.938419,43.819104],[84.938590,43.819692],[84.940029,43.820591],[84.942366,43.822236],[84.944264,43.823967],[84.945734,43.825048],[84.946663,43.825570],[84.947539,43.826199],[84.947777,43.826527],[84.948477,43.828355],[84.948817,43.828753],[84.949968,43.829568],[84.950841,43.829925],[84.951395,43.830285],[84.951621,43.830776],[84.951618,43.831345],[84.951902,43.832346],[84.952027,43.834211],[84.952384,43.835227],[84.953096,43.836285],[84.953510,43.837301],[84.954693,43.838960],[84.954913,43.840027],[84.955054,43.840282],[84.955584,43.840832],[84.956124,43.841095],[84.958575,43.840929],[84.959521,43.840984],[84.961207,43.841305],[84.961940,43.841788],[84.962060,43.842654],[84.961704,43.844302],[84.961660,43.845115],[84.961236,43.845391],[84.959909,43.845837],[84.959604,43.846312],[84.959299,43.847315],[84.959419,43.848676],[84.960055,43.849853],[84.960042,43.850183],[84.958557,43.851382],[84.957416,43.852555],[84.956461,43.853385],[84.954664,43.854788],[84.952291,43.855549],[84.950660,43.856364],[84.948824,43.856473],[84.948306,43.856605],[84.947684,43.857065],[84.947047,43.857778],[84.945802,43.859743],[84.945377,43.860165],[84.944092,43.860810],[84.943720,43.861126],[84.943309,43.861866],[84.943204,43.862222],[84.942846,43.862551],[84.942394,43.864017],[84.941758,43.864717],[84.940380,43.865559],[84.939943,43.865888],[84.939692,43.866205],[84.939294,43.867565],[84.938500,43.868515],[84.937811,43.869782],[84.936710,43.870599],[84.936339,43.871021],[84.935863,43.872474],[84.935518,43.873966],[84.935439,43.874798],[84.935518,43.875921],[84.935849,43.876661],[84.936459,43.877481],[84.936591,43.877904],[84.936538,43.878802],[84.936631,43.879304],[84.937134,43.879860],[84.938035,43.880495],[84.938274,43.880839],[84.938287,43.881301],[84.938088,43.881710],[84.937267,43.882554],[84.936790,43.883254],[84.936697,43.883676],[84.936883,43.884165],[84.938062,43.885554],[84.938088,43.885937],[84.937930,43.886307],[84.937386,43.886900],[84.937188,43.887283],[84.937174,43.887627],[84.939997,43.888925],[84.940368,43.889296],[84.940977,43.890591],[84.941017,43.891265],[84.941163,43.891767],[84.941401,43.891979],[84.941865,43.892046],[84.942925,43.891942],[84.943535,43.891983],[84.944065,43.892169],[84.946305,43.893361],[84.947352,43.893614],[84.948890,43.893749],[84.949871,43.894002],[84.951064,43.894441],[84.952695,43.895395],[84.953716,43.895661],[84.955215,43.895902],[84.955878,43.896141],[84.956978,43.897082],[84.957575,43.897387],[84.958570,43.897653],[84.959923,43.898158],[84.960440,43.898516],[84.960745,43.899098],[84.960785,43.899957],[84.960652,43.901000],[84.959777,43.902279],[84.959658,43.902741],[84.959764,43.903111],[84.960202,43.903720],[84.960334,43.904130],[84.960440,43.904936],[84.960759,43.906007],[84.960772,43.906839],[84.960971,43.908213],[84.960825,43.908715],[84.960241,43.909479],[84.960228,43.909823],[84.960692,43.911079],[84.961959,43.911907],[84.962291,43.912225],[84.962371,43.912608],[84.962172,43.913242],[84.961376,43.914759],[84.961455,43.915050],[84.962702,43.915674],[84.962888,43.915859],[84.962834,43.916136],[84.962450,43.916413],[84.962039,43.916874],[84.961986,43.917112],[84.962450,43.917839],[84.962517,43.918183],[84.962397,43.918539],[84.962065,43.919014],[84.961986,43.919357],[84.962065,43.919648],[84.962570,43.920072],[84.963856,43.920841],[84.965196,43.922245],[84.965661,43.923144],[84.965740,43.924016],[84.965595,43.924874],[84.965209,43.925639],[84.963525,43.927616],[84.963306,43.928138],[84.963293,43.929776],[84.963134,43.930197],[84.962709,43.930474],[84.961899,43.930697],[84.961436,43.931051],[84.960665,43.931434],[84.957403,43.932113],[84.956846,43.932428],[84.956408,43.932929],[84.956348,43.933451],[84.956468,43.934310],[84.956481,43.935300],[84.956362,43.935974],[84.956096,43.936449],[84.955460,43.937332],[84.950706,43.942850],[84.948081,43.944839],[84.947737,43.945446],[84.946809,43.946462],[84.946385,43.947108],[84.945947,43.948785],[84.945112,43.950580],[84.945112,43.950936],[84.945430,43.951756],[84.945324,43.953341],[84.945126,43.954199],[84.945139,43.955005],[84.945232,43.955375],[84.946107,43.956776],[84.946186,43.958058],[84.946107,43.959564],[84.945895,43.960593],[84.945934,43.961558],[84.946173,43.962998],[84.946067,43.963698],[84.945749,43.964688],[84.945789,43.965203],[84.946325,43.966611],[84.945901,43.968750],[84.945477,43.970268],[84.945252,43.972949],[84.945132,43.973517],[84.945278,43.974257],[84.944906,43.976700],[84.945451,43.977982],[84.945503,43.979026],[84.945675,43.979409],[84.946590,43.980124],[84.946895,43.980943],[84.947466,43.981816],[84.948704,43.983278],[84.948943,43.983781],[84.949130,43.984613],[84.949447,43.985221],[84.950136,43.985989],[84.951847,43.986943],[84.953391,43.989291],[84.955513,43.991383],[84.955858,43.991951],[84.957244,43.993335],[84.957483,43.993930],[84.957880,43.995899],[84.958278,43.996798],[84.958371,43.997432],[84.958060,43.998692],[84.958347,44.000572],[84.958571,44.001213],[84.959061,44.002078],[84.959940,44.004081],[84.959986,44.006367],[84.960392,44.006941],[84.963830,44.010060],[84.965691,44.013901],[84.969750,44.018022],[84.974638,44.024129],[84.979103,44.029104],[84.984728,44.031926],[84.986522,44.032052],[84.988713,44.031891],[84.990714,44.032597],[84.992553,44.035009],[84.999397,44.038819],[85.001190,44.039233],[85.006762,44.039050],[85.010165,44.040028],[85.013997,44.042435],[85.016648,44.045700],[85.020487,44.048530],[85.021883,44.048666],[85.022473,44.048372],[85.023867,44.048220],[85.025476,44.049062],[85.025889,44.049915],[85.028104,44.051192],[85.031491,44.051160],[85.034095,44.052282],[85.036293,44.052694],[85.039510,44.054242],[85.042542,44.056648],[85.042757,44.057363],[85.041194,44.059230],[85.040812,44.059951],[85.040850,44.061814],[85.041470,44.063094],[85.041509,44.064668],[85.043124,44.065941],[85.045322,44.066353],[85.046325,44.066912],[85.046746,44.067909],[85.047948,44.068616],[85.051148,44.069298],[85.051960,44.070150],[85.052182,44.071152],[85.056391,44.072977],[85.063851,44.077767],[85.067653,44.079015],[85.070245,44.079279],[85.072057,44.080409],[85.072463,44.080974],[85.078685,44.083919],[85.079686,44.084188],[85.089145,44.090389],[85.094010,44.095338],[85.095468,44.096501],[85.095611,44.097052],[85.095685,44.097932],[85.095638,44.099773],[85.095499,44.100892],[85.095511,44.101975],[85.095923,44.106301],[85.096191,44.107783],[85.096270,44.108935],[85.096569,44.110116],[85.096698,44.112056],[85.096588,44.116567],[85.095940,44.123395],[85.095884,44.125137],[85.095357,44.128089],[85.094830,44.132503],[85.094015,44.136052],[85.092759,44.139984],[85.092445,44.142306],[85.092366,44.144361],[85.091799,44.147880],[85.092762,44.148959],[85.092835,44.149277],[85.092709,44.149556],[85.092357,44.149920],[85.092099,44.151295],[85.092127,44.151741],[85.092340,44.152178],[85.092393,44.152658],[85.092210,44.153021],[85.091147,44.154156],[85.091319,44.154795],[85.091080,44.156220],[85.090828,44.156991],[85.090313,44.157852],[85.090373,44.158763],[85.090578,44.159037],[85.090913,44.159276],[85.090967,44.159717],[85.090762,44.160113],[85.089092,44.161335],[85.088674,44.161971],[85.087842,44.163884],[85.087852,44.164234],[85.088054,44.164702],[85.088483,44.165091],[85.089041,44.166972],[85.089126,44.167775],[85.089078,44.168442],[85.088728,44.168993],[85.088577,44.169430],[85.088558,44.169761],[85.088653,44.169991],[85.088599,44.170211],[85.087581,44.171915],[85.087625,44.173708],[85.087745,44.173853],[85.087705,44.175065],[85.087848,44.176192],[85.088648,44.177808],[85.089104,44.178394],[85.089545,44.179416],[85.089874,44.179722],[85.090054,44.180091],[85.090070,44.180403],[85.091141,44.181943],[85.091348,44.182563],[85.091359,44.182871],[85.091495,44.183165],[85.091792,44.183497],[85.092105,44.184275],[85.092235,44.185551],[85.092522,44.186080],[85.092380,44.186826],[85.092453,44.187201],[85.092834,44.187805],[85.092998,44.188343],[85.093052,44.189445],[85.093195,44.189934],[85.094219,44.191400],[85.094217,44.191796],[85.093911,44.192138],[85.093877,44.192321],[85.093765,44.193868],[85.093425,44.194603],[85.093643,44.195519],[85.093536,44.197257],[85.093577,44.197574],[85.093792,44.197940],[85.094514,44.198571],[85.094772,44.198985],[85.094595,44.199691],[85.094739,44.200660],[85.094523,44.201210],[85.094112,44.201732],[85.094069,44.202008],[85.094100,44.202365],[85.094372,44.202689],[85.094488,44.203739],[85.094679,44.204050],[85.094945,44.207089],[85.095305,44.207461],[85.095148,44.207809],[85.095162,44.208012],[85.095534,44.208842],[85.095547,44.209100],[85.095440,44.209246],[85.095051,44.209353],[85.095116,44.209859],[85.094853,44.210318],[85.095024,44.210589],[85.095031,44.210767],[85.094565,44.211801],[85.094365,44.212831],[85.094405,44.213336],[85.094702,44.213928],[85.094905,44.214946],[85.095175,44.215448],[85.095119,44.216139],[85.095347,44.216361],[85.095479,44.216892],[85.095352,44.218329],[85.095546,44.218643],[85.095522,44.219374],[85.095618,44.219588],[85.096370,44.220446],[85.096461,44.220829],[85.097575,44.222117],[85.097801,44.222788],[85.098532,44.224305],[85.098894,44.224709],[85.099175,44.225320],[85.099338,44.225473],[85.099324,44.225749],[85.099898,44.226211],[85.099779,44.226725],[85.100192,44.227276],[85.100144,44.227688],[85.099811,44.228051],[85.099850,44.228239],[85.100691,44.228945],[85.100716,44.229237],[85.100458,44.229544],[85.100248,44.230099],[85.100655,44.230856],[85.100662,44.231327],[85.100361,44.231924],[85.100645,44.233580],[85.100365,44.234568],[85.100375,44.234925],[85.100641,44.235434],[85.100900,44.236935],[85.100883,44.237725],[85.101184,44.239292],[85.101324,44.240659],[85.102024,44.241777],[85.101664,44.243106],[85.102185,44.243831],[85.101989,44.244183],[85.102050,44.244412],[85.103039,44.245333],[85.103222,44.246042],[85.103892,44.246647],[85.104173,44.247061],[85.104652,44.248685],[85.104484,44.249392],[85.105287,44.249778],[85.105402,44.249915],[85.105376,44.250178],[85.105034,44.250579],[85.104934,44.250892],[85.105376,44.251578],[85.106049,44.253550],[85.106386,44.254899],[85.106480,44.255725],[85.106614,44.256120],[85.106616,44.256277],[85.106660,44.259908],[85.106703,44.263531],[85.106721,44.263730],[85.106989,44.267352],[85.107251,44.270974],[85.107510,44.274601],[85.107780,44.278223],[85.107597,44.279481],[85.107431,44.280690],[85.107536,44.280880],[85.107590,44.282676],[85.107807,44.283372],[85.109164,44.284445],[85.109647,44.284647],[85.110066,44.285019],[85.111278,44.285672],[85.111779,44.286609],[85.111797,44.286846],[85.112135,44.287257],[85.112238,44.288292],[85.112451,44.288606],[85.112487,44.289363],[85.112256,44.290536],[85.112421,44.291680],[85.112680,44.292139],[85.112760,44.292838],[85.112391,44.293681],[85.112383,44.293932],[85.112552,44.294381],[85.112497,44.294651],[85.112037,44.295218],[85.111985,44.295800],[85.112084,44.296968],[85.112018,44.297570],[85.112088,44.297928],[85.112282,44.298137],[85.112031,44.298880],[85.112051,44.299058],[85.112309,44.299422],[85.112320,44.299754],[85.111960,44.300431],[85.111953,44.300643],[85.112270,44.301315],[85.112390,44.302498],[85.111985,44.303115],[85.111626,44.304444],[85.111321,44.304863],[85.110608,44.305479],[85.110338,44.306538],[85.110330,44.307052],[85.109790,44.308386],[85.109658,44.309555],[85.110381,44.309715],[85.110816,44.309952],[85.111571,44.310528],[85.111795,44.311163],[85.111818,44.311902],[85.112016,44.312436],[85.112487,44.314565],[85.112499,44.316352],[85.113248,44.317866],[85.113546,44.319254],[85.113423,44.320546],[85.113427,44.321816],[85.113468,44.322071],[85.113778,44.322547],[85.113702,44.323477],[85.113913,44.325047],[85.113684,44.326015],[85.113241,44.327311],[85.113210,44.327699],[85.113295,44.327989],[85.113994,44.328650],[85.114226,44.329628],[85.114830,44.330551],[85.114815,44.330973],[85.114993,44.331606],[85.115114,44.332756],[85.114960,44.333526],[85.115222,44.334115],[85.115221,44.334766],[85.114760,44.336329],[85.114396,44.340056],[85.113921,44.343148],[85.113340,44.343750],[85.124855,44.340133],[85.133719,44.337536],[85.161171,44.329269],[85.161580,44.329186],[85.161927,44.329041],[85.168845,44.326956],[85.171304,44.326131],[85.173998,44.325387],[85.175152,44.325239],[85.175831,44.325230],[85.176984,44.325227],[85.177627,44.325206],[85.178418,44.325195],[85.179745,44.325241],[85.179814,44.325269],[85.179864,44.325273],[85.180065,44.325595],[85.180732,44.327346],[85.180765,44.329619],[85.181379,44.331157],[85.181906,44.332115],[85.181692,44.333686],[85.182130,44.334909],[85.181549,44.336313],[85.181829,44.337965],[85.181903,44.338282],[85.182212,44.339575],[85.181755,44.341691],[85.182204,44.343227],[85.181949,44.346135],[85.183462,44.350597],[85.184568,44.355643],[85.185115,44.358844],[85.185835,44.362121],[85.185742,44.363090],[85.186298,44.364815],[85.187019,44.367935],[85.187342,44.371519],[85.187592,44.372151],[85.188857,44.379185],[85.189222,44.380614],[85.189977,44.383573],[85.190139,44.385707],[85.191176,44.389292],[85.191023,44.390079],[85.191650,44.393530],[85.192440,44.395919],[85.192320,44.397562],[85.193748,44.401788],[85.194039,44.404711],[85.195096,44.407433],[85.196140,44.413111],[85.197590,44.419459],[85.197933,44.420399],[85.197807,44.422292],[85.198288,44.424572],[85.198328,44.425658],[85.198358,44.426483],[85.198590,44.427566],[85.198671,44.428752],[85.199210,44.431363],[85.199449,44.432945],[85.199675,44.434439],[85.200814,44.435767],[85.203656,44.438263],[85.204135,44.439963],[85.204464,44.442677],[85.205108,44.444739],[85.205945,44.446855],[85.206082,44.447547],[85.205925,44.449979],[85.207125,44.451379],[85.207829,44.453394],[85.208213,44.455049],[85.208728,44.455799],[85.209205,44.459861],[85.210161,44.461303],[85.210747,44.461576],[85.210575,44.463801],[85.210262,44.465253],[85.210343,44.465967],[85.210492,44.466519],[85.210850,44.467029],[85.211121,44.469008],[85.211369,44.469680],[85.211846,44.470355],[85.212429,44.472079],[85.212495,44.472830],[85.212357,44.473304],[85.212391,44.474210],[85.212541,44.474717],[85.212666,44.476056],[85.213200,44.478118],[85.212901,44.479214],[85.214039,44.479312],[85.215244,44.479545],[85.222711,44.480200],[85.228603,44.479298],[85.230229,44.479203],[85.236035,44.478605],[85.241914,44.478716],[85.250275,44.477610],[85.254648,44.476697],[85.254885,44.478553],[85.253328,44.480283],[85.253335,44.480572],[85.254152,44.481277],[85.254205,44.483563],[85.253633,44.484858],[85.255526,44.488845],[85.255762,44.490559],[85.254992,44.491707],[85.251641,44.493608],[85.246468,44.494393],[85.245491,44.495403],[85.243377,44.499150],[85.243005,44.500161],[85.243057,44.502447],[85.242477,44.503311],[85.240532,44.505486],[85.239968,44.507061],[85.239625,44.509646],[85.240037,44.510210],[85.240067,44.511353],[85.235728,44.513844],[85.235949,44.514702],[85.238389,44.516672],[85.238610,44.517521],[85.237215,44.517689],[85.236208,44.517413],[85.234424,44.517720],[85.233868,44.519592],[85.233974,44.524308],[85.234828,44.526731],[85.234851,44.527874],[85.234066,44.528457],[85.233745,44.531754],[85.233151,44.532186],[85.231565,44.532495],[85.230201,44.533941],[85.229454,44.536243],[85.229492,44.538097],[85.230117,44.539239],[85.229201,44.542681],[85.229438,44.544250],[85.230041,44.544671],[85.230269,44.545674],[85.228912,44.547696],[85.229342,44.549180],[85.229781,44.550687],[85.230390,44.551109],[85.232189,44.551226],[85.232418,44.552651],[85.231634,44.553234],[85.231442,44.553671],[85.233073,44.554937],[85.233875,44.555066],[85.234484,44.555490],[85.234934,44.557628],[85.234156,44.558498],[85.234789,44.560208],[85.235414,44.561198],[85.234240,44.562215],[85.233691,44.564654],[85.233928,44.566079],[85.236566,44.567765],[85.236779,44.568623],[85.236391,44.569058],[85.235407,44.569637],[85.235818,44.570345],[85.236833,44.570909],[85.237275,44.572472],[85.239509,44.574161],[85.238762,44.576606],[85.238800,44.578325],[85.239607,44.579297],[85.239256,44.581451],[85.239881,44.582297],[85.239737,44.584877],[85.240972,44.586434],[85.240819,44.588294],[85.241430,44.589005],[85.241072,44.590872],[85.240492,44.591448],[85.240508,44.592168],[85.241117,44.592591],[85.241139,44.593878],[85.239973,44.595174],[85.238655,44.598771],[85.235004,44.601181],[85.235100,44.601465],[85.235075,44.601972],[85.234797,44.602215],[85.234408,44.602403],[85.233566,44.602471],[85.232949,44.602624],[85.232327,44.602997],[85.231613,44.602631],[85.231019,44.603619],[85.230112,44.604224],[85.229934,44.605040],[85.229658,44.605333],[85.229724,44.605663],[85.229517,44.606235],[85.228969,44.606664],[85.228523,44.607449],[85.226963,44.608519],[85.226258,44.609139],[85.226242,44.609602],[85.226498,44.609988],[85.226835,44.610236],[85.226828,44.610429],[85.225847,44.612106],[85.225063,44.612737],[85.223000,44.613214],[85.222776,44.613419],[85.222687,44.613914],[85.222846,44.614674],[85.223158,44.615253],[85.223146,44.615645],[85.222926,44.615900],[85.222658,44.616113],[85.222198,44.616262],[85.220314,44.616778],[85.220525,44.616998],[85.220518,44.617215],[85.219411,44.617215],[85.219077,44.617490],[85.218529,44.617652],[85.218347,44.617929],[85.218015,44.618157],[85.217320,44.618132],[85.217144,44.618222],[85.216790,44.619327],[85.216500,44.620508],[85.216888,44.621122],[85.216986,44.622323],[85.216915,44.623387],[85.214819,44.623971],[85.213883,44.624739],[85.212863,44.624882],[85.212453,44.624925],[85.212097,44.625650],[85.212141,44.626430],[85.211290,44.627041],[85.210327,44.627227],[85.210228,44.627497],[85.210129,44.627759],[85.210334,44.628050],[85.210384,44.628604],[85.209775,44.628931],[85.209364,44.629371],[85.208789,44.629787],[85.208486,44.630181],[85.208060,44.630537],[85.208046,44.630948],[85.207863,44.631318],[85.207847,44.631928],[85.207649,44.632538],[85.206615,44.632994],[85.205892,44.633577],[85.204858,44.634047],[85.204094,44.634573],[85.203805,44.634945],[85.203017,44.636107],[85.200738,44.636182],[85.198712,44.635504],[85.186756,44.635918],[85.179893,44.634708],[85.163080,44.631525],[85.160811,44.630891],[85.150190,44.629718],[85.141647,44.629405],[85.131447,44.628820],[85.119820,44.628072],[85.118269,44.627823],[85.116080,44.627825],[85.112368,44.627467],[85.103316,44.627693],[85.099190,44.627796],[85.093608,44.627935],[85.081814,44.627963],[85.078864,44.627371],[85.068360,44.626379],[85.065200,44.625716],[85.055088,44.624382],[85.046780,44.623117],[85.018256,44.619649],[85.019509,44.632371],[85.021783,44.650311],[85.022113,44.653035],[85.023643,44.665647],[85.023623,44.666221],[85.023852,44.668079],[85.024220,44.670030],[85.024406,44.674495],[85.024615,44.675593],[85.024834,44.678200],[85.024998,44.678793],[85.025254,44.681588],[85.025102,44.682601],[85.025452,44.685603],[85.025342,44.686690],[85.026042,44.688199],[85.026816,44.689256],[85.027517,44.690473],[85.028989,44.691688],[85.030225,44.692450],[85.033308,44.693531],[85.037886,44.694735],[85.039937,44.695185],[85.041838,44.695915],[85.043487,44.696058],[85.045317,44.696576],[85.052880,44.698130],[85.052348,44.701721],[85.050423,44.712878],[85.050493,44.713131],[85.050676,44.713225],[85.051897,44.713341],[85.052025,44.714299],[85.052654,44.716137],[85.053116,44.717064],[85.054008,44.718185],[85.054130,44.718957],[85.054792,44.723165],[85.054406,44.723351],[85.053518,44.724483],[85.053245,44.726642],[85.050844,44.732733],[85.049385,44.736003],[85.047629,44.739195],[85.046596,44.740205],[85.041371,44.742551],[85.038746,44.743350],[85.035508,44.744528],[85.031624,44.745585],[85.026679,44.748397],[85.023985,44.749693],[85.021954,44.750606],[85.019371,44.751548],[85.015326,44.752852],[85.012936,44.754010],[85.010856,44.754854],[85.010403,44.755283],[85.018808,44.757822],[85.026635,44.760479],[85.030590,44.761620],[85.037218,44.763799],[85.037578,44.764140],[85.044666,44.768493],[85.046778,44.769790],[85.047406,44.770204],[85.047462,44.770456],[85.047130,44.772961],[85.046793,44.778013],[85.046436,44.783362],[85.045999,44.787391],[85.045993,44.788962],[85.045888,44.790155],[85.045709,44.790904],[85.045593,44.791031],[85.045308,44.791105],[85.043430,44.791420],[85.042722,44.791619],[85.042320,44.791987],[85.040997,44.793641],[85.040200,44.794198],[85.038823,44.794882],[85.036606,44.796309],[85.035627,44.796666],[85.034891,44.796827],[85.034321,44.797137],[85.033552,44.797720],[85.031953,44.799343],[85.031055,44.801804],[85.030205,44.802882],[85.029226,44.803756],[85.026490,44.806690],[85.025988,44.807716],[85.024218,44.810535],[85.023682,44.811222],[85.022984,44.812466],[85.022501,44.813840],[85.022072,44.814475],[85.021555,44.815956],[85.020815,44.818792],[85.020669,44.820306],[85.019950,44.822665],[85.019627,44.826579],[85.019797,44.831581],[85.020152,44.834827],[85.020519,44.836126],[85.020494,44.837199],[85.020607,44.838551],[85.026359,44.845931],[85.029880,44.850269],[85.032055,44.859636],[85.031793,44.860567],[85.031645,44.862136],[85.030300,44.870911],[85.028567,44.880982],[85.027668,44.884617],[85.027148,44.886207],[85.027135,44.886595],[85.027639,44.887889],[85.028984,44.890515],[85.029335,44.891638],[85.030204,44.893678],[85.030616,44.895258],[85.031359,44.896840],[85.032748,44.900542],[85.033225,44.901662],[85.033645,44.902649],[85.034211,44.904407],[85.034510,44.904802],[85.035474,44.907684],[85.036131,44.909013],[85.036549,44.910434],[85.037240,44.912174],[85.038199,44.913301],[85.039514,44.915061],[85.041896,44.918481],[85.043612,44.920946],[85.050074,44.929865],[85.051032,44.931351],[85.051536,44.931816],[85.059956,44.934462],[85.064982,44.936216],[85.075248,44.939567],[85.080286,44.941384],[85.084797,44.942755],[85.091080,44.945296],[85.107115,44.951383],[85.114493,44.954270],[85.120092,44.956269],[85.127893,44.959379],[85.131258,44.960567],[85.136432,44.962660],[85.147987,44.967630],[85.155480,44.970699],[85.156033,44.971025],[85.158234,44.977861],[85.160298,44.985372],[85.161621,44.989570],[85.162767,44.993741],[85.165361,45.001585],[85.171715,45.022676],[85.194987,45.029618],[85.213365,45.027982],[85.214271,45.027970],[85.220349,45.024715],[85.221705,45.024300],[85.225116,45.023597],[85.239602,45.020017],[85.240849,45.019709],[85.242026,45.020877],[85.242910,45.020999],[85.255355,45.028892],[85.258432,45.031577],[85.259699,45.034432],[85.260157,45.037436],[85.257874,45.044474],[85.254577,45.051515],[85.253395,45.052820],[85.251600,45.054124],[85.251440,45.055985],[85.253333,45.060118],[85.253555,45.061408],[85.251593,45.064285],[85.250327,45.071745],[85.249548,45.073047],[85.248549,45.073626],[85.248006,45.074238],[85.247480,45.074595],[85.246852,45.074729],[85.246270,45.074720],[85.245750,45.074916],[85.242687,45.076564],[85.240869,45.077999],[85.238461,45.080225],[85.238438,45.081004],[85.238758,45.083625],[85.239115,45.085444],[85.238877,45.085875],[85.237932,45.086329],[85.237042,45.086934],[85.236782,45.087307],[85.236699,45.087723],[85.236683,45.088258],[85.237056,45.091423],[85.237913,45.101902],[85.238419,45.110001],[85.238608,45.116106],[85.238911,45.117397],[85.239144,45.119014],[85.241022,45.127803],[85.241211,45.129703],[85.242005,45.133435],[85.242457,45.134102],[85.243213,45.135994],[85.244411,45.138536],[85.245272,45.140071],[85.246683,45.142943],[85.247173,45.144346],[85.248618,45.149968],[85.248622,45.150963],[85.248999,45.151763],[85.249430,45.154122],[85.250023,45.156355],[85.250398,45.158363],[85.250295,45.158629],[85.249954,45.158974],[85.248378,45.160112],[85.245216,45.163073],[85.241755,45.166139],[85.239344,45.168092],[85.238688,45.168692],[85.238392,45.169093],[85.232566,45.174252],[85.221620,45.187666],[85.216641,45.194055],[85.210834,45.201268],[85.206125,45.206910],[85.205924,45.207300],[85.206035,45.210912],[85.205905,45.213936],[85.205916,45.220707],[85.205719,45.224724],[85.205751,45.227826],[85.205623,45.228927],[85.204830,45.232368],[85.204280,45.234313],[85.203528,45.236971],[85.202069,45.242630],[85.201666,45.243456],[85.201925,45.244200],[85.204178,45.248214],[85.205368,45.250931],[85.206504,45.252711],[85.208624,45.254797],[85.209387,45.255318],[85.213197,45.258490],[85.214806,45.259951],[85.216823,45.261552],[85.218338,45.262969],[85.220014,45.264189],[85.222480,45.266590],[85.224339,45.268005],[85.225152,45.269212],[85.225820,45.270525],[85.226496,45.271221],[85.227582,45.273184],[85.235796,45.285600],[85.235987,45.285981],[85.237697,45.289396],[85.239406,45.292803],[85.239485,45.293054],[85.240553,45.296587],[85.241619,45.300129],[85.242687,45.303670],[85.243051,45.306136],[85.243573,45.309734],[85.244093,45.313336],[85.244632,45.315980],[85.245369,45.319561],[85.245465,45.321739],[85.245639,45.325355],[85.245813,45.328971],[85.244937,45.331679],[85.243799,45.335204],[85.242664,45.338734],[85.241917,45.340895],[85.240719,45.344412],[85.240250,45.346382],[85.239409,45.349951],[85.238576,45.353519],[85.238395,45.354938],[85.237960,45.358546],[85.239020,45.360754],[85.240668,45.364182],[85.242326,45.367606],[85.244245,45.369155],[85.244982,45.369752],[85.239926,45.375002],[85.239505,45.375559],[85.241500,45.378890],[85.244613,45.383676],[85.245674,45.385790],[85.247209,45.387894],[85.249430,45.391262],[85.251098,45.394121],[85.252486,45.396039],[85.274884,45.410564],[85.276601,45.411877],[85.277421,45.413005],[85.280180,45.417282],[85.280690,45.417901],[85.280968,45.418135],[85.281360,45.418167],[85.281746,45.418336],[85.282504,45.418845],[85.282845,45.419549],[85.282994,45.420712],[85.283475,45.421363],[85.285904,45.421648],[85.287875,45.422052],[85.288327,45.422074],[85.289425,45.421933],[85.292132,45.421369],[85.294252,45.420714],[85.296977,45.420444],[85.297917,45.420034],[85.298515,45.419629],[85.299382,45.419349],[85.302359,45.419296],[85.304240,45.418837],[85.304967,45.418522],[85.305372,45.418466],[85.306152,45.418660],[85.306890,45.419217],[85.307868,45.419714],[85.311911,45.421042],[85.313383,45.421876],[85.314344,45.421992],[85.315424,45.422276],[85.316573,45.422390],[85.318510,45.423041],[85.320416,45.423478],[85.321419,45.423481],[85.323169,45.423247],[85.350596,45.427984],[85.353714,45.428770],[85.363444,45.430923],[85.382025,45.434854],[85.388119,45.436233],[85.389236,45.436642],[85.391743,45.437899],[85.394499,45.439577],[85.397776,45.441321],[85.410459,45.448403],[85.413079,45.450202],[85.419635,45.453808],[85.421020,45.454754],[85.423533,45.455673],[85.426076,45.456767],[85.429133,45.457717],[85.430738,45.458423],[85.432724,45.459041],[85.433684,45.459471],[85.434431,45.459881],[85.438952,45.464425],[85.443933,45.468998],[85.447196,45.472287],[85.451448,45.476207],[85.461911,45.486429],[85.463990,45.488349],[85.473224,45.496681],[85.475864,45.498849],[85.478668,45.501536],[85.483167,45.505238],[85.491699,45.512643],[85.492423,45.513461],[85.492907,45.514376],[85.493936,45.516617],[85.498315,45.525474],[85.501974,45.533638],[85.502431,45.534166],[85.509050,45.544458],[85.510246,45.546683],[85.511350,45.548152],[85.511720,45.548477],[85.514186,45.549914],[85.516084,45.550893],[85.522878,45.555230],[85.529052,45.558918],[85.531373,45.560542],[85.532807,45.562811],[85.533685,45.563915],[85.534494,45.565368],[85.536554,45.568174],[85.538421,45.571067],[85.540626,45.574230],[85.541017,45.574927],[85.541248,45.575627],[85.543435,45.586875],[85.543583,45.587774],[85.543541,45.588985],[85.543893,45.589344],[85.544263,45.589469],[85.545157,45.589557],[85.545343,45.589668],[85.545755,45.590712],[85.546096,45.590837],[85.546446,45.591304],[85.547013,45.592270],[85.547335,45.593113],[85.547775,45.593318],[85.548414,45.593346],[85.549316,45.593159],[85.550272,45.593111],[85.552804,45.593539],[85.553237,45.593752],[85.553431,45.594063],[85.553557,45.595380],[85.553770,45.595670],[85.556310,45.597001],[85.556444,45.597299],[85.556215,45.597672],[85.556218,45.598014],[85.556452,45.598184],[85.556670,45.598266],[85.558005,45.598268],[85.558423,45.598347],[85.561943,45.600165],[85.563808,45.600352],[85.564699,45.600584],[85.565672,45.601037],[85.566396,45.601751],[85.566762,45.602709],[85.566627,45.604317],[85.566925,45.604993],[85.566394,45.605354],[85.566016,45.605480],[85.565547,45.605930],[85.564685,45.606505],[85.564288,45.607340],[85.564341,45.607582],[85.564574,45.607819],[85.565605,45.608064],[85.568145,45.608134],[85.568136,45.608522],[85.566842,45.609402],[85.566243,45.610092],[85.565665,45.611343],[85.565793,45.612351],[85.566548,45.613023],[85.567071,45.613354],[85.567389,45.613861],[85.567352,45.614314],[85.567208,45.614561],[85.566198,45.615614],[85.566144,45.615841],[85.566165,45.615986],[85.566930,45.616817],[85.566997,45.617204],[85.567230,45.617357],[85.567646,45.617376],[85.570295,45.616982],[85.570819,45.617059],[85.571710,45.617545],[85.572311,45.618086],[85.573470,45.618851],[85.573695,45.619290],[85.574954,45.619548],[85.575126,45.619859],[85.575074,45.620681],[85.575288,45.620915],[85.575457,45.621334],[85.576967,45.623104],[85.577869,45.624534],[85.580065,45.627006],[85.587104,45.633628],[85.590981,45.637499],[85.592552,45.638888],[85.594667,45.639974],[85.595959,45.640432],[85.596793,45.641140],[85.596916,45.641458],[85.596723,45.641895],[85.595377,45.643271],[85.594897,45.644121],[85.594809,45.647016],[85.595481,45.648132],[85.595346,45.648519],[85.594543,45.649486],[85.594199,45.650382],[85.593968,45.650722],[85.591969,45.651627],[85.591807,45.651800],[85.591828,45.651907],[85.592194,45.652164],[85.591943,45.652393],[85.591601,45.652516],[85.590601,45.652554],[85.590122,45.652770],[85.590070,45.652934],[85.590376,45.653330],[85.590632,45.653467],[85.591315,45.653602],[85.591509,45.653964],[85.591597,45.654420],[85.598573,45.674787],[85.602715,45.687632],[85.605036,45.693723],[85.606565,45.698336],[85.610951,45.710015],[85.612308,45.713974],[85.613258,45.718980],[85.614121,45.722615],[85.616244,45.738141],[85.616817,45.742924],[85.617840,45.747004],[85.619031,45.752431],[85.619466,45.753655],[85.620548,45.758705],[85.621361,45.763049],[85.623848,45.764384],[85.626155,45.765851],[85.629469,45.767639],[85.635886,45.771674],[85.637292,45.772361],[85.640834,45.773736],[85.642495,45.775236],[85.642808,45.775641],[85.642632,45.776515],[85.642265,45.777329],[85.642255,45.777729],[85.642368,45.778015],[85.642924,45.778774],[85.643857,45.779254],[85.644430,45.779303],[85.645935,45.779875],[85.646768,45.780554],[85.647726,45.781510],[85.647936,45.782198],[85.647929,45.782507],[85.647769,45.782688],[85.647056,45.782988],[85.645335,45.783407],[85.643615,45.784261],[85.643342,45.784700],[85.643230,45.785826],[85.642984,45.786615],[85.642047,45.787246],[85.641690,45.787659],[85.641650,45.788351],[85.642287,45.789195],[85.648832,45.794134],[85.649649,45.794951],[85.651549,45.796334],[85.652594,45.796891],[85.653672,45.797623],[85.655407,45.799104],[85.656661,45.799751],[85.657648,45.800737],[85.659419,45.802252],[85.659857,45.802479],[85.661501,45.802543],[85.662173,45.802987],[85.662803,45.803688],[85.663275,45.803983],[85.663761,45.804156],[85.665216,45.804151],[85.665800,45.804259],[85.666376,45.804722],[85.666458,45.805295],[85.666654,45.805598],[85.666949,45.805765],[85.668292,45.805963],[85.669751,45.806534],[85.670061,45.806839],[85.670074,45.807027],[85.669786,45.807829],[85.669907,45.808006],[85.670174,45.808088],[85.671695,45.808084],[85.672698,45.807956],[85.673043,45.808035],[85.673557,45.808351],[85.673730,45.808354],[85.673892,45.808348],[85.674342,45.808045],[85.674952,45.807832],[85.675929,45.808033],[85.676270,45.808313],[85.676408,45.808544],[85.676281,45.809085],[85.676317,45.809595],[85.677272,45.809971],[85.678896,45.810415],[85.679789,45.810890],[85.681068,45.810974],[85.681353,45.811078],[85.681795,45.811615],[85.681852,45.812000],[85.682068,45.812224],[85.684363,45.812376],[85.684593,45.812525],[85.684845,45.812791],[85.684892,45.813301],[85.684326,45.813966],[85.684396,45.814309],[85.684708,45.814501],[85.686134,45.815217],[85.687856,45.815307],[85.688076,45.815410],[85.688288,45.815797],[85.688298,45.816127],[85.688468,45.816297],[85.689287,45.816353],[85.690339,45.816167],[85.690655,45.816225],[85.691009,45.816706],[85.691108,45.817041],[85.691094,45.817659],[85.691224,45.817736],[85.691668,45.817700],[85.692214,45.817386],[85.693105,45.817176],[85.693399,45.817389],[85.693518,45.817666],[85.693512,45.817946],[85.692901,45.818476],[85.692752,45.818675],[85.692779,45.818830],[85.693625,45.819237],[85.694201,45.819708],[85.694564,45.819813],[85.695479,45.819846],[85.695667,45.819995],[85.695708,45.820271],[85.694989,45.821055],[85.694953,45.821309],[85.695582,45.821551],[85.695675,45.821707],[85.695760,45.822138],[85.695559,45.822565],[85.695628,45.822909],[85.695912,45.823079],[85.697083,45.823182],[85.699151,45.822821],[85.699701,45.822854],[85.699888,45.823044],[85.699883,45.823253],[85.699552,45.823845],[85.699546,45.824087],[85.699701,45.824357],[85.700625,45.824774],[85.701167,45.825181],[85.701796,45.825398],[85.704072,45.825595],[85.704702,45.825812],[85.704754,45.826134],[85.703979,45.826763],[85.703835,45.827049],[85.703926,45.827225],[85.704712,45.827403],[85.705273,45.827740],[85.705686,45.827770],[85.706063,45.827742],[85.706848,45.827464],[85.707657,45.827428],[85.707762,45.827550],[85.707677,45.827850],[85.707340,45.828201],[85.706991,45.828789],[85.707081,45.829036],[85.707298,45.829202],[85.708200,45.829314],[85.708340,45.829462],[85.708292,45.829958],[85.708373,45.830088],[85.708863,45.830141],[85.709518,45.829740],[85.709934,45.829603],[85.710723,45.829676],[85.711101,45.829881],[85.711174,45.830082],[85.711091,45.830323],[85.710422,45.831046],[85.710460,45.831443],[85.710755,45.831643],[85.711559,45.831832],[85.712029,45.832214],[85.712905,45.832609],[85.713294,45.832869],[85.713506,45.833281],[85.713677,45.833404],[85.714023,45.833454],[85.714612,45.833349],[85.716369,45.833417],[85.716555,45.833649],[85.716502,45.833895],[85.715573,45.834213],[85.715218,45.834563],[85.715154,45.834750],[85.715211,45.834843],[85.715635,45.835026],[85.717916,45.835115],[85.718874,45.835335],[85.719422,45.835718],[85.719436,45.836403],[85.719734,45.836465],[85.721396,45.836486],[85.722460,45.836298],[85.723659,45.836434],[85.723667,45.836856],[85.722496,45.837601],[85.722101,45.838106],[85.722074,45.838778],[85.722564,45.839314],[85.723192,45.839589],[85.724271,45.839468],[85.726044,45.838872],[85.726738,45.838860],[85.726908,45.838991],[85.727015,45.839293],[85.726975,45.839489],[85.725282,45.841059],[85.725355,45.841281],[85.725652,45.841351],[85.726846,45.841191],[85.727287,45.841284],[85.727610,45.841521],[85.727944,45.841555],[85.728679,45.841355],[85.729517,45.841311],[85.729706,45.841434],[85.729825,45.841690],[85.729724,45.841923],[85.729158,45.842388],[85.729121,45.842696],[85.729262,45.842798],[85.729626,45.842823],[85.729988,45.842686],[85.731052,45.841939],[85.731958,45.841803],[85.732106,45.842135],[85.731946,45.843636],[85.732099,45.843993],[85.732329,45.844150],[85.733411,45.843920],[85.733679,45.843945],[85.733974,45.844115],[85.734195,45.844414],[85.734008,45.844755],[85.732866,45.845768],[85.732839,45.846189],[85.734333,45.846482],[85.734695,45.846620],[85.734911,45.846865],[85.734907,45.847019],[85.734648,45.847379],[85.733670,45.847777],[85.733653,45.847986],[85.733776,45.848087],[85.734656,45.848352],[85.734884,45.848810],[85.735116,45.848888],[85.735373,45.848891],[85.735549,45.848772],[85.736021,45.848268],[85.736323,45.848130],[85.736670,45.848113],[85.736908,45.848157],[85.737496,45.848607],[85.739238,45.848527],[85.740742,45.849141],[85.741806,45.849717],[85.742208,45.850144],[85.742265,45.850541],[85.742135,45.850761],[85.741276,45.851477],[85.741316,45.851812],[85.741570,45.851936],[85.742059,45.851975],[85.742601,45.851826],[85.743752,45.851927],[85.743987,45.851863],[85.744279,45.851612],[85.745014,45.851357],[85.745958,45.851376],[85.746308,45.851514],[85.746507,45.851704],[85.746520,45.851904],[85.746000,45.852449],[85.746026,45.852604],[85.746292,45.852728],[85.746850,45.852660],[85.747589,45.852764],[85.747698,45.852945],[85.747610,45.853916],[85.747722,45.854026],[85.748883,45.854461],[85.749376,45.854884],[85.749371,45.855084],[85.749033,45.855489],[85.749077,45.855665],[85.750781,45.855651],[85.751208,45.855789],[85.751483,45.856055],[85.751522,45.856431],[85.751354,45.857018],[85.751409,45.857228],[85.751550,45.857329],[85.752687,45.857268],[85.752979,45.857003],[85.754552,45.856135],[85.755116,45.856049],[85.755433,45.856278],[85.755425,45.856654],[85.755226,45.857002],[85.754423,45.857611],[85.754356,45.857945],[85.754532,45.858097],[85.755794,45.858294],[85.755968,45.859089],[85.755728,45.860189],[85.755998,45.860417],[85.756417,45.860423],[85.757595,45.860076],[85.758346,45.860194],[85.758940,45.860825],[85.759178,45.861422],[85.758914,45.862012],[85.757632,45.862749],[85.757329,45.863456],[85.757573,45.863767],[85.757859,45.863812],[85.758267,45.863708],[85.760193,45.862585],[85.760634,45.862589],[85.761821,45.863462],[85.762533,45.863670],[85.763260,45.863744],[85.763724,45.864342],[85.763899,45.865095],[85.764523,45.865544],[85.764481,45.865761],[85.763735,45.866597],[85.763825,45.866865],[85.764168,45.866952],[85.765500,45.866682],[85.766169,45.866689],[85.766394,45.866775],[85.765386,45.868067],[85.765751,45.868271],[85.766858,45.868458],[85.767036,45.869061],[85.767533,45.869241],[85.769099,45.868639],[85.769446,45.868685],[85.769440,45.868885],[85.769042,45.869674],[85.768974,45.870033],[85.769157,45.870360],[85.769522,45.870589],[85.770034,45.870678],[85.772885,45.870264],[85.773325,45.870319],[85.773656,45.871074],[85.773936,45.871335],[85.774242,45.871497],[85.775101,45.871530],[85.775345,45.871858],[85.775183,45.872166],[85.774467,45.872693],[85.774377,45.872960],[85.774460,45.873069],[85.774874,45.873182],[85.775725,45.873082],[85.777155,45.872611],[85.777598,45.872591],[85.777917,45.872753],[85.777874,45.873061],[85.776083,45.874121],[85.776080,45.874279],[85.777014,45.874681],[85.777389,45.875044],[85.777718,45.875798],[85.778000,45.875993],[85.779617,45.875792],[85.780605,45.875317],[85.780952,45.875337],[85.781105,45.875431],[85.780942,45.875780],[85.779606,45.876276],[85.779597,45.876677],[85.779976,45.876856],[85.780357,45.876835],[85.780986,45.876515],[85.782252,45.876435],[85.782532,45.876789],[85.782791,45.878035],[85.783062,45.878673],[85.783496,45.879036],[85.784030,45.879191],[85.785212,45.879737],[85.785431,45.880065],[85.785516,45.880533],[85.786048,45.880822],[85.787310,45.880926],[85.788005,45.880841],[85.791054,45.880009],[85.791742,45.880216],[85.791828,45.880593],[85.791727,45.880834],[85.790442,45.881791],[85.790314,45.882215],[85.790389,45.882633],[85.790703,45.882945],[85.791297,45.883059],[85.792094,45.882649],[85.793168,45.882634],[85.794321,45.883421],[85.795417,45.884024],[85.796395,45.884017],[85.797186,45.883849],[85.797686,45.883962],[85.798283,45.884476],[85.798319,45.885512],[85.798429,45.885997],[85.798706,45.886417],[85.799514,45.887093],[85.799787,45.887755],[85.800125,45.888134],[85.800467,45.888270],[85.801696,45.888281],[85.801979,45.888443],[85.802013,45.888551],[85.801656,45.889033],[85.801613,45.889408],[85.801798,45.889652],[85.802292,45.889923],[85.803175,45.889973],[85.804441,45.889876],[85.804591,45.890161],[85.804618,45.890537],[85.804839,45.890806],[85.805551,45.891013],[85.805889,45.891350],[85.806009,45.891877],[85.805784,45.892359],[85.805837,45.892694],[85.807429,45.893501],[85.808461,45.893802],[85.808933,45.894049],[85.809858,45.894850],[85.810521,45.895098],[85.813021,45.894744],[85.813617,45.894749],[85.813924,45.894927],[85.814204,45.895197],[85.814140,45.895397],[85.813277,45.896182],[85.813319,45.896959],[85.814537,45.897479],[85.815918,45.897600],[85.816235,45.897861],[85.816346,45.898221],[85.815703,45.899318],[85.815313,45.899715],[85.815426,45.900000],[85.815685,45.900136],[85.816663,45.900103],[85.818198,45.900333],[85.821633,45.902041],[85.821972,45.902378],[85.821872,45.902594],[85.820615,45.902809],[85.820095,45.903138],[85.820160,45.903448],[85.821533,45.903944],[85.823105,45.904066],[85.823351,45.904285],[85.823571,45.904579],[85.823529,45.904862],[85.823111,45.905477],[85.822806,45.906359],[85.823048,45.906762],[85.823713,45.906918],[85.824118,45.906921],[85.824718,45.906751],[85.825613,45.906717],[85.826555,45.906725],[85.827781,45.906869],[85.828063,45.907088],[85.828004,45.908173],[85.828286,45.908376],[85.829792,45.908740],[85.830770,45.908790],[85.831645,45.909173],[85.832407,45.909246],[85.832653,45.909423],[85.833266,45.910364],[85.833955,45.910478],[85.834616,45.910834],[85.834610,45.911101],[85.834371,45.911717],[85.834386,45.912711],[85.834840,45.913182],[85.835809,45.913675],[85.836313,45.914122],[85.836705,45.914743],[85.837171,45.915273],[85.837316,45.915783],[85.837020,45.916265],[85.836477,45.918248],[85.837005,45.918678],[85.838918,45.919045],[85.839296,45.919223],[85.839444,45.919558],[85.839417,45.919733],[85.838701,45.920320],[85.838532,45.920962],[85.838559,45.921405],[85.838992,45.921826],[85.839719,45.921857],[85.844881,45.920881],[85.848151,45.921460],[85.848613,45.922199],[85.849906,45.923712],[85.850433,45.924134],[85.850813,45.924271],[85.851184,45.924232],[85.851606,45.924052],[85.852106,45.924081],[85.852136,45.924391],[85.851825,45.925557],[85.852044,45.925918],[85.852448,45.926005],[85.852831,45.925991],[85.853974,45.925533],[85.855098,45.924833],[85.856171,45.924341],[85.857166,45.924082],[85.858592,45.923852],[85.860759,45.924088],[85.862513,45.924704],[85.864471,45.924696],[85.865959,45.924926],[85.866837,45.925200],[85.867237,45.925513],[85.867743,45.927020],[85.868023,45.927373],[85.868960,45.927690],[85.869491,45.928004],[85.869650,45.928364],[85.869699,45.928916],[85.869103,45.930063],[85.868712,45.930452],[85.868707,45.930719],[85.868932,45.930829],[85.870759,45.930828],[85.871175,45.930941],[85.871361,45.931184],[85.870825,45.932282],[85.870376,45.932654],[85.870406,45.932896],[85.870655,45.933007],[85.873880,45.933018],[85.875296,45.933273],[85.875765,45.933694],[85.875971,45.934180],[85.876344,45.934610],[85.877700,45.934930],[85.879694,45.934990],[85.881448,45.935715],[85.881532,45.936284],[85.880703,45.936527],[85.880602,45.936785],[85.880656,45.937052],[85.880878,45.937322],[85.880870,45.937714],[85.880729,45.938180],[85.880341,45.938444],[85.879932,45.938591],[85.879674,45.938947],[85.879814,45.939700],[85.881168,45.940105],[85.883255,45.939748],[85.884089,45.939271],[85.885400,45.938907],[85.886214,45.938806],[85.886882,45.938895],[85.887352,45.939300],[85.887688,45.939854],[85.888394,45.941030],[85.888571,45.941699],[85.888369,45.942249],[85.887811,45.943279],[85.886570,45.943735],[85.885772,45.943569],[85.884360,45.943047],[85.883037,45.942885],[85.881554,45.942939],[85.879542,45.943739],[85.878029,45.945295],[85.877678,45.945484],[85.875816,45.945401],[85.875298,45.945580],[85.875042,45.945837],[85.875038,45.946062],[85.876426,45.947711],[85.876764,45.948173],[85.876853,45.948483],[85.876787,45.948791],[85.875288,45.949621],[85.875283,45.949888],[85.875490,45.950266],[85.875866,45.950620],[85.876806,45.950829],[85.878668,45.950912],[85.879274,45.951109],[85.879387,45.951444],[85.879411,45.952021],[85.879808,45.952483],[85.880276,45.952955],[85.881120,45.953188],[85.882171,45.953239],[85.882730,45.953378],[85.883842,45.953405],[85.884290,45.953100],[85.886076,45.952297],[85.886618,45.952110],[85.887285,45.952200],[85.887587,45.952670],[85.886523,45.953830],[85.886577,45.954139],[85.886898,45.954234],[85.888285,45.954221],[85.889163,45.954605],[85.890588,45.954510],[85.891472,45.954559],[85.891943,45.954898],[85.892586,45.955672],[85.892904,45.955900],[85.893979,45.956019],[85.895021,45.955937],[85.895495,45.956141],[85.895737,45.956611],[85.895630,45.957203],[85.895163,45.958418],[85.895601,45.958639],[85.895985,45.958601],[85.897130,45.958169],[85.900917,45.957278],[85.902975,45.957339],[85.903377,45.957569],[85.904236,45.958946],[85.903907,45.959820],[85.903576,45.960259],[85.901386,45.960798],[85.899058,45.961719],[85.898282,45.962263],[85.897353,45.963248],[85.897047,45.964155],[85.897291,45.964533],[85.898117,45.964516],[85.899323,45.964085],[85.902532,45.963414],[85.907337,45.962575],[85.908997,45.962191],[85.910351,45.962162],[85.911116,45.962262],[85.911362,45.962548],[85.911308,45.963432],[85.910607,45.963776],[85.909899,45.964454],[85.909307,45.965308],[85.909709,45.966197],[85.910608,45.966782],[85.911651,45.967318],[85.913685,45.966854],[85.914954,45.966917],[85.916243,45.967172],[85.917956,45.967189],[85.918373,45.967277],[85.918776,45.967507],[85.919171,45.968471],[85.919375,45.969387],[85.919612,45.969523],[85.919971,45.969527],[85.920646,45.969379],[85.926581,45.967453],[85.928206,45.967136],[85.929141,45.966528],[85.930014,45.965385],[85.930562,45.964974],[85.931070,45.964762],[85.932252,45.964399],[85.933780,45.964173],[85.935829,45.963635],[85.940102,45.962295],[85.940510,45.962300],[85.940865,45.962571],[85.943159,45.963715],[85.943905,45.964257],[85.943991,45.964768],[85.943621,45.965933],[85.942939,45.967077],[85.941644,45.968257],[85.941122,45.968577],[85.939378,45.968800],[85.938796,45.969128],[85.938320,45.969524],[85.938175,45.970223],[85.938038,45.970447],[85.937374,45.970682],[85.936071,45.972305],[85.933704,45.973098],[85.932487,45.973986],[85.931922,45.975308],[85.932307,45.976506],[85.933207,45.977710],[85.936404,45.979973],[85.939606,45.981928],[85.939908,45.982458],[85.939762,45.983207],[85.938262,45.986949],[85.937940,45.987454],[85.937515,45.987734],[85.937044,45.987846],[85.936717,45.988034],[85.935745,45.989268],[85.935898,45.991273],[85.936300,45.991586],[85.937221,45.991797],[85.938330,45.992184],[85.939468,45.992289],[85.941369,45.992702],[85.942276,45.993004],[85.943156,45.993431],[85.946220,45.995218],[85.949251,45.997565],[85.951829,45.999097],[85.954629,46.001292],[85.954572,46.001842],[85.953434,46.004183],[85.952155,46.006373],[85.952039,46.007416],[85.952021,46.009603],[85.952203,46.013980],[85.952083,46.018371],[85.952169,46.018948],[85.952694,46.019747],[85.955592,46.022894],[85.960603,46.028787],[85.961183,46.029938],[85.961456,46.030759],[85.961583,46.032306],[85.961561,46.033524],[85.962103,46.038565],[85.962491,46.044799],[85.964009,46.045325],[85.966541,46.046373],[85.973524,46.049460],[85.985687,46.054479],[85.986665,46.055000],[85.988283,46.055462],[86.002288,46.058699],[86.004789,46.059147],[86.005770,46.059517],[86.010262,46.061641],[86.013931,46.063161],[86.016021,46.064188],[86.024301,46.067948],[86.024510,46.068392],[86.024289,46.070001],[86.022811,46.072498],[86.019954,46.074060],[86.016426,46.076625],[86.014609,46.078549],[86.013748,46.080125],[86.013017,46.081954],[86.011924,46.086408],[86.011520,46.087464],[86.011306,46.088631],[86.010502,46.090449],[86.009489,46.091857],[86.006574,46.094725],[86.003419,46.097238],[86.002943,46.097963],[86.002722,46.098867],[86.002846,46.099666],[86.004132,46.100787],[86.004795,46.101497],[86.005155,46.102236],[86.004890,46.103288],[86.004232,46.104300],[86.003548,46.105072],[86.002356,46.106056],[86.000671,46.106925],[85.999572,46.107623],[85.998567,46.108563],[85.998438,46.110331],[85.997772,46.112502],[85.996813,46.114111],[85.995786,46.116219],[85.993150,46.123896],[85.992572,46.124482],[85.990004,46.126471],[85.979606,46.133229],[85.955583,46.149150],[85.932525,46.163944],[85.926932,46.167917],[85.922256,46.170884],[85.909065,46.179001],[85.905907,46.181238],[85.905342,46.181541],[85.902921,46.181839],[85.898403,46.182168],[85.892298,46.182257],[85.887940,46.182460],[85.884824,46.182464],[85.879360,46.182657],[85.873784,46.183581],[85.868340,46.184285],[85.863022,46.185100],[85.862753,46.185064],[85.862522,46.184920],[85.860274,46.183122],[85.859208,46.182483],[85.858347,46.181758],[85.856673,46.180662],[85.855212,46.180019],[85.854519,46.179871],[85.853692,46.179898],[85.852993,46.180067],[85.851324,46.180187],[85.850067,46.180398],[85.846746,46.181242],[85.845543,46.182017],[85.844119,46.181905],[85.843509,46.182130],[85.842205,46.182286],[85.841909,46.182129],[85.841586,46.181805],[85.841218,46.181029],[85.840802,46.180575],[85.839542,46.180076],[85.839112,46.179997],[85.838609,46.180014],[85.837915,46.180484],[85.837518,46.180556],[85.836218,46.180536],[85.833291,46.180950],[85.830131,46.181278],[85.828417,46.181285],[85.827851,46.181159],[85.826593,46.180551],[85.825908,46.180612],[85.824920,46.180879],[85.823747,46.180794],[85.823038,46.180049],[85.822105,46.179653],[85.817634,46.179636],[85.817037,46.179530],[85.814658,46.178132],[85.814168,46.178040],[85.813860,46.178146],[85.809281,46.183154],[85.806874,46.186072],[85.806611,46.186278],[85.804527,46.187287],[85.798150,46.190123],[85.793030,46.192230],[85.792143,46.192731],[85.791455,46.192892],[85.783818,46.192840],[85.764816,46.193001],[85.752604,46.192935],[85.741937,46.192673],[85.716814,46.192893],[85.713002,46.193121],[85.711919,46.193095],[85.706253,46.192163],[85.705043,46.192113],[85.704482,46.192139],[85.701176,46.193104],[85.698065,46.193158],[85.696236,46.193025],[85.694054,46.192266],[85.692632,46.192247],[85.688646,46.191813],[85.683151,46.191216],[85.680261,46.190814],[85.679874,46.190841],[85.677226,46.192188],[85.671311,46.194712],[85.662781,46.198651],[85.660750,46.199354],[85.660119,46.199763],[85.660015,46.200096],[85.660058,46.200292],[85.660442,46.200874],[85.660426,46.201041],[85.660042,46.201707],[85.658826,46.201867],[85.656766,46.202523],[85.655670,46.202973],[85.654225,46.204125],[85.653121,46.205392],[85.652367,46.206882],[85.651557,46.208177],[85.651249,46.208946],[85.651152,46.209708],[85.650783,46.210517],[85.650468,46.210814],[85.648288,46.211946],[85.647172,46.211972],[85.646251,46.211651],[85.645862,46.211302],[85.644061,46.210782],[85.640992,46.210324],[85.639991,46.210097],[85.636782,46.209745],[85.632306,46.209443],[85.631047,46.209447],[85.630667,46.209455],[85.630248,46.209591],[85.629539,46.209991],[85.627727,46.210464],[85.624170,46.211061],[85.620231,46.211319],[85.619714,46.211541],[85.619209,46.211978],[85.618663,46.212158],[85.614965,46.212199],[85.614648,46.212119],[85.613709,46.211644],[85.608913,46.211120],[85.607837,46.210852],[85.607524,46.210626],[85.606646,46.208692],[85.606070,46.208145],[85.605403,46.207673],[85.604032,46.206905],[85.603010,46.206437],[85.602490,46.206309],[85.601903,46.206203],[85.601439,46.206229],[85.600074,46.206922],[85.599432,46.207136],[85.597636,46.207055],[85.594562,46.207106],[85.593531,46.207007],[85.592868,46.206810],[85.591761,46.205936],[85.590757,46.205945],[85.588520,46.205764],[85.588017,46.205683],[85.587309,46.205407],[85.586529,46.205345],[85.584129,46.205470],[85.583668,46.205398],[85.583139,46.204942],[85.582989,46.204471],[85.582925,46.202750],[85.582866,46.202509],[85.582667,46.202292],[85.581663,46.201871],[85.580252,46.201605],[85.577428,46.200257],[85.576578,46.199938],[85.574269,46.199612],[85.573440,46.199635],[85.572825,46.199507],[85.571643,46.199019],[85.570904,46.198822],[85.570219,46.198405],[85.569369,46.198066],[85.567914,46.197740],[85.567171,46.197698],[85.565769,46.197858],[85.564332,46.198210],[85.562582,46.198366],[85.561477,46.198187],[85.558096,46.198117],[85.557528,46.198035],[85.553373,46.196213],[85.551501,46.195575],[85.549304,46.195229],[85.548410,46.194798],[85.547120,46.194387],[85.545966,46.193857],[85.542751,46.191925],[85.540017,46.189717],[85.538702,46.189130],[85.536870,46.188870],[85.534510,46.188888],[85.532994,46.188675],[85.531844,46.188229],[85.530666,46.187269],[85.529212,46.185409],[85.527007,46.184338],[85.526013,46.183685],[85.524371,46.182842],[85.521605,46.181929],[85.520358,46.181782],[85.519227,46.181528],[85.517579,46.181370],[85.514560,46.180567],[85.510688,46.179213],[85.507253,46.177850],[85.506350,46.177390],[85.505453,46.176032],[85.504831,46.174887],[85.504569,46.174620],[85.504100,46.174494],[85.502493,46.174475],[85.501735,46.174285],[85.501179,46.173803],[85.499228,46.172936],[85.498609,46.172387],[85.497778,46.171439],[85.497572,46.171329],[85.495673,46.170720],[85.495238,46.170453],[85.494047,46.170011],[85.492567,46.169640],[85.490412,46.168557],[85.490170,46.167980],[85.488641,46.167445],[85.487678,46.167206],[85.483481,46.167271],[85.482991,46.167220],[85.482220,46.166949],[85.481995,46.166670],[85.481714,46.165761],[85.481564,46.164908],[85.481368,46.164644],[85.480776,46.164194],[85.480582,46.163825],[85.480683,46.163650],[85.482161,46.163436],[85.482522,46.163148],[85.482558,46.162706],[85.482325,46.162043],[85.481964,46.161885],[85.481351,46.161778],[85.480015,46.162032],[85.479621,46.162007],[85.474997,46.160133],[85.473490,46.159640],[85.470263,46.158370],[85.467360,46.157445],[85.461619,46.155878],[85.459148,46.155374],[85.457256,46.154271],[85.455352,46.153794],[85.453903,46.153548],[85.452036,46.152817],[85.451083,46.152840],[85.449834,46.153368],[85.449082,46.153458],[85.448239,46.153173],[85.447575,46.152480],[85.446633,46.152093],[85.445952,46.152019],[85.444662,46.151635],[85.441763,46.151560],[85.441197,46.151452],[85.439854,46.150575],[85.437993,46.150231],[85.437294,46.149713],[85.435830,46.148280],[85.433416,46.146672],[85.433021,46.146015],[85.432997,46.145163],[85.433294,46.144220],[85.434080,46.142740],[85.434159,46.141622],[85.435908,46.140428],[85.436472,46.139555],[85.436466,46.139153],[85.436131,46.138685],[85.434194,46.136995],[85.433544,46.136035],[85.433361,46.135094],[85.433132,46.134694],[85.432152,46.133522],[85.431261,46.131944],[85.431019,46.131621],[85.430812,46.131497],[85.430021,46.131474],[85.428919,46.131574],[85.427083,46.131860],[85.426253,46.131445],[85.422960,46.131204],[85.419386,46.128108],[85.416709,46.127865],[85.414879,46.128749],[85.414468,46.128753],[85.413651,46.128760],[85.412408,46.128491],[85.411798,46.128788],[85.410853,46.131806],[85.408641,46.133692],[85.406611,46.134437],[85.406247,46.134443],[85.405774,46.134720],[85.402324,46.136236],[85.398798,46.136186],[85.397561,46.136544],[85.394876,46.137699],[85.394722,46.138052],[85.394884,46.138882],[85.394987,46.140298],[85.394693,46.140678],[85.394381,46.140861],[85.391402,46.142199],[85.390818,46.142621],[85.390332,46.143219],[85.390020,46.144433],[85.389912,46.145643],[85.389521,46.146280],[85.388307,46.146245],[85.385659,46.145454],[85.384207,46.144898],[85.382487,46.144055],[85.380092,46.143605],[85.377789,46.144252],[85.363059,46.147772],[85.347789,46.151552],[85.343242,46.152096],[85.338034,46.151355],[85.335696,46.151541],[85.333766,46.153026],[85.333132,46.154992],[85.331957,46.155856],[85.330437,46.156265],[85.328197,46.156573],[85.324778,46.157374],[85.323309,46.158864],[85.321971,46.159192],[85.319492,46.158936],[85.319071,46.158649],[85.316814,46.159106],[85.313723,46.159137],[85.312705,46.159722],[85.312108,46.160728],[85.310670,46.160597],[85.309201,46.159898],[85.308176,46.160053],[85.307373,46.160776],[85.307632,46.163065],[85.307029,46.163496],[85.304566,46.164093],[85.303143,46.164970],[85.298799,46.164304],[85.296328,46.164616],[85.296780,46.166044],[85.297200,46.166321],[85.296627,46.168190],[85.293790,46.170078],[85.293216,46.171940],[85.292811,46.172230],[85.290135,46.172402],[85.287864,46.172150],[85.287253,46.172436],[85.287520,46.175004],[85.287329,46.175442],[85.286106,46.176168],[85.281971,46.175499],[85.278677,46.175823],[85.277462,46.176550],[85.277065,46.177129],[85.276690,46.178850],[85.275468,46.179433],[85.270739,46.179627],[85.269583,46.179889],[85.268073,46.180232],[85.264828,46.182278],[85.261949,46.182304],[85.261330,46.182169],[85.259857,46.181192],[85.257795,46.181070],[85.256162,46.181523],[85.252910,46.183271],[85.249622,46.183455],[85.245486,46.182654],[85.242404,46.182689],[85.240970,46.182991],[85.238942,46.184310],[85.231584,46.185971],[85.229320,46.186002],[85.227478,46.184494],[85.224551,46.184955],[85.220511,46.185952],[85.215623,46.187157],[85.214357,46.187583],[85.209686,46.189151],[85.205016,46.190725],[85.201655,46.191950],[85.197055,46.193624],[85.196579,46.193759],[85.191771,46.195120],[85.186965,46.196484],[85.182158,46.197842],[85.178720,46.198178],[85.173585,46.198687],[85.171446,46.198934],[85.166328,46.199537],[85.166190,46.199533],[85.161011,46.199539],[85.155822,46.199542],[85.156775,46.199685],[85.151743,46.199862],[85.146562,46.200049],[85.143521,46.199936],[85.138339,46.199744],[85.137463,46.200132],[85.133086,46.202064],[85.128691,46.203994],[85.127755,46.204179],[85.122769,46.205173],[85.117773,46.206169],[85.116836,46.206257],[85.111690,46.206724],[85.106526,46.207195],[85.103965,46.207629],[85.098911,46.208484],[85.096288,46.209007],[85.091284,46.209996],[85.087721,46.210675],[85.082697,46.211625],[85.077680,46.212581],[85.077480,46.212645],[85.072748,46.214150],[85.068024,46.215658],[85.066762,46.216341],[85.062662,46.218560],[85.062419,46.218695],[85.058362,46.220956],[85.054313,46.223214],[85.050254,46.225475],[85.048991,46.226157],[85.044888,46.228375],[85.041394,46.230918],[85.037813,46.233530],[85.036313,46.235136],[85.033489,46.238171],[85.030674,46.241192],[85.029332,46.242277],[85.025924,46.245003],[85.024023,46.245787],[85.019559,46.247654],[85.017048,46.249508],[85.013481,46.252131],[85.009748,46.253878],[85.005431,46.255900],[85.003792,46.256632],[84.999414,46.258585],[84.995036,46.260542],[84.994914,46.260607],[84.990771,46.262794],[84.986629,46.264986],[84.986062,46.265367],[84.982304,46.267860],[84.978538,46.270349],[84.978050,46.270612],[84.973927,46.272818],[84.969803,46.275016],[84.969411,46.275349],[84.966057,46.278101],[84.962702,46.280857],[84.961012,46.282450],[84.957945,46.285359],[84.956726,46.286632],[84.953860,46.289642],[84.951596,46.292037],[84.948749,46.295056],[84.947478,46.296980],[84.945310,46.300257],[84.943804,46.301197],[84.939922,46.303611],[84.937251,46.306115],[84.934153,46.309014],[84.933327,46.309859],[84.930413,46.312846],[84.927882,46.314444],[84.924030,46.316871],[84.923126,46.317565],[84.919607,46.320227],[84.917765,46.322873],[84.915497,46.326114],[84.914959,46.327224],[84.913299,46.330639],[84.911659,46.334064],[84.911355,46.336173],[84.910843,46.339762],[84.909888,46.341992],[84.908385,46.345442],[84.907343,46.347122],[84.905252,46.350473],[84.902708,46.353620],[84.900165,46.356766],[84.899948,46.358923],[84.899610,46.362521],[84.899264,46.366124],[84.899307,46.367092],[84.899481,46.370694],[84.900054,46.372877],[84.900992,46.376431],[84.901045,46.377620],[84.901202,46.381224],[84.901550,46.382708],[84.902401,46.386267],[84.902453,46.387296],[84.902653,46.390898],[84.902845,46.394505],[84.902620,46.395782],[84.901960,46.399363],[84.901318,46.402939],[84.899765,46.406099],[84.898099,46.409515],[84.896424,46.412932],[84.894568,46.414096],[84.890707,46.416519],[84.889310,46.419246],[84.887567,46.422651],[84.885704,46.425252],[84.883380,46.428483],[84.881056,46.431810],[84.880961,46.435413],[84.880866,46.439020],[84.881197,46.441385],[84.881700,46.444970],[84.881648,46.445761],[84.881414,46.449364],[84.881172,46.452962],[84.880062,46.454496],[84.877731,46.457723],[84.878121,46.459429],[84.878928,46.462992],[84.880871,46.465391],[84.883420,46.468531],[84.884418,46.469768],[84.886951,46.472917],[84.887601,46.473702],[84.890171,46.476839],[84.890613,46.478996],[84.891342,46.482568],[84.891412,46.482855],[84.892211,46.486418],[84.893018,46.489982],[84.893818,46.493545],[84.891996,46.496121],[84.889697,46.499356],[84.887528,46.502374],[84.885213,46.505610],[84.882924,46.507187],[84.879239,46.509739],[84.876153,46.511031],[84.871689,46.512900],[84.870164,46.513279],[84.865259,46.514493],[84.863145,46.515195],[84.858442,46.516760],[84.858303,46.516908],[84.855471,46.519938],[84.852639,46.522969],[84.849755,46.525001],[84.846101,46.527577],[84.842438,46.530154],[84.837841,46.531817],[84.833226,46.533484],[84.828827,46.535246],[84.824307,46.537052],[84.821424,46.538659],[84.817363,46.540919],[84.816238,46.543765],[84.814862,46.547249],[84.814689,46.547275],[84.809571,46.547983],[84.804461,46.548695],[84.803898,46.548821],[84.798943,46.549936],[84.793978,46.551051],[84.789342,46.552116],[84.784385,46.553255],[84.779435,46.554389],[84.777146,46.555720],[84.773159,46.558050],[84.772152,46.558667],[84.768257,46.561070],[84.767434,46.561426],[84.763018,46.563351],[84.758593,46.565276],[84.757846,46.565845],[84.754314,46.568506],[84.750789,46.571164],[84.749366,46.572145],[84.745667,46.574692],[84.741967,46.577239],[84.740873,46.577990],[84.737180,46.580541],[84.733488,46.583091],[84.730124,46.585050],[84.726136,46.587378],[84.724718,46.588427],[84.721163,46.591067],[84.719667,46.592390],[84.716476,46.595239],[84.714510,46.596591],[84.710814,46.599134],[84.708874,46.601536],[84.706343,46.604684],[84.703716,46.607619],[84.700984,46.610689],[84.698235,46.613753],[84.695659,46.616840],[84.693040,46.619957],[84.692048,46.621749],[84.690186,46.625114],[84.688316,46.628476],[84.688159,46.629101],[84.687245,46.632646],[84.686332,46.636192],[84.687002,46.639471],[84.687725,46.643037],[84.688458,46.646612],[84.689067,46.647871],[84.690730,46.651292],[84.691670,46.652566],[84.694029,46.655792],[84.694325,46.656152],[84.696901,46.659296],[84.699477,46.662439],[84.700818,46.663775],[84.703794,46.666749],[84.704813,46.667593],[84.708163,46.670372],[84.709807,46.671495],[84.713539,46.674036],[84.715061,46.675453],[84.718184,46.678354],[84.718462,46.678788],[84.720524,46.682104],[84.722593,46.685419],[84.723298,46.687660],[84.724395,46.691191],[84.725491,46.694709],[84.725743,46.696537],[84.726247,46.700124],[84.726743,46.703711],[84.726109,46.706299],[84.725232,46.709845],[84.725432,46.712460],[84.725711,46.716060],[84.725841,46.716372],[84.727311,46.719834],[84.728780,46.723296],[84.728867,46.723453],[84.730877,46.726789],[84.732885,46.730116],[84.733537,46.730929],[84.736092,46.734079],[84.738629,46.737233],[84.738872,46.737412],[84.742356,46.740105],[84.745849,46.742794],[84.749444,46.745322],[84.753109,46.747897],[84.756816,46.750164],[84.760731,46.752560],[84.761226,46.753636],[84.762814,46.757071],[84.764402,46.760500],[84.764473,46.761960],[84.764647,46.765560],[84.764586,46.766372],[84.764283,46.769967],[84.763988,46.773567],[84.764049,46.776159],[84.764146,46.779767],[84.764119,46.779902],[84.763494,46.783476],[84.762871,46.787058],[84.762654,46.787910],[84.762288,46.789365],[84.762300,46.790082],[84.761476,46.790948],[84.761927,46.792802],[84.761317,46.794095],[84.762377,46.794944],[84.767190,46.797196],[84.769896,46.797598],[84.772396,46.797582],[84.775536,46.798172],[84.781155,46.800118],[84.789512,46.802435],[84.792429,46.803118],[84.799716,46.804337],[84.801376,46.804466],[84.803264,46.805588],[84.803691,46.806163],[84.808328,46.810404],[84.813353,46.812931],[84.820020,46.814297],[84.821276,46.815282],[84.821504,46.816420],[84.819678,46.818729],[84.819701,46.820160],[84.820766,46.823456],[84.821650,46.825432],[84.820977,46.826416],[84.820725,46.826506],[84.820656,46.826664],[84.822050,46.832166],[84.828378,46.832553],[84.830443,46.832828],[84.832617,46.833261],[84.834206,46.833887],[84.835072,46.834591],[84.836130,46.835460],[84.836467,46.836195],[84.836596,46.837038],[84.836485,46.837765],[84.836579,46.838467],[84.836959,46.839175],[84.837277,46.840357],[84.837866,46.841937],[84.838174,46.842391],[84.839150,46.843417],[84.841084,46.844992],[84.842798,46.845947],[84.844119,46.846530],[84.845255,46.846634],[84.848353,46.846603],[84.852002,46.846022],[84.853263,46.846071],[84.856093,46.846625],[84.858080,46.846663],[84.859605,46.846860],[84.861775,46.847301],[84.862994,46.847803],[84.868031,46.850433],[84.871797,46.851569],[84.873452,46.852499],[84.876104,46.853352],[84.878343,46.854942],[84.879403,46.855503],[84.880945,46.855903],[84.884447,46.855810],[84.886333,46.855471],[84.887425,46.855274],[84.891116,46.853852],[84.893172,46.853812],[84.895246,46.853322],[84.895924,46.853319],[84.897474,46.853533],[84.900883,46.853596],[84.903509,46.853752],[84.905778,46.853515],[84.907212,46.853263],[84.908662,46.853181],[84.910921,46.852634],[84.913900,46.851605],[84.915542,46.851248],[84.916610,46.851129],[84.917537,46.851131],[84.918549,46.851274],[84.921871,46.852531],[84.923360,46.852844],[84.924648,46.852884],[84.925715,46.852812],[84.928723,46.852281],[84.930391,46.852452],[84.933853,46.853078],[84.934545,46.853339],[84.935999,46.854406],[84.938110,46.856618],[84.938469,46.857308],[84.938763,46.858476],[84.939076,46.859180],[84.939510,46.859685],[84.940624,46.860172],[84.943604,46.861920|84.795312,46.972533],[84.810272,46.968792],[84.822742,46.967024],[84.829011,46.966136],[84.849394,46.956940],[84.850909,46.950750],[84.859059,46.936879],[84.866942,46.927531],[84.883690,46.916913],[84.900625,46.903286],[84.914633,46.889593],[84.929915,46.869272],[84.934473,46.863985],[84.940460,46.862148],[84.943604,46.861920],[84.940624,46.860172],[84.939510,46.859685],[84.939076,46.859180],[84.938763,46.858476],[84.938469,46.857308],[84.938110,46.856618],[84.935999,46.854406],[84.934545,46.853339],[84.933853,46.853078],[84.930391,46.852452],[84.928723,46.852281],[84.925715,46.852812],[84.924648,46.852884],[84.923360,46.852844],[84.921871,46.852531],[84.918549,46.851274],[84.917537,46.851131],[84.916610,46.851129],[84.915542,46.851248],[84.913900,46.851605],[84.910921,46.852634],[84.908662,46.853181],[84.907212,46.853263],[84.905778,46.853515],[84.903509,46.853752],[84.900883,46.853596],[84.897474,46.853533],[84.895924,46.853319],[84.895246,46.853322],[84.893172,46.853812],[84.891116,46.853852],[84.887425,46.855274],[84.886333,46.855471],[84.884447,46.855810],[84.880945,46.855903],[84.879403,46.855503],[84.878343,46.854942],[84.876104,46.853352],[84.873452,46.852499],[84.871797,46.851569],[84.868031,46.850433],[84.862994,46.847803],[84.861775,46.847301],[84.859605,46.846860],[84.858080,46.846663],[84.856093,46.846625],[84.853263,46.846071],[84.852002,46.846022],[84.848353,46.846603],[84.845255,46.846634],[84.844119,46.846530],[84.842798,46.845947],[84.841084,46.844992],[84.839150,46.843417],[84.838174,46.842391],[84.837866,46.841937],[84.837277,46.840357],[84.836959,46.839175],[84.836579,46.838467],[84.836485,46.837765],[84.836596,46.837038],[84.836467,46.836195],[84.836130,46.835460],[84.835072,46.834591],[84.834206,46.833887],[84.832617,46.833261],[84.830443,46.832828],[84.828378,46.832553],[84.822050,46.832166],[84.820656,46.826664],[84.820725,46.826506],[84.820977,46.826416],[84.821650,46.825432],[84.820766,46.823456],[84.819701,46.820160],[84.819678,46.818729],[84.821504,46.816420],[84.821276,46.815282],[84.820020,46.814297],[84.813353,46.812931],[84.808328,46.810404],[84.803691,46.806163],[84.803264,46.805588],[84.801376,46.804466],[84.799716,46.804337],[84.792429,46.803118],[84.789512,46.802435],[84.781155,46.800118],[84.775536,46.798172],[84.772396,46.797582],[84.769896,46.797598],[84.767190,46.797196],[84.762377,46.794944],[84.761317,46.794095],[84.761927,46.792802],[84.761476,46.790948],[84.762300,46.790082],[84.762288,46.789365],[84.762654,46.787910],[84.762871,46.787058],[84.763494,46.783476],[84.764119,46.779902],[84.764146,46.779767],[84.764049,46.776159],[84.763988,46.773567],[84.764283,46.769967],[84.764586,46.766372],[84.764647,46.765560],[84.764473,46.761960],[84.764402,46.760500],[84.762814,46.757071],[84.761226,46.753636],[84.760731,46.752560],[84.756816,46.750164],[84.753109,46.747897],[84.749444,46.745322],[84.745849,46.742794],[84.742356,46.740105],[84.738872,46.737412],[84.738629,46.737233],[84.736092,46.734079],[84.733537,46.730929],[84.732885,46.730116],[84.730877,46.726789],[84.728867,46.723453],[84.728780,46.723296],[84.727311,46.719834],[84.725841,46.716372],[84.725711,46.716060],[84.725432,46.712460],[84.725232,46.709845],[84.726109,46.706299],[84.726743,46.703711],[84.726247,46.700124],[84.725743,46.696537],[84.725491,46.694709],[84.724395,46.691191],[84.723298,46.687660],[84.722593,46.685419],[84.720524,46.682104],[84.718462,46.678788],[84.718184,46.678354],[84.715061,46.675453],[84.713539,46.674036],[84.709807,46.671495],[84.708163,46.670372],[84.704813,46.667593],[84.703794,46.666749],[84.700818,46.663775],[84.699477,46.662439],[84.696901,46.659296],[84.694325,46.656152],[84.694029,46.655792],[84.691670,46.652566],[84.690730,46.651292],[84.689067,46.647871],[84.688458,46.646612],[84.687725,46.643037],[84.687002,46.639471],[84.686332,46.636192],[84.687245,46.632646],[84.688159,46.629101],[84.688316,46.628476],[84.690186,46.625114],[84.692048,46.621749],[84.693040,46.619957],[84.695659,46.616840],[84.698235,46.613753],[84.700984,46.610689],[84.703716,46.607619],[84.706343,46.604684],[84.708874,46.601536],[84.710814,46.599134],[84.714510,46.596591],[84.716476,46.595239],[84.719667,46.592390],[84.721163,46.591067],[84.724718,46.588427],[84.726136,46.587378],[84.730124,46.585050],[84.733488,46.583091],[84.737180,46.580541],[84.740873,46.577990],[84.741967,46.577239],[84.745667,46.574692],[84.749366,46.572145],[84.750789,46.571164],[84.754314,46.568506],[84.757846,46.565845],[84.758593,46.565276],[84.763018,46.563351],[84.767434,46.561426],[84.768257,46.561070],[84.772152,46.558667],[84.773159,46.558050],[84.777146,46.555720],[84.779435,46.554389],[84.784385,46.553255],[84.789342,46.552116],[84.793978,46.551051],[84.798943,46.549936],[84.803898,46.548821],[84.804461,46.548695],[84.809571,46.547983],[84.814689,46.547275],[84.814862,46.547249],[84.816238,46.543765],[84.817363,46.540919],[84.821424,46.538659],[84.824307,46.537052],[84.828827,46.535246],[84.833226,46.533484],[84.837841,46.531817],[84.842438,46.530154],[84.846101,46.527577],[84.849755,46.525001],[84.852639,46.522969],[84.855471,46.519938],[84.858303,46.516908],[84.858442,46.516760],[84.863145,46.515195],[84.865259,46.514493],[84.870164,46.513279],[84.871689,46.512900],[84.876153,46.511031],[84.879239,46.509739],[84.882924,46.507187],[84.885213,46.505610],[84.887528,46.502374],[84.889697,46.499356],[84.891996,46.496121],[84.893818,46.493545],[84.893018,46.489982],[84.892211,46.486418],[84.891412,46.482855],[84.891342,46.482568],[84.890613,46.478996],[84.890171,46.476839],[84.887601,46.473702],[84.886951,46.472917],[84.884418,46.469768],[84.883420,46.468531],[84.880871,46.465391],[84.878928,46.462992],[84.878121,46.459429],[84.877731,46.457723],[84.880062,46.454496],[84.881172,46.452962],[84.881414,46.449364],[84.881648,46.445761],[84.881700,46.444970],[84.881197,46.441385],[84.880866,46.439020],[84.880961,46.435413],[84.881056,46.431810],[84.883380,46.428483],[84.885704,46.425252],[84.887567,46.422651],[84.889310,46.419246],[84.890707,46.416519],[84.894568,46.414096],[84.896424,46.412932],[84.898099,46.409515],[84.899765,46.406099],[84.901318,46.402939],[84.901960,46.399363],[84.902620,46.395782],[84.902845,46.394505],[84.902653,46.390898],[84.902453,46.387296],[84.902401,46.386267],[84.901550,46.382708],[84.901202,46.381224],[84.901045,46.377620],[84.900992,46.376431],[84.900054,46.372877],[84.899481,46.370694],[84.899307,46.367092],[84.899264,46.366124],[84.899610,46.362521],[84.899948,46.358923],[84.900165,46.356766],[84.902708,46.353620],[84.905252,46.350473],[84.907343,46.347122],[84.908385,46.345442],[84.909888,46.341992],[84.910843,46.339762],[84.911355,46.336173],[84.911659,46.334064],[84.913299,46.330639],[84.914959,46.327224],[84.915497,46.326114],[84.917765,46.322873],[84.919607,46.320227],[84.923126,46.317565],[84.924030,46.316871],[84.927882,46.314444],[84.930413,46.312846],[84.933327,46.309859],[84.934153,46.309014],[84.937251,46.306115],[84.939922,46.303611],[84.943804,46.301197],[84.945310,46.300257],[84.947478,46.296980],[84.948749,46.295056],[84.951596,46.292037],[84.953860,46.289642],[84.956726,46.286632],[84.957945,46.285359],[84.961012,46.282450],[84.962702,46.280857],[84.966057,46.278101],[84.969411,46.275349],[84.969803,46.275016],[84.973927,46.272818],[84.978050,46.270612],[84.978538,46.270349],[84.982304,46.267860],[84.986062,46.265367],[84.986629,46.264986],[84.990771,46.262794],[84.994914,46.260607],[84.995036,46.260542],[84.999414,46.258585],[85.003792,46.256632],[85.005431,46.255900],[85.009748,46.253878],[85.013481,46.252131],[85.017048,46.249508],[85.019559,46.247654],[85.024023,46.245787],[85.025924,46.245003],[85.029332,46.242277],[85.030674,46.241192],[85.033489,46.238171],[85.036313,46.235136],[85.037813,46.233530],[85.041394,46.230918],[85.044888,46.228375],[85.048991,46.226157],[85.050254,46.225475],[85.054313,46.223214],[85.058362,46.220956],[85.062419,46.218695],[85.062662,46.218560],[85.066762,46.216341],[85.068024,46.215658],[85.072748,46.214150],[85.077480,46.212645],[85.077680,46.212581],[85.082697,46.211625],[85.087721,46.210675],[85.091284,46.209996],[85.096288,46.209007],[85.098911,46.208484],[85.103965,46.207629],[85.106526,46.207195],[85.111690,46.206724],[85.116836,46.206257],[85.117773,46.206169],[85.122769,46.205173],[85.127755,46.204179],[85.128691,46.203994],[85.133086,46.202064],[85.137463,46.200132],[85.138339,46.199744],[85.143521,46.199936],[85.146562,46.200049],[85.151743,46.199862],[85.156775,46.199685],[85.155822,46.199542],[85.161011,46.199539],[85.166190,46.199533],[85.166328,46.199537],[85.171446,46.198934],[85.173585,46.198687],[85.178720,46.198178],[85.182158,46.197842],[85.186965,46.196484],[85.191771,46.195120],[85.196579,46.193759],[85.197055,46.193624],[85.201655,46.191950],[85.205016,46.190725],[85.209686,46.189151],[85.214357,46.187583],[85.215623,46.187157],[85.220511,46.185952],[85.224551,46.184955],[85.227478,46.184494],[85.229320,46.186002],[85.231584,46.185971],[85.238942,46.184310],[85.240970,46.182991],[85.242404,46.182689],[85.245486,46.182654],[85.249622,46.183455],[85.252910,46.183271],[85.256162,46.181523],[85.257795,46.181070],[85.259857,46.181192],[85.261330,46.182169],[85.261949,46.182304],[85.264828,46.182278],[85.268073,46.180232],[85.269583,46.179889],[85.270739,46.179627],[85.275468,46.179433],[85.276690,46.178850],[85.277065,46.177129],[85.277462,46.176550],[85.278677,46.175823],[85.281971,46.175499],[85.286106,46.176168],[85.287329,46.175442],[85.287520,46.175004],[85.287253,46.172436],[85.287864,46.172150],[85.290135,46.172402],[85.292811,46.172230],[85.293216,46.171940],[85.293790,46.170078],[85.296627,46.168190],[85.297200,46.166321],[85.296780,46.166044],[85.296328,46.164616],[85.298799,46.164304],[85.303143,46.164970],[85.304566,46.164093],[85.307029,46.163496],[85.307632,46.163065],[85.307373,46.160776],[85.308176,46.160053],[85.309201,46.159898],[85.310670,46.160597],[85.312108,46.160728],[85.312705,46.159722],[85.313723,46.159137],[85.316814,46.159106],[85.319071,46.158649],[85.319492,46.158936],[85.321971,46.159192],[85.323309,46.158864],[85.324778,46.157374],[85.328197,46.156573],[85.330437,46.156265],[85.331957,46.155856],[85.333132,46.154992],[85.333766,46.153026],[85.335696,46.151541],[85.338034,46.151355],[85.343242,46.152096],[85.347789,46.151552],[85.363059,46.147772],[85.377789,46.144252],[85.380092,46.143605],[85.378118,46.142818],[85.377721,46.142411],[85.376800,46.140193],[85.376243,46.138656],[85.376025,46.138277],[85.375251,46.137606],[85.371407,46.136228],[85.368666,46.135158],[85.367275,46.134960],[85.365797,46.134035],[85.360518,46.129751],[85.358830,46.129415],[85.357586,46.128736],[85.355990,46.128510],[85.353728,46.128448],[85.352913,46.128327],[85.349590,46.127456],[85.347625,46.127089],[85.344589,46.127106],[85.343240,46.126692],[85.341885,46.126093],[85.341157,46.125881],[85.337426,46.125729],[85.336449,46.125386],[85.335894,46.125018],[85.334119,46.123537],[85.332183,46.122243],[85.330795,46.121139],[85.327964,46.119945],[85.326714,46.119644],[85.326045,46.119608],[85.325235,46.119565],[85.325015,46.119453],[85.324946,46.119151],[85.324968,46.118216],[85.324582,46.117458],[85.322786,46.112744],[85.322660,46.112157],[85.322449,46.111169],[85.321546,46.109183],[85.319755,46.104319],[85.319190,46.103100],[85.318666,46.102514],[85.315908,46.100965],[85.314170,46.100294],[85.312925,46.099680],[85.310044,46.099015],[85.308286,46.098235],[85.305248,46.098376],[85.301442,46.098030],[85.298361,46.097645],[85.296689,46.097225],[85.290816,46.094524],[85.288044,46.093544],[85.286410,46.093075],[85.285504,46.092426],[85.284441,46.091807],[85.283786,46.091596],[85.282944,46.090839],[85.282446,46.088268],[85.282479,46.085855],[85.282237,46.085522],[85.281179,46.084753],[85.281019,46.084300],[85.281206,46.083882],[85.281913,46.083007],[85.282177,46.081855],[85.282188,46.080924],[85.281977,46.080546],[85.281307,46.080050],[85.279536,46.079780],[85.279647,46.079318],[85.281177,46.078633],[85.281988,46.078074],[85.282112,46.077775],[85.282136,46.077367],[85.281907,46.077201],[85.281347,46.077245],[85.277177,46.079287],[85.276876,46.079328],[85.276685,46.079258],[85.276691,46.079070],[85.277842,46.078404],[85.278445,46.077587],[85.279817,46.076382],[85.280570,46.075158],[85.280583,46.074749],[85.280253,46.074543],[85.277795,46.075477],[85.276870,46.075463],[85.276238,46.075307],[85.276115,46.075195],[85.276046,46.074906],[85.276383,46.074306],[85.276818,46.073098],[85.276752,46.072696],[85.276615,46.072464],[85.275800,46.071996],[85.275697,46.071840],[85.275715,46.071665],[85.276305,46.071244],[85.276439,46.070980],[85.276359,46.070473],[85.275825,46.069655],[85.275173,46.068797],[85.274766,46.068556],[85.273642,46.068396],[85.272633,46.068577],[85.272314,46.068572],[85.272143,46.068473],[85.272283,46.067060],[85.271739,46.065252],[85.271564,46.065103],[85.271361,46.065066],[85.270124,46.065047],[85.269319,46.064838],[85.269288,46.064691],[85.269787,46.064478],[85.270294,46.064014],[85.270463,46.063804],[85.270343,46.063606],[85.269579,46.063063],[85.268939,46.062222],[85.268564,46.061920],[85.268237,46.061828],[85.266930,46.061928],[85.266762,46.061737],[85.267010,46.061486],[85.268070,46.061006],[85.268156,46.060766],[85.268017,46.059240],[85.268118,46.058523],[85.267860,46.058143],[85.267531,46.057892],[85.266451,46.057491],[85.266311,46.057367],[85.266278,46.056878],[85.266702,46.056568],[85.268248,46.055907],[85.268976,46.055485],[85.269176,46.055233],[85.269199,46.054870],[85.269113,46.054539],[85.268871,46.054226],[85.268260,46.053996],[85.267673,46.053940],[85.265517,46.054328],[85.264883,46.054272],[85.264203,46.053723],[85.263337,46.053388],[85.263294,46.053233],[85.263492,46.053049],[85.264100,46.052816],[85.264934,46.052649],[85.265606,46.051887],[85.265992,46.051255],[85.265953,46.050590],[85.266105,46.050317],[85.266234,46.049668],[85.266086,46.049411],[85.264702,46.048350],[85.264583,46.048126],[85.264621,46.047864],[85.264963,46.047681],[85.265874,46.047550],[85.266406,46.047237],[85.267429,46.046017],[85.268008,46.045731],[85.269475,46.045686],[85.270997,46.045777],[85.271740,46.045455],[85.271653,46.045169],[85.270728,46.044027],[85.270413,46.042962],[85.270078,46.042514],[85.269937,46.042044],[85.269350,46.041618],[85.267953,46.041353],[85.267706,46.041191],[85.267749,46.040974],[85.268866,46.040575],[85.269225,46.040246],[85.269277,46.039721],[85.269154,46.039427],[85.268887,46.039139],[85.268828,46.038712],[85.269063,46.038520],[85.269805,46.038201],[85.269919,46.038015],[85.269865,46.034754],[85.270065,46.034319],[85.270717,46.033799],[85.271149,46.033230],[85.271073,46.032611],[85.270952,46.032442],[85.270989,46.032200],[85.271281,46.032071],[85.272426,46.031956],[85.275652,46.031898],[85.276506,46.031678],[85.277569,46.031069],[85.279073,46.029749],[85.279184,46.029559],[85.279174,46.029304],[85.278966,46.028847],[85.278209,46.027514],[85.276720,46.025762],[85.276695,46.025607],[85.277147,46.025359],[85.277672,46.025280],[85.279882,46.025249],[85.280030,46.025143],[85.279990,46.024875],[85.279542,46.024404],[85.277853,46.023505],[85.276130,46.023314],[85.275943,46.023144],[85.276042,46.023033],[85.276442,46.022931],[85.277619,46.022916],[85.283100,46.023944],[85.283990,46.023912],[85.284208,46.023653],[85.284170,46.023352],[85.283319,46.022511],[85.282462,46.022055],[85.281005,46.021802],[85.280634,46.021541],[85.279776,46.020367],[85.279966,46.020061],[85.280367,46.019888],[85.283703,46.020397],[85.284178,46.020371],[85.284453,46.020200],[85.284574,46.020002],[85.284554,46.019680],[85.284307,46.019313],[85.283502,46.018723],[85.282310,46.018253],[85.282249,46.018085],[85.282331,46.017957],[85.282817,46.017765],[85.282934,46.016915],[85.283206,46.016853],[85.284806,46.017146],[85.285330,46.017121],[85.285729,46.017014],[85.285957,46.016467],[85.285819,46.016256],[85.284583,46.015652],[85.284199,46.015224],[85.282676,46.014393],[85.281572,46.014376],[85.279086,46.013972],[85.278986,46.013716],[85.279148,46.013539],[85.279884,46.013422],[85.284615,46.013064],[85.284856,46.012825],[85.284865,46.012537],[85.284538,46.011873],[85.283168,46.010911],[85.282024,46.010450],[85.281138,46.010357],[85.280265,46.010422],[85.279740,46.010334],[85.279216,46.009795],[85.278485,46.009366],[85.277197,46.008916],[85.275997,46.008099],[85.275414,46.007539],[85.274724,46.007173],[85.274480,46.006906],[85.274502,46.006773],[85.274709,46.006688],[85.275392,46.006733],[85.279492,46.008664],[85.281093,46.009287],[85.282337,46.009637],[85.282811,46.009645],[85.283675,46.009496],[85.283871,46.009365],[85.283906,46.009186],[85.283683,46.008853],[85.283687,46.008711],[85.283993,46.008516],[85.284274,46.008553],[85.284557,46.008733],[85.285047,46.009393],[85.285790,46.010027],[85.286740,46.011165],[85.287828,46.011880],[85.288298,46.012042],[85.288953,46.012019],[85.289019,46.011832],[85.288907,46.011380],[85.288394,46.010090],[85.288359,46.009693],[85.288441,46.009539],[85.288865,46.009621],[85.291018,46.010529],[85.291876,46.010531],[85.293120,46.010342],[85.293348,46.010150],[85.293472,46.009818],[85.293398,46.009495],[85.292118,46.007762],[85.291799,46.006830],[85.291381,46.005951],[85.291092,46.005583],[85.289690,46.004500],[85.289381,46.004395],[85.288037,46.004548],[85.286774,46.004440],[85.286443,46.004259],[85.286497,46.004081],[85.286985,46.003625],[85.287955,46.003136],[85.288173,46.002893],[85.288587,46.001432],[85.289071,46.000393],[85.289010,45.999265],[85.288775,45.998710],[85.288782,45.998484],[85.288905,45.998403],[85.289289,45.998409],[85.290484,45.998980],[85.291236,45.999142],[85.291524,45.999147],[85.292232,45.998766],[85.292244,45.998391],[85.291422,45.997400],[85.291187,45.996845],[85.291254,45.996604],[85.291566,45.996609],[85.292621,45.997470],[85.293000,45.997626],[85.293504,45.997660],[85.293858,45.997465],[85.293868,45.997156],[85.293385,45.996439],[85.293495,45.994812],[85.293430,45.993818],[85.293037,45.993319],[85.291874,45.992882],[85.290142,45.992570],[85.289466,45.992668],[85.285738,45.994018],[85.284091,45.994852],[85.282714,45.995138],[85.282559,45.995094],[85.282567,45.994852],[85.284445,45.993914],[85.284453,45.993647],[85.284173,45.993375],[85.283771,45.993193],[85.283412,45.993146],[85.283142,45.992958],[85.283112,45.992740],[85.283433,45.992461],[85.285603,45.992187],[85.285994,45.991968],[85.286035,45.990641],[85.284641,45.989517],[85.283385,45.988987],[85.282881,45.988979],[85.280859,45.989547],[85.280607,45.989543],[85.280416,45.989490],[85.280234,45.989178],[85.280186,45.988802],[85.280037,45.988557],[85.279503,45.988348],[85.274953,45.988409],[85.270890,45.988637],[85.269468,45.989232],[85.268926,45.989307],[85.268717,45.989087],[85.268580,45.988483],[85.267886,45.988055],[85.267442,45.988048],[85.266774,45.988305],[85.265715,45.988422],[85.265367,45.988416],[85.265154,45.988321],[85.264936,45.988009],[85.264869,45.987106],[85.264718,45.986928],[85.264374,45.986806],[85.263871,45.986798],[85.263190,45.987096],[85.262877,45.987141],[85.262015,45.987078],[85.261712,45.986814],[85.261596,45.986303],[85.261354,45.985990],[85.260858,45.985741],[85.260638,45.985512],[85.260682,45.985229],[85.261373,45.984221],[85.261723,45.984159],[85.262485,45.984347],[85.263224,45.984851],[85.263640,45.984982],[85.265066,45.985005],[85.265608,45.984930],[85.266992,45.984417],[85.267104,45.983893],[85.266610,45.983200],[85.266628,45.982625],[85.266329,45.982219],[85.266140,45.982108],[85.265364,45.982388],[85.264217,45.982654],[85.263208,45.982705],[85.262947,45.982609],[85.262955,45.982350],[85.263566,45.981207],[85.263386,45.980829],[85.261502,45.979363],[85.259966,45.978629],[85.259129,45.978174],[85.258909,45.977953],[85.259048,45.977713],[85.260563,45.976810],[85.260610,45.976452],[85.260424,45.976257],[85.260103,45.976185],[85.258653,45.976179],[85.258428,45.976067],[85.258472,45.975784],[85.259246,45.975220],[85.260331,45.975036],[85.261096,45.975090],[85.261472,45.975321],[85.261900,45.975837],[85.262242,45.976035],[85.262779,45.976110],[85.264402,45.975960],[85.266093,45.975527],[85.268615,45.975074],[85.269612,45.974656],[85.269931,45.974411],[85.269917,45.974101],[85.269601,45.973854],[85.268667,45.973397],[85.268485,45.973085],[85.268400,45.972733],[85.268769,45.972054],[85.272023,45.970402],[85.272251,45.970406],[85.272302,45.970674],[85.272236,45.970890],[85.271838,45.971351],[85.271732,45.971659],[85.271815,45.972061],[85.272433,45.972638],[85.273691,45.973084],[85.275252,45.973042],[85.277845,45.972199],[85.279185,45.971953],[85.279980,45.971857],[85.281824,45.971979],[85.282546,45.971898],[85.283192,45.971600],[85.284312,45.971459],[85.284894,45.971277],[85.287176,45.970053],[85.287902,45.969463],[85.288279,45.968543],[85.288463,45.967644],[85.288432,45.967468],[85.287845,45.967058],[85.287116,45.966954],[85.286835,45.966707],[85.286665,45.966020],[85.286397,45.965757],[85.285607,45.965677],[85.284768,45.966039],[85.284072,45.966028],[85.283790,45.965840],[85.283856,45.965649],[85.284846,45.965465],[85.285554,45.965059],[85.285564,45.964741],[85.284090,45.963131],[85.282364,45.961534],[85.279988,45.960393],[85.278633,45.959971],[85.276928,45.959634],[85.276365,45.959609],[85.276014,45.959712],[85.275659,45.959948],[85.274471,45.961123],[85.274025,45.961200],[85.273022,45.961785],[85.272696,45.962289],[85.272581,45.963673],[85.271921,45.965583],[85.271328,45.966551],[85.270632,45.967308],[85.270341,45.967437],[85.269136,45.967618],[85.267830,45.967581],[85.267582,45.967460],[85.267458,45.967199],[85.267473,45.966732],[85.267695,45.965742],[85.267567,45.964855],[85.267291,45.964475],[85.267300,45.964191],[85.267545,45.963644],[85.267706,45.963487],[85.268497,45.963500],[85.269067,45.963684],[85.269474,45.963691],[85.269983,45.963523],[85.271090,45.962639],[85.271339,45.961958],[85.272247,45.961305],[85.274348,45.960061],[85.274585,45.959772],[85.274721,45.959248],[85.275486,45.958200],[85.275436,45.957865],[85.274629,45.957210],[85.273517,45.957083],[85.272953,45.957116],[85.271685,45.957781],[85.271399,45.958110],[85.271269,45.959194],[85.270844,45.959362],[85.270026,45.959441],[85.269733,45.959628],[85.269398,45.959982],[85.269002,45.960769],[85.268711,45.960856],[85.268427,45.960760],[85.268411,45.960100],[85.267984,45.959584],[85.267731,45.959622],[85.266248,45.960258],[85.265841,45.960235],[85.265754,45.959967],[85.266403,45.959534],[85.266906,45.958766],[85.267512,45.958558],[85.267839,45.958079],[85.268650,45.957449],[85.269786,45.956782],[85.269795,45.956473],[85.269645,45.956254],[85.268481,45.955943],[85.267666,45.955538],[85.266823,45.955299],[85.266009,45.954886],[85.265957,45.954601],[85.266157,45.954362],[85.266783,45.954280],[85.269198,45.955253],[85.270211,45.955444],[85.270559,45.955450],[85.270875,45.955296],[85.270984,45.954881],[85.270404,45.954254],[85.269931,45.954046],[85.268799,45.953811],[85.268056,45.953423],[85.267639,45.953350],[85.266942,45.953406],[85.265951,45.953649],[85.264585,45.953653],[85.261976,45.953127],[85.261599,45.952921],[85.261415,45.952693],[85.261461,45.952368],[85.261624,45.952145],[85.262475,45.952117],[85.263619,45.952352],[85.267863,45.952310],[85.269249,45.951697],[85.269912,45.951574],[85.270172,45.951712],[85.270317,45.952040],[85.270624,45.952203],[85.271163,45.952187],[85.272035,45.951933],[85.272696,45.951902],[85.273169,45.952085],[85.274370,45.953189],[85.274998,45.953441],[85.276208,45.954254],[85.276622,45.954394],[85.277417,45.954340],[85.277865,45.954197],[85.277977,45.953689],[85.277794,45.953394],[85.277142,45.952766],[85.277340,45.952569],[85.277980,45.952429],[85.278495,45.952061],[85.278731,45.951781],[85.278747,45.951272],[85.278394,45.950273],[85.278404,45.949981],[85.279048,45.949682],[85.279652,45.949558],[85.281745,45.949750],[85.282574,45.949697],[85.282773,45.949500],[85.282684,45.949256],[85.282440,45.949010],[85.280671,45.948431],[85.280075,45.947511],[85.279567,45.947261],[85.278582,45.947337],[85.277940,45.947527],[85.277331,45.947843],[85.276036,45.947822],[85.275406,45.947637],[85.274266,45.946516],[85.272907,45.946253],[85.272183,45.946016],[85.271423,45.946179],[85.271131,45.946333],[85.270616,45.947452],[85.270301,45.948332],[85.270225,45.948840],[85.269921,45.949361],[85.269706,45.949316],[85.269486,45.949046],[85.269344,45.948642],[85.268879,45.948176],[85.267216,45.947707],[85.266993,45.947545],[85.266526,45.947538],[85.265909,45.947712],[85.265755,45.947617],[85.265996,45.947245],[85.267471,45.946450],[85.268471,45.946266],[85.269104,45.945967],[85.269971,45.945847],[85.270966,45.945470],[85.271067,45.945296],[85.271048,45.944720],[85.270613,45.944446],[85.269230,45.944224],[85.266848,45.944119],[85.266540,45.944006],[85.265983,45.943421],[85.265697,45.943333],[85.262946,45.943223],[85.262254,45.943104],[85.261878,45.942873],[85.261862,45.942630],[85.262144,45.942417],[85.264524,45.942563],[85.265227,45.942307],[85.265515,45.942287],[85.266937,45.942426],[85.268437,45.941982],[85.269244,45.941469],[85.269848,45.941720],[85.270700,45.941684],[85.270958,45.941496],[85.271104,45.941030],[85.271832,45.941134],[85.272575,45.941538],[85.273054,45.941529],[85.274783,45.941064],[85.274673,45.940361],[85.273072,45.939049],[85.272795,45.938653],[85.272679,45.938183],[85.272818,45.937918],[85.274979,45.937869],[85.276035,45.937443],[85.276268,45.937272],[85.276204,45.937020],[85.275901,45.936731],[85.274579,45.936468],[85.274490,45.936225],[85.274767,45.935436],[85.274277,45.934985],[85.273073,45.934766],[85.272725,45.934785],[85.271768,45.935096],[85.271133,45.935111],[85.270595,45.935061],[85.270122,45.934853],[85.269969,45.934742],[85.270038,45.934476],[85.271028,45.934249],[85.271290,45.933894],[85.271251,45.933234],[85.270941,45.932787],[85.270596,45.932714],[85.269992,45.932863],[85.269575,45.933166],[85.269285,45.933245],[85.268938,45.933223],[85.268560,45.933058],[85.268162,45.932743],[85.268195,45.932476],[85.269160,45.932274],[85.269480,45.931987],[85.269494,45.931553],[85.268973,45.930944],[85.267895,45.930175],[85.267287,45.930057],[85.266818,45.930133],[85.265745,45.930717],[85.265176,45.930909],[85.264304,45.930453],[85.263443,45.930347],[85.263199,45.930143],[85.263112,45.929858],[85.263410,45.929512],[85.263395,45.928844],[85.263167,45.928114],[85.262961,45.927776],[85.262587,45.927512],[85.261606,45.927471],[85.260170,45.926656],[85.259581,45.926313],[85.258784,45.925399],[85.258376,45.925434],[85.258106,45.925630],[85.257810,45.926285],[85.257724,45.926726],[85.257529,45.926832],[85.257217,45.926869],[85.256911,45.926689],[85.256799,45.926052],[85.256526,45.925581],[85.256223,45.925334],[85.255875,45.925370],[85.254831,45.926197],[85.253808,45.926357],[85.251785,45.927307],[85.251497,45.927315],[85.251106,45.927209],[85.250260,45.926491],[85.248587,45.925835],[85.248200,45.925587],[85.247941,45.925274],[85.247989,45.924698],[85.248242,45.924602],[85.248778,45.924689],[85.249740,45.925335],[85.250085,45.925402],[85.250575,45.925402],[85.251552,45.925195],[85.252102,45.924828],[85.254274,45.922782],[85.255356,45.922060],[85.256841,45.920162],[85.257378,45.919265],[85.257915,45.918722],[85.257927,45.918346],[85.258292,45.917788],[85.258340,45.917380],[85.258268,45.917037],[85.257882,45.916709],[85.257812,45.916499],[85.257836,45.915702],[85.258372,45.915239],[85.258351,45.914950],[85.258102,45.914826],[85.257211,45.914853],[85.256638,45.914991],[85.256546,45.914810],[85.256906,45.914627],[85.257815,45.913903],[85.257680,45.913625],[85.257269,45.913552],[85.256455,45.913760],[85.254555,45.914771],[85.253230,45.915623],[85.251994,45.916088],[85.251501,45.916147],[85.251206,45.916022],[85.252398,45.915023],[85.254262,45.914023],[85.255092,45.913309],[85.256108,45.912770],[85.257332,45.912471],[85.257608,45.912309],[85.257706,45.911847],[85.257364,45.911478],[85.256214,45.910939],[85.254998,45.910765],[85.253981,45.910950],[85.253757,45.910847],[85.253671,45.910703],[85.253953,45.910307],[85.254836,45.909849],[85.255162,45.909511],[85.255272,45.908515],[85.254915,45.907850],[85.254682,45.907692],[85.254290,45.907586],[85.252627,45.907531],[85.252365,45.907882],[85.251565,45.908613],[85.251295,45.908621],[85.251031,45.908450],[85.250907,45.907822],[85.251029,45.907578],[85.251952,45.906974],[85.252134,45.906689],[85.252143,45.905841],[85.251956,45.905684],[85.251216,45.905627],[85.249705,45.906839],[85.248754,45.907422],[85.248322,45.907440],[85.248221,45.907259],[85.248419,45.907041],[85.249954,45.905996],[85.250299,45.905633],[85.250337,45.905392],[85.250202,45.905135],[85.249921,45.904943],[85.249311,45.904771],[85.247957,45.904629],[85.247619,45.903760],[85.246622,45.903294],[85.246587,45.902884],[85.246748,45.902168],[85.246702,45.901725],[85.246488,45.901522],[85.245982,45.901439],[85.245401,45.901793],[85.244829,45.902327],[85.244416,45.902354],[85.244246,45.902239],[85.244212,45.901809],[85.244625,45.900224],[85.244736,45.899211],[85.244890,45.898846],[85.245056,45.898728],[85.245773,45.898563],[85.245955,45.898257],[85.245945,45.898048],[85.245674,45.897689],[85.245508,45.897499],[85.245317,45.897450],[85.244586,45.897518],[85.243577,45.897812],[85.243312,45.897720],[85.243285,45.897632],[85.243738,45.897305],[85.244201,45.897212],[85.244447,45.897007],[85.244379,45.896497],[85.244113,45.896396],[85.243736,45.896399],[85.243290,45.896505],[85.241926,45.896551],[85.241096,45.896902],[85.240665,45.896917],[85.237318,45.896679],[85.236896,45.896605],[85.236710,45.896448],[85.236683,45.896327],[85.236861,45.896187],[85.239581,45.896195],[85.240892,45.895784],[85.242323,45.895484],[85.243965,45.894657],[85.245173,45.893903],[85.246407,45.893083],[85.246695,45.892853],[85.246877,45.892572],[85.246959,45.892077],[85.246871,45.891796],[85.246777,45.891761],[85.246265,45.891845],[85.245387,45.892216],[85.245020,45.892277],[85.244608,45.892271],[85.244295,45.892145],[85.244221,45.892002],[85.245088,45.891627],[85.245471,45.891048],[85.245505,45.890573],[85.245301,45.890369],[85.244639,45.890326],[85.243874,45.890515],[85.243167,45.890383],[85.242026,45.890353],[85.241777,45.890283],[85.241609,45.890126],[85.241596,45.889950],[85.241354,45.889658],[85.241007,45.889645],[85.240382,45.889919],[85.239580,45.889820],[85.238921,45.889622],[85.238832,45.889458],[85.239003,45.888972],[85.238866,45.888740],[85.238263,45.888364],[85.237901,45.887874],[85.237265,45.887401],[85.236774,45.886864],[85.236971,45.886654],[85.237354,45.886659],[85.238905,45.887138],[85.239312,45.887131],[85.239648,45.887094],[85.240180,45.886702],[85.240461,45.885361],[85.240044,45.884007],[85.240051,45.883422],[85.240761,45.882844],[85.240994,45.882497],[85.240904,45.881911],[85.240764,45.881817],[85.240429,45.881846],[85.240052,45.882216],[85.239754,45.882211],[85.239681,45.882068],[85.239847,45.881716],[85.239854,45.881486],[85.239752,45.881330],[85.239434,45.881359],[85.238054,45.881898],[85.236659,45.882574],[85.235691,45.882706],[85.234018,45.883119],[85.233293,45.882967],[85.233242,45.882699],[85.233502,45.881855],[85.233225,45.881175],[85.233343,45.881035],[85.233704,45.880919],[85.234453,45.880876],[85.235109,45.880518],[85.235416,45.879884],[85.235293,45.878721],[85.235502,45.878161],[85.236006,45.877726],[85.236582,45.877405],[85.237164,45.876574],[85.237231,45.875978],[85.236984,45.875331],[85.236381,45.875281],[85.236157,45.875365],[85.235412,45.876105],[85.234836,45.876130],[85.234715,45.875995],[85.234739,45.875799],[85.235257,45.875527],[85.235273,45.875352],[85.234852,45.875237],[85.233415,45.875203],[85.233057,45.874977],[85.233113,45.874723],[85.233860,45.874700],[85.234655,45.874504],[85.234792,45.874142],[85.234862,45.873467],[85.234757,45.873169],[85.234367,45.873042],[85.232995,45.872955],[85.232607,45.872741],[85.232568,45.872473],[85.232844,45.872289],[85.233584,45.872300],[85.234317,45.872169],[85.235098,45.871483],[85.235043,45.871140],[85.232688,45.870245],[85.232351,45.870315],[85.231529,45.870779],[85.231284,45.871164],[85.231022,45.871335],[85.230723,45.871331],[85.230504,45.871248],[85.230526,45.871119],[85.230833,45.870869],[85.230834,45.870314],[85.230492,45.870146],[85.228947,45.870077],[85.228662,45.870019],[85.228560,45.869884],[85.228573,45.869796],[85.230235,45.869746],[85.231082,45.869424],[85.231704,45.869433],[85.233772,45.869952],[85.235607,45.869934],[85.236172,45.869433],[85.236210,45.868803],[85.236074,45.868538],[85.235907,45.868360],[85.235581,45.868309],[85.233726,45.868348],[85.233130,45.868118],[85.232203,45.868004],[85.232005,45.867826],[85.231981,45.867638],[85.232881,45.867530],[85.233298,45.867348],[85.233305,45.866764],[85.233076,45.866473],[85.232403,45.866229],[85.231300,45.865173],[85.230875,45.865012],[85.229613,45.863582],[85.229734,45.863163],[85.230007,45.863012],[85.230191,45.862718],[85.230231,45.862352],[85.230088,45.861986],[85.229830,45.861661],[85.228870,45.861572],[85.228589,45.861447],[85.228544,45.861333],[85.228752,45.861182],[85.230138,45.861369],[85.230728,45.861211],[85.230739,45.860869],[85.230353,45.860587],[85.229728,45.860336],[85.229580,45.860146],[85.229551,45.859891],[85.230241,45.859262],[85.230396,45.858701],[85.230385,45.858083],[85.230248,45.857893],[85.229979,45.857877],[85.229695,45.857993],[85.229236,45.858538],[85.228826,45.858866],[85.228401,45.858880],[85.228310,45.858712],[85.228961,45.858204],[85.229083,45.857897],[85.229042,45.857124],[85.228579,45.857225],[85.227782,45.858074],[85.227465,45.858061],[85.227039,45.857934],[85.225668,45.856941],[85.223873,45.856693],[85.223828,45.856592],[85.223997,45.856386],[85.224472,45.856238],[85.225696,45.856478],[85.226098,45.856383],[85.226287,45.856253],[85.226330,45.856024],[85.226289,45.855823],[85.225978,45.855643],[85.223826,45.855177],[85.223365,45.855195],[85.222590,45.855393],[85.222338,45.855402],[85.222134,45.855265],[85.222122,45.855077],[85.222365,45.854939],[85.223733,45.854712],[85.223915,45.854431],[85.223923,45.854197],[85.223429,45.853760],[85.223625,45.853617],[85.223999,45.853668],[85.225750,45.854378],[85.227170,45.854433],[85.227500,45.854329],[85.227998,45.854090],[85.228051,45.853903],[85.227840,45.853582],[85.227791,45.853281],[85.228272,45.852958],[85.228427,45.852618],[85.226887,45.851260],[85.226230,45.851083],[85.224436,45.851003],[85.223446,45.851339],[85.222530,45.851847],[85.222037,45.851928],[85.220741,45.851412],[85.219622,45.851283],[85.219443,45.851105],[85.219489,45.850985],[85.220066,45.850839],[85.222244,45.850870],[85.223059,45.850561],[85.223978,45.850002],[85.224278,45.849973],[85.225152,45.850249],[85.225814,45.850271],[85.226876,45.850120],[85.228015,45.850157],[85.228286,45.850107],[85.228532,45.849868],[85.228542,45.849572],[85.228361,45.849223],[85.228022,45.849009],[85.226924,45.848651],[85.226261,45.848257],[85.225305,45.847512],[85.224911,45.846379],[85.224549,45.845978],[85.223764,45.846275],[85.223405,45.846679],[85.222903,45.847047],[85.222517,45.847205],[85.221300,45.846757],[85.221241,45.846568],[85.221421,45.846374],[85.222588,45.846425],[85.222954,45.846384],[85.223324,45.846202],[85.223408,45.845994],[85.223293,45.845671],[85.223079,45.845434],[85.222119,45.845399],[85.220339,45.845695],[85.218203,45.845852],[85.217779,45.845846],[85.217650,45.845765],[85.217655,45.845602],[85.217948,45.845393],[85.221914,45.844920],[85.222617,45.844613],[85.222652,45.844426],[85.222340,45.843900],[85.222501,45.843772],[85.223659,45.843568],[85.223789,45.843390],[85.223800,45.843027],[85.223368,45.842382],[85.221958,45.842424],[85.221758,45.842313],[85.221733,45.842158],[85.221921,45.842061],[85.222987,45.841976],[85.223319,45.841839],[85.223451,45.841620],[85.223356,45.841242],[85.222725,45.840615],[85.221921,45.840570],[85.221697,45.840688],[85.221525,45.841228],[85.221364,45.841213],[85.220815,45.840629],[85.220672,45.840619],[85.220168,45.840753],[85.219970,45.840964],[85.219730,45.841014],[85.218499,45.841030],[85.218133,45.841112],[85.215715,45.842647],[85.214897,45.842677],[85.214788,45.842521],[85.214989,45.842215],[85.216906,45.841403],[85.218005,45.840655],[85.218833,45.839916],[85.218956,45.839609],[85.218966,45.839291],[85.218653,45.838636],[85.216227,45.838567],[85.215824,45.838328],[85.215876,45.838207],[85.216021,45.838155],[85.216823,45.838208],[85.217088,45.838125],[85.217239,45.837905],[85.217244,45.837743],[85.217004,45.837393],[85.216576,45.837023],[85.216356,45.836448],[85.216672,45.836407],[85.217281,45.836624],[85.217661,45.836663],[85.218121,45.836616],[85.218378,45.836452],[85.218695,45.835829],[85.219015,45.835430],[85.219083,45.835099],[85.218944,45.834932],[85.218719,45.834912],[85.215486,45.835438],[85.214998,45.835389],[85.214925,45.835267],[85.215053,45.835169],[85.215779,45.834842],[85.217410,45.834639],[85.217967,45.834359],[85.218072,45.834051],[85.217951,45.833540],[85.217397,45.832956],[85.217057,45.832759],[85.216044,45.832761],[85.215869,45.832583],[85.215890,45.831941],[85.215639,45.831628],[85.215179,45.831429],[85.213392,45.830978],[85.212433,45.830371],[85.211744,45.829167],[85.211815,45.828834],[85.212109,45.828571],[85.212273,45.828290],[85.212356,45.827940],[85.212271,45.827647],[85.211931,45.827425],[85.211230,45.827323],[85.210116,45.826739],[85.210060,45.826621],[85.210164,45.826406],[85.210706,45.826188],[85.210685,45.825962],[85.210288,45.825497],[85.209856,45.825166],[85.209861,45.825007],[85.211545,45.824589],[85.211315,45.823967],[85.210730,45.823208],[85.210384,45.822476],[85.210049,45.822137],[85.209447,45.821928],[85.209430,45.821736],[85.209530,45.821579],[85.210252,45.821372],[85.210521,45.821175],[85.210498,45.820774],[85.209794,45.820055],[85.209555,45.819684],[85.209511,45.819190],[85.208991,45.818674],[85.208087,45.818243],[85.207786,45.817579],[85.206497,45.816500],[85.205695,45.816247],[85.204900,45.816119],[85.204715,45.815189],[85.204564,45.815078],[85.202823,45.815079],[85.202351,45.814938],[85.201350,45.813822],[85.200090,45.813712],[85.199785,45.813574],[85.199602,45.813304],[85.199707,45.812997],[85.200986,45.812531],[85.201024,45.812089],[85.200911,45.811887],[85.200086,45.811967],[85.198151,45.812465],[85.197438,45.812773],[85.196899,45.812849],[85.196557,45.812735],[85.196465,45.812625],[85.196473,45.812400],[85.196959,45.812098],[85.197555,45.812106],[85.198322,45.811984],[85.199984,45.811064],[85.199983,45.810371],[85.199452,45.810188],[85.199406,45.809769],[85.199564,45.809680],[85.200292,45.809632],[85.200742,45.809371],[85.200811,45.809080],[85.200597,45.808701],[85.200111,45.808235],[85.200059,45.807992],[85.200322,45.807595],[85.201358,45.806900],[85.201465,45.806550],[85.201436,45.806333],[85.201191,45.806171],[85.199352,45.806278],[85.199144,45.806075],[85.199212,45.805792],[85.200205,45.805322],[85.200702,45.804686],[85.200517,45.804508],[85.199794,45.804381],[85.198274,45.804585],[85.197839,45.804403],[85.197810,45.804227],[85.199298,45.803121],[85.199594,45.802833],[85.199602,45.802616],[85.199358,45.802371],[85.199132,45.802367],[85.198233,45.802881],[85.197829,45.802858],[85.197207,45.802557],[85.196154,45.802701],[85.195637,45.802468],[85.194936,45.802416],[85.194743,45.802480],[85.194726,45.802990],[85.195036,45.804472],[85.194860,45.804753],[85.194486,45.804907],[85.194071,45.804834],[85.193258,45.803804],[85.191688,45.803364],[85.191443,45.803185],[85.191446,45.803094],[85.192024,45.802926],[85.193631,45.802949],[85.193826,45.802843],[85.193802,45.802467],[85.193440,45.801861],[85.192708,45.801283],[85.192239,45.801051],[85.191648,45.800909],[85.190904,45.800347],[85.188543,45.800380],[85.188454,45.800229],[85.188675,45.799982],[85.189485,45.799642],[85.189743,45.799379],[85.189752,45.799137],[85.189440,45.798807],[85.189038,45.798709],[85.187584,45.798780],[85.187529,45.798579],[85.187849,45.798291],[85.187855,45.798099],[85.187590,45.797803],[85.186098,45.797164],[85.185412,45.796645],[85.184374,45.794869],[85.183276,45.793810],[85.181990,45.793441],[85.181470,45.792949],[85.180898,45.792206],[85.180190,45.791645],[85.179528,45.791485],[85.177806,45.791344],[85.177240,45.791144],[85.177128,45.790942],[85.177194,45.790743],[85.177580,45.790598],[85.180213,45.790944],[85.182415,45.790992],[85.183210,45.790719],[85.183442,45.790547],[85.183478,45.790172],[85.183123,45.789724],[85.182522,45.789540],[85.181585,45.789410],[85.180704,45.789398],[85.180209,45.789240],[85.179756,45.788507],[85.179260,45.788367],[85.178559,45.788332],[85.177005,45.787775],[85.174406,45.788206],[85.172684,45.788775],[85.171883,45.789231],[85.170744,45.789457],[85.169805,45.789427],[85.169740,45.789201],[85.170258,45.789033],[85.172125,45.788750],[85.172676,45.788315],[85.172616,45.787939],[85.172134,45.787397],[85.170320,45.787130],[85.169969,45.786949],[85.169449,45.786457],[85.169236,45.786429],[85.168657,45.786647],[85.168407,45.786643],[85.168475,45.786377],[85.168998,45.786050],[85.169006,45.785791],[85.168689,45.785653],[85.167960,45.785726],[85.167070,45.786006],[85.165750,45.785937],[85.164970,45.785751],[85.163734,45.784940],[85.163249,45.784490],[85.161778,45.784294],[85.161501,45.784022],[85.161476,45.783688],[85.163474,45.782347],[85.163709,45.782067],[85.163646,45.781799],[85.163254,45.781417],[85.161926,45.781599],[85.161642,45.781553],[85.161675,45.780576],[85.161567,45.780199],[85.160978,45.779639],[85.159539,45.779577],[85.159319,45.779373],[85.159299,45.778914],[85.159095,45.778577],[85.158666,45.778220],[85.157576,45.777712],[85.156425,45.776484],[85.154880,45.776370],[85.154579,45.776123],[85.154515,45.775880],[85.156855,45.774637],[85.159249,45.773895],[85.159955,45.773437],[85.160157,45.773089],[85.160130,45.772822],[85.158747,45.771791],[85.158730,45.771591],[85.158460,45.771102],[85.157229,45.771218],[85.156568,45.771050],[85.155627,45.771062],[85.153784,45.771319],[85.153101,45.771092],[85.153050,45.770840],[85.153401,45.770670],[85.155479,45.770483],[85.156218,45.770118],[85.156256,45.770027],[85.155944,45.769738],[85.155835,45.769445],[85.155997,45.769230],[85.156865,45.768908],[85.156871,45.768733],[85.156498,45.768486],[85.155907,45.768343],[85.153384,45.768290],[85.152856,45.768057],[85.152612,45.767853],[85.152625,45.767477],[85.152997,45.766648],[85.153069,45.766273],[85.152766,45.766068],[85.152048,45.765816],[85.151891,45.764820],[85.151612,45.764590],[85.149910,45.764565],[85.149380,45.764382],[85.149229,45.764271],[85.149329,45.764114],[85.149910,45.763839],[85.149752,45.763569],[85.149543,45.763416],[85.148532,45.763376],[85.148063,45.763169],[85.147991,45.762817],[85.148627,45.762292],[85.149780,45.762000],[85.149915,45.761517],[85.149421,45.761335],[85.146337,45.761331],[85.146018,45.761243],[85.145838,45.760931],[85.146452,45.759654],[85.146431,45.759195],[85.146229,45.758833],[85.145822,45.758518],[85.145421,45.758403],[85.144505,45.758390],[85.143708,45.758712],[85.141837,45.760162],[85.141550,45.760200],[85.141233,45.760061],[85.141244,45.759736],[85.142185,45.759015],[85.142451,45.758535],[85.142435,45.758292],[85.142252,45.758089],[85.140928,45.758136],[85.140218,45.758351],[85.139453,45.758782],[85.138636,45.759714],[85.138007,45.759637],[85.137859,45.759418],[85.138030,45.758953],[85.139490,45.757656],[85.140353,45.757159],[85.141435,45.756841],[85.142054,45.756500],[85.143140,45.755013],[85.143096,45.754544],[85.142761,45.754214],[85.141871,45.754109],[85.141424,45.754302],[85.140813,45.754778],[85.140051,45.755117],[85.139633,45.755161],[85.139282,45.755331],[85.138881,45.755918],[85.138605,45.755981],[85.138071,45.755931],[85.137413,45.755637],[85.137170,45.755433],[85.137532,45.754929],[85.138711,45.754596],[85.138934,45.754332],[85.139074,45.754042],[85.139047,45.753783],[85.138624,45.753267],[85.138262,45.753036],[85.136821,45.753390],[85.136452,45.753385],[85.135887,45.753184],[85.135462,45.752710],[85.135107,45.751911],[85.134748,45.751597],[85.133249,45.751173],[85.133034,45.750836],[85.132987,45.750460],[85.132769,45.750197],[85.131985,45.750135],[85.131648,45.749888],[85.131755,45.749539],[85.131980,45.749208],[85.131872,45.748881],[85.131352,45.748380],[85.130854,45.748331],[85.130278,45.748431],[85.128806,45.748984],[85.127984,45.748972],[85.127969,45.748729],[85.128445,45.748386],[85.129668,45.747787],[85.130510,45.747199],[85.130625,45.746607],[85.130508,45.746205],[85.129961,45.745445],[85.129752,45.745291],[85.129217,45.745258],[85.128544,45.745423],[85.127394,45.745230],[85.126853,45.745397],[85.125976,45.745960],[85.125246,45.746032],[85.125158,45.745838],[85.125905,45.745232],[85.125822,45.744872],[85.125900,45.744656],[85.125588,45.744384],[85.125245,45.744287],[85.124760,45.744288],[85.123946,45.744291],[85.122855,45.744124],[85.122033,45.744111],[85.121822,45.744016],[85.121948,45.743801],[85.122936,45.743482],[85.123386,45.743222],[85.123399,45.742822],[85.123099,45.742533],[85.121815,45.742095],[85.121009,45.742659],[85.120570,45.742602],[85.120457,45.742425],[85.120936,45.741990],[85.121284,45.741202],[85.121296,45.740868],[85.121133,45.740732],[85.120512,45.740789],[85.119837,45.741004],[85.119166,45.741102],[85.119021,45.740815],[85.119256,45.740552],[85.119229,45.740284],[85.119045,45.740106],[85.118028,45.740199],[85.117876,45.740113],[85.117740,45.739551],[85.117344,45.739261],[85.116304,45.739002],[85.115396,45.739054],[85.114328,45.738904],[85.112449,45.737345],[85.112165,45.737282],[85.111694,45.737450],[85.110937,45.738340],[85.110459,45.738374],[85.110152,45.738260],[85.110099,45.737708],[85.110650,45.736590],[85.110593,45.736171],[85.110238,45.735723],[85.109093,45.735729],[85.108586,45.735913],[85.107229,45.736885],[85.106981,45.736797],[85.106861,45.736486],[85.106984,45.735670],[85.106617,45.735221],[85.106279,45.734999],[85.104713,45.734722],[85.103356,45.734658],[85.103145,45.734546],[85.102877,45.733991],[85.102573,45.733810],[85.101967,45.733750],[85.101019,45.733893],[85.099854,45.733782],[85.099552,45.733534],[85.099144,45.732200],[85.098467,45.731729],[85.095569,45.731680],[85.094637,45.732065],[85.094021,45.732606],[85.093637,45.732683],[85.093198,45.732609],[85.093174,45.732257],[85.093327,45.731617],[85.093754,45.730990],[85.093744,45.730589],[85.093524,45.730384],[85.093084,45.730335],[85.092831,45.730414],[85.091575,45.731195],[85.091098,45.731161],[85.090506,45.729982],[85.087951,45.728209],[85.087250,45.727404],[85.086033,45.727032],[85.085602,45.726715],[85.084472,45.725526],[85.083913,45.725116],[85.083307,45.724328],[85.083027,45.724123],[85.082530,45.724006],[85.082249,45.723825],[85.081719,45.722931],[85.080971,45.722433],[85.080304,45.721695],[85.076791,45.721699],[85.076604,45.721579],[85.076713,45.721205],[85.076949,45.720925],[85.076957,45.720683],[85.076718,45.720345],[85.074319,45.719225],[85.072657,45.718902],[85.071240,45.718768],[85.070144,45.718305],[85.069158,45.717427],[85.067451,45.716669],[85.066588,45.716052],[85.064919,45.715579],[85.064166,45.715548],[85.063886,45.715359],[85.064085,45.714110],[85.063696,45.713593],[85.063054,45.713840],[85.062853,45.714129],[85.062112,45.714466],[85.059885,45.713163],[85.059502,45.713156],[85.059186,45.713309],[85.059173,45.713684],[85.058871,45.714121],[85.058518,45.714290],[85.058038,45.714348],[85.057396,45.714578],[85.056855,45.714634],[85.055627,45.714519],[85.055406,45.714340],[85.055564,45.713590],[85.055251,45.713301],[85.054980,45.713187],[85.054593,45.713314],[85.054196,45.713724],[85.053779,45.714000],[85.052990,45.713985],[85.052426,45.713690],[85.051987,45.713590],[85.051541,45.713673],[85.051377,45.713937],[85.051313,45.714729],[85.051527,45.715109],[85.050908,45.715381],[85.048174,45.715863],[85.047038,45.715841],[85.044674,45.716363],[85.043848,45.716372],[85.041986,45.716887],[85.041379,45.717142],[85.039757,45.717311],[85.038343,45.716991],[85.037877,45.716982],[85.036790,45.717912],[85.035600,45.718398],[85.035288,45.718417],[85.034757,45.718181],[85.034126,45.718102],[85.032031,45.718060],[85.031232,45.718311],[85.030453,45.719022],[85.029551,45.719447],[85.026192,45.720290],[85.025041,45.720659],[85.024355,45.721072],[85.023776,45.721194],[85.022700,45.721122],[85.022271,45.720721],[85.022598,45.719617],[85.022315,45.719502],[85.021748,45.719600],[85.021516,45.719728],[85.021110,45.719704],[85.020793,45.719497],[85.020649,45.719185],[85.020278,45.718818],[85.019651,45.718614],[85.018325,45.718495],[85.017785,45.718526],[85.017504,45.718679],[85.017279,45.718607],[85.017353,45.717548],[85.016949,45.717098],[85.016549,45.716889],[85.016662,45.716407],[85.016556,45.715695],[85.016323,45.715181],[85.016046,45.714866],[85.015069,45.714738],[85.013140,45.714740],[85.012172,45.715013],[85.011608,45.715043],[85.011157,45.715235],[85.010173,45.715966],[85.009826,45.715959],[85.009368,45.715682],[85.008850,45.715764],[85.008269,45.716261],[85.007982,45.716915],[85.007944,45.717315],[85.008343,45.717566],[85.009419,45.717629],[85.009663,45.717835],[85.009645,45.718344],[85.009025,45.718924],[85.007332,45.719357],[85.007074,45.719527],[85.006889,45.720008],[85.006387,45.719972],[85.006144,45.719750],[85.006028,45.719305],[85.005624,45.719205],[85.002996,45.719498],[85.002353,45.719385],[85.002246,45.719195],[85.000683,45.718996],[84.999254,45.719100],[84.998215,45.718987],[84.996667,45.718738],[84.996172,45.718511],[84.995117,45.717846],[84.994504,45.717232],[84.993970,45.717088],[84.991953,45.716871],[84.991177,45.716462],[84.990324,45.716219],[84.989293,45.716557],[84.988060,45.716549],[84.987379,45.716159],[84.986917,45.715690],[84.986325,45.715478],[84.984687,45.715402],[84.984403,45.715305],[84.984251,45.714859],[84.984043,45.714654],[84.981356,45.714449],[84.980957,45.714214],[84.979785,45.714150],[84.978242,45.713784],[84.977275,45.713372],[84.975142,45.712751],[84.972707,45.711859],[84.972203,45.711565],[84.971751,45.711155],[84.971725,45.710895],[84.972347,45.710240],[84.972999,45.709769],[84.974232,45.709109],[84.974689,45.708718],[84.974818,45.708478],[84.974704,45.708325],[84.974456,45.708229],[84.973879,45.708284],[84.972764,45.708662],[84.972441,45.708655],[84.972233,45.708451],[84.972180,45.707915],[84.971865,45.707032],[84.971309,45.706861],[84.970642,45.706756],[84.969791,45.706789],[84.969329,45.706980],[84.968853,45.707228],[84.966985,45.708895],[84.964760,45.709819],[84.963712,45.710023],[84.961620,45.709956],[84.961030,45.709727],[84.960578,45.709300],[84.958809,45.708930],[84.958259,45.708585],[84.958175,45.708274],[84.958759,45.707668],[84.959580,45.706182],[84.960244,45.705359],[84.960491,45.704495],[84.959886,45.703048],[84.959550,45.702732],[84.958870,45.703011],[84.958610,45.703248],[84.958547,45.703997],[84.957904,45.705221],[84.957238,45.707061],[84.956672,45.707827],[84.956417,45.707930],[84.956070,45.707923],[84.955787,45.707809],[84.955917,45.707518],[84.956681,45.706590],[84.956742,45.705907],[84.956655,45.705664],[84.956410,45.705500],[84.955653,45.705267],[84.954321,45.704398],[84.952867,45.703592],[84.951918,45.702713],[84.949948,45.701329],[84.949490,45.700769],[84.948297,45.700369],[84.946940,45.698414],[84.946391,45.697258],[84.945790,45.696916],[84.945465,45.696731],[84.944858,45.696009],[84.944442,45.695316],[84.943827,45.694803],[84.943145,45.694497],[84.942742,45.694071],[84.942300,45.693420],[84.942039,45.692730],[84.941814,45.692016],[84.941873,45.691047],[84.941709,45.690318],[84.941048,45.688802],[84.940470,45.687947],[84.938644,45.686900],[84.938132,45.686223],[84.937943,45.685518],[84.937781,45.685356],[84.937569,45.685285],[84.936618,45.685467],[84.936297,45.685435],[84.935635,45.684603],[84.935596,45.684036],[84.935201,45.683401],[84.934993,45.683222],[84.934706,45.683242],[84.934444,45.683545],[84.934014,45.683845],[84.933071,45.683853],[84.931466,45.682668],[84.928545,45.681577],[84.927747,45.680894],[84.927334,45.680752],[84.926645,45.680681],[84.926345,45.680382],[84.925896,45.679623],[84.925627,45.678515],[84.925176,45.677779],[84.925415,45.677142],[84.925411,45.676606],[84.922931,45.674288],[84.922475,45.673986],[84.922547,45.672684],[84.922078,45.671815],[84.920900,45.670448],[84.919709,45.669432],[84.919510,45.668677],[84.919558,45.668112],[84.919821,45.667530],[84.919978,45.666840],[84.919953,45.666217],[84.918943,45.665325],[84.918414,45.665098],[84.918083,45.664716],[84.917952,45.664046],[84.918077,45.663255],[84.916734,45.661860],[84.916211,45.661474],[84.915619,45.661355],[84.915380,45.661058],[84.915309,45.657833],[84.915127,45.656635],[84.914490,45.654527],[84.914192,45.653903],[84.913040,45.652821],[84.912526,45.652210],[84.912005,45.651783],[84.911756,45.651444],[84.911453,45.651247],[84.909946,45.651060],[84.909474,45.650943],[84.909136,45.650736],[84.909061,45.650208],[84.909167,45.649918],[84.909400,45.649722],[84.909830,45.649555],[84.910119,45.649297],[84.910240,45.649099],[84.910228,45.648936],[84.909063,45.648075],[84.908531,45.647159],[84.907871,45.647113],[84.907264,45.647256],[84.906942,45.647426],[84.906424,45.647404],[84.906000,45.646966],[84.905822,45.646633],[84.905594,45.646507],[84.905213,45.646500],[84.904686,45.646733],[84.904370,45.646748],[84.902987,45.646138],[84.901908,45.646018],[84.901218,45.645817],[84.900741,45.645533],[84.900074,45.645354],[84.899299,45.645398],[84.898444,45.645967],[84.897985,45.645971],[84.897274,45.645558],[84.896744,45.645418],[84.895723,45.645333],[84.893018,45.644453],[84.891718,45.644188],[84.889041,45.642595],[84.888589,45.642090],[84.886658,45.641082],[84.886426,45.640911],[84.886077,45.641038],[84.885476,45.641512],[84.885159,45.641540],[84.884883,45.641447],[84.884858,45.641171],[84.885191,45.640380],[84.885106,45.640115],[84.884845,45.639922],[84.883954,45.639740],[84.882311,45.638671],[84.880578,45.638732],[84.879851,45.638297],[84.878947,45.638139],[84.877651,45.637494],[84.876394,45.637410],[84.875493,45.637481],[84.873053,45.638023],[84.871887,45.638533],[84.871236,45.638589],[84.870807,45.638326],[84.870676,45.637994],[84.870266,45.637687],[84.870077,45.637662],[84.869329,45.637937],[84.868022,45.637931],[84.867296,45.637326],[84.866922,45.637144],[84.865413,45.637143],[84.864773,45.637416],[84.864394,45.637363],[84.864016,45.637311],[84.863747,45.637197],[84.863204,45.636478],[84.862984,45.636324],[84.862806,45.636321],[84.862127,45.636660],[84.860493,45.636498],[84.859789,45.636269],[84.859102,45.635906],[84.858894,45.634817],[84.858861,45.634106],[84.858555,45.633725],[84.857331,45.633729],[84.856206,45.632883],[84.855194,45.632122],[84.853739,45.631638],[84.851048,45.631191],[84.847680,45.631350],[84.846315,45.631636],[84.845398,45.631963],[84.842871,45.632863],[84.842460,45.633056],[84.842192,45.633536],[84.840752,45.634221],[84.840247,45.634405],[84.839295,45.634438],[84.838592,45.633875],[84.838362,45.633378],[84.838376,45.633003],[84.837902,45.632360],[84.837613,45.631537],[84.836355,45.630897],[84.835464,45.629353],[84.834223,45.628271],[84.833590,45.627960],[84.831010,45.630007],[84.826863,45.633360],[84.827307,45.636996],[84.827212,45.639455],[84.827475,45.644346],[84.827636,45.644805],[84.828088,45.645353],[84.829756,45.646609],[84.829656,45.647259],[84.826495,45.648516],[84.824386,45.649599],[84.822866,45.650508],[84.821856,45.650816],[84.821321,45.650832],[84.819593,45.650643],[84.817904,45.651324],[84.817304,45.651472],[84.816453,45.651340],[84.814352,45.651304],[84.813252,45.651176],[84.812853,45.651035],[84.811154,45.651031],[84.806863,45.652283],[84.803982,45.653643],[84.803712,45.654165],[84.803511,45.656859],[84.803181,45.658022],[84.800900,45.659201],[84.797516,45.660619],[84.796652,45.661714],[84.794823,45.662583],[84.793662,45.663380],[84.792889,45.663676],[84.792066,45.663753],[84.788688,45.663466],[84.786960,45.662349],[84.785536,45.661045],[84.785458,45.660601],[84.785679,45.659828],[84.786270,45.658428],[84.785914,45.657803],[84.784660,45.656102],[84.783412,45.655177],[84.780946,45.653778],[84.778984,45.652548],[84.776136,45.651167],[84.773892,45.650732],[84.772743,45.650310],[84.772196,45.649706],[84.772142,45.648662],[84.772851,45.646094],[84.773767,45.643389],[84.773981,45.642182],[84.773956,45.641029],[84.773607,45.640513],[84.773205,45.640155],[84.773097,45.639886],[84.773325,45.639539],[84.773680,45.639279],[84.776138,45.639375],[84.777445,45.639725],[84.778191,45.639806],[84.778865,45.639618],[84.788363,45.634848],[84.790946,45.633835],[84.792232,45.633173],[84.793685,45.631278],[84.800542,45.623977],[84.802024,45.623118],[84.803371,45.621789],[84.803906,45.620855],[84.803919,45.620546],[84.803404,45.620027],[84.803319,45.619783],[84.803467,45.619343],[84.804205,45.618672],[84.805033,45.616941],[84.804833,45.615676],[84.804874,45.614616],[84.805204,45.614071],[84.805455,45.613432],[84.806077,45.612692],[84.806252,45.612160],[84.806089,45.611631],[84.806127,45.610968],[84.805963,45.610756],[84.805672,45.610605],[84.805602,45.610407],[84.805939,45.610159],[84.806526,45.609242],[84.806469,45.608731],[84.806273,45.608440],[84.805970,45.608272],[84.805716,45.608242],[84.805197,45.608321],[84.804257,45.608672],[84.803382,45.608865],[84.802972,45.608870],[84.802821,45.608788],[84.802694,45.608080],[84.802193,45.607541],[84.802191,45.606058],[84.801450,45.605586],[84.800580,45.604752],[84.799369,45.603812],[84.798451,45.602856],[84.797197,45.601969],[84.795302,45.601363],[84.794537,45.600894],[84.794124,45.600511],[84.793681,45.600306],[84.792787,45.600244],[84.792336,45.600082],[84.792170,45.599924],[84.792171,45.599118],[84.792007,45.598915],[84.791605,45.598711],[84.791027,45.598613],[84.790127,45.598705],[84.789784,45.598653],[84.788063,45.597574],[84.787289,45.597318],[84.785090,45.597641],[84.783618,45.597593],[84.783240,45.597243],[84.783256,45.596834],[84.783117,45.596301],[84.780917,45.594219],[84.780773,45.593949],[84.780778,45.593373],[84.780678,45.593196],[84.779810,45.592925],[84.779463,45.592534],[84.779627,45.591994],[84.780522,45.591589],[84.780522,45.591117],[84.779935,45.590488],[84.779506,45.590226],[84.778960,45.590060],[84.777710,45.589971],[84.777000,45.590033],[84.775983,45.589914],[84.775752,45.589746],[84.775837,45.589539],[84.776463,45.589183],[84.776470,45.589008],[84.776322,45.588851],[84.776057,45.588792],[84.775616,45.588817],[84.774497,45.589314],[84.773788,45.589221],[84.773782,45.589058],[84.774251,45.588791],[84.774804,45.588622],[84.775310,45.588155],[84.775337,45.587893],[84.775158,45.587635],[84.775197,45.587406],[84.775412,45.587222],[84.775827,45.587084],[84.776599,45.586956],[84.777099,45.586623],[84.777268,45.586413],[84.777279,45.586138],[84.777008,45.585769],[84.776612,45.585432],[84.774689,45.584766],[84.774587,45.584630],[84.774455,45.583909],[84.774095,45.583560],[84.773862,45.583447],[84.772204,45.583579],[84.771850,45.583376],[84.771731,45.583227],[84.771852,45.582988],[84.772316,45.582708],[84.772358,45.582554],[84.772161,45.582275],[84.770510,45.581183],[84.769743,45.581060],[84.769461,45.580975],[84.769329,45.580839],[84.769290,45.580630],[84.769662,45.580248],[84.769897,45.579856],[84.769623,45.578970],[84.771489,45.578241],[84.772102,45.577910],[84.772398,45.577486],[84.772180,45.577106],[84.771868,45.577033],[84.771013,45.577192],[84.769569,45.577941],[84.768937,45.578005],[84.768814,45.577948],[84.768786,45.577760],[84.770028,45.576998],[84.770326,45.576674],[84.770352,45.576332],[84.770280,45.576197],[84.769679,45.575910],[84.769734,45.575731],[84.771338,45.574814],[84.771460,45.574595],[84.771483,45.574019],[84.771348,45.573841],[84.771195,45.573792],[84.770814,45.573818],[84.770113,45.574106],[84.769561,45.574083],[84.769336,45.573924],[84.768036,45.571790],[84.767696,45.570732],[84.766030,45.568424],[84.764438,45.566869],[84.761397,45.565031],[84.759978,45.564419],[84.759947,45.564298],[84.760047,45.564166],[84.760525,45.564088],[84.761376,45.563640],[84.761534,45.563255],[84.761544,45.562992],[84.761216,45.562564],[84.760837,45.562502],[84.760272,45.562558],[84.759580,45.562908],[84.757992,45.564126],[84.757517,45.565002],[84.757010,45.565489],[84.756252,45.565850],[84.755721,45.565760],[84.755541,45.565193],[84.755168,45.564722],[84.755011,45.564335],[84.756446,45.563390],[84.756705,45.563153],[84.756778,45.562920],[84.755830,45.562714],[84.755773,45.562525],[84.755852,45.562184],[84.756112,45.561914],[84.756168,45.561672],[84.755870,45.561266],[84.754285,45.561192],[84.754196,45.561070],[84.754330,45.560818],[84.754830,45.560527],[84.754932,45.560354],[84.754379,45.559604],[84.754028,45.559309],[84.753665,45.559301],[84.752735,45.559350],[84.752566,45.559292],[84.752419,45.559110],[84.752538,45.558795],[84.754093,45.557355],[84.755863,45.555941],[84.757119,45.555147],[84.757562,45.554759],[84.757566,45.554638],[84.757399,45.554501],[84.757164,45.554463],[84.756275,45.554680],[84.755816,45.554712],[84.755695,45.554622],[84.755781,45.554415],[84.756673,45.553802],[84.756694,45.553539],[84.756509,45.553147],[84.755342,45.552110],[84.755028,45.551957],[84.754797,45.551953],[84.754109,45.552194],[84.753872,45.552189],[84.753598,45.552042],[84.753513,45.551786],[84.753500,45.550900],[84.752842,45.549993],[84.752145,45.549698],[84.751039,45.548801],[84.750575,45.548525],[84.750324,45.548407],[84.749526,45.548316],[84.748094,45.547247],[84.747624,45.547096],[84.747399,45.546933],[84.747466,45.546404],[84.747761,45.546059],[84.747533,45.545048],[84.746969,45.544586],[84.745837,45.544195],[84.745153,45.544061],[84.744789,45.543623],[84.744711,45.543212],[84.744276,45.542773],[84.743698,45.542628],[84.743095,45.542729],[84.742585,45.543249],[84.741831,45.543234],[84.738598,45.542713],[84.738056,45.542447],[84.737681,45.541988],[84.736939,45.541672],[84.735535,45.541347],[84.734845,45.540481],[84.734910,45.539280],[84.734766,45.538600],[84.734431,45.537908],[84.734317,45.536749],[84.734620,45.535837],[84.735454,45.534660],[84.735815,45.534379],[84.736459,45.534061],[84.736976,45.533609],[84.737164,45.533225],[84.737177,45.532907],[84.736975,45.532461],[84.736153,45.531746],[84.735301,45.531353],[84.735007,45.530971],[84.734894,45.530500],[84.734454,45.529924],[84.734405,45.529371],[84.734992,45.528958],[84.736778,45.528360],[84.737137,45.528162],[84.737381,45.527858],[84.737432,45.527442],[84.737309,45.527263],[84.736436,45.527078],[84.735232,45.526975],[84.735153,45.526886],[84.735339,45.526560],[84.735362,45.526005],[84.735133,45.525461],[84.734877,45.524429],[84.734511,45.524066],[84.733735,45.523850],[84.733503,45.523690],[84.733483,45.523448],[84.735063,45.523359],[84.736536,45.523101],[84.737336,45.522753],[84.737810,45.522355],[84.738543,45.521267],[84.739200,45.521047],[84.739479,45.520756],[84.739508,45.520334],[84.739405,45.519802],[84.738789,45.519460],[84.738765,45.519292],[84.738901,45.519007],[84.739229,45.518704],[84.740033,45.518211],[84.740177,45.517763],[84.739747,45.517189],[84.739278,45.517026],[84.738327,45.516853],[84.736570,45.516771],[84.736405,45.516604],[84.736334,45.516281],[84.736382,45.515994],[84.737247,45.515461],[84.737627,45.514750],[84.737530,45.514339],[84.736975,45.514127],[84.736809,45.513936],[84.736846,45.513749],[84.738107,45.512860],[84.738120,45.512538],[84.737705,45.512362],[84.736264,45.512267],[84.736140,45.512089],[84.736327,45.511883],[84.737125,45.511536],[84.737456,45.511188],[84.737426,45.511021],[84.737276,45.510909],[84.736372,45.510744],[84.735671,45.510885],[84.734741,45.511375],[84.734523,45.511337],[84.734418,45.511135],[84.734882,45.510241],[84.734724,45.509737],[84.734900,45.508625],[84.736655,45.506808],[84.736729,45.506453],[84.736678,45.506232],[84.736526,45.506062],[84.736041,45.505956],[84.733620,45.506282],[84.731960,45.506168],[84.731774,45.506043],[84.731292,45.505181],[84.730600,45.505079],[84.729595,45.505079],[84.729206,45.504984],[84.728792,45.504766],[84.728691,45.504508],[84.728966,45.504293],[84.730085,45.503832],[84.730236,45.503193],[84.730711,45.502321],[84.730718,45.502167],[84.730477,45.501915],[84.729675,45.501899],[84.729573,45.501788],[84.729584,45.501513],[84.729939,45.501253],[84.729979,45.500701],[84.729796,45.500522],[84.729312,45.500446],[84.729155,45.500343],[84.729202,45.500056],[84.729690,45.499622],[84.730540,45.498449],[84.730928,45.498103],[84.731714,45.497789],[84.731950,45.497394],[84.731960,45.497151],[84.731872,45.496962],[84.731675,45.496848],[84.731407,45.496844],[84.729756,45.497227],[84.729523,45.497122],[84.729342,45.496889],[84.729326,45.496545],[84.729554,45.495598],[84.729572,45.495168],[84.728835,45.493516],[84.728728,45.493075],[84.728814,45.491252],[84.729020,45.490107],[84.729023,45.489590],[84.728662,45.489268],[84.727931,45.489400],[84.727647,45.489374],[84.727357,45.489188],[84.727306,45.488836],[84.727476,45.488176],[84.727542,45.486940],[84.726930,45.485766],[84.726839,45.485209],[84.726875,45.484329],[84.726733,45.484004],[84.726026,45.483547],[84.725929,45.483148],[84.725917,45.482718],[84.726330,45.482195],[84.727292,45.481343],[84.727577,45.480769],[84.726604,45.479692],[84.726237,45.479509],[84.725722,45.479451],[84.723986,45.479871],[84.723737,45.479865],[84.723570,45.479728],[84.723641,45.479433],[84.723888,45.479205],[84.723863,45.478660],[84.723674,45.477871],[84.723755,45.477498],[84.724092,45.476953],[84.724145,45.476383],[84.723946,45.475857],[84.723780,45.475697],[84.723401,45.475669],[84.723052,45.475750],[84.722701,45.475917],[84.722173,45.476471],[84.722024,45.476468],[84.721876,45.476464],[84.721291,45.476067],[84.720251,45.475770],[84.718681,45.475624],[84.717261,45.474996],[84.716215,45.474833],[84.716172,45.474719],[84.716370,45.474514],[84.716699,45.474466],[84.717763,45.474632],[84.717969,45.474548],[84.718659,45.473944],[84.718930,45.473871],[84.719607,45.474198],[84.720065,45.474195],[84.720653,45.474054],[84.722083,45.473244],[84.722753,45.472715],[84.722841,45.472454],[84.721649,45.471181],[84.720345,45.470355],[84.719811,45.470310],[84.719148,45.470383],[84.718576,45.470573],[84.717420,45.471499],[84.717196,45.471592],[84.716815,45.471608],[84.716487,45.471191],[84.716605,45.469900],[84.716575,45.469026],[84.716417,45.468216],[84.716107,45.467349],[84.715884,45.465520],[84.715736,45.465221],[84.715598,45.465084],[84.714739,45.465011],[84.714554,45.464886],[84.714441,45.464153],[84.714277,45.463940],[84.713504,45.463649],[84.712409,45.463062],[84.711908,45.462661],[84.711701,45.462348],[84.711465,45.460388],[84.711148,45.459980],[84.711036,45.459669],[84.711013,45.458787],[84.710596,45.457329],[84.710618,45.456779],[84.710830,45.456252],[84.711922,45.454982],[84.711897,45.454727],[84.711221,45.453650],[84.711259,45.452725],[84.710725,45.451794],[84.709501,45.451050],[84.709133,45.450725],[84.708791,45.450228],[84.708109,45.450039],[84.706619,45.450260],[84.706375,45.450109],[84.706257,45.449931],[84.706258,45.449488],[84.705687,45.448749],[84.705713,45.448538],[84.706384,45.448289],[84.706583,45.448072],[84.706662,45.447287],[84.706542,45.446742],[84.706310,45.446287],[84.705961,45.445958],[84.705319,45.445801],[84.704350,45.446076],[84.703719,45.446552],[84.703217,45.447180],[84.702782,45.447944],[84.702443,45.448091],[84.701863,45.448015],[84.701665,45.447897],[84.702579,45.446340],[84.702579,45.445917],[84.702229,45.445601],[84.701683,45.445556],[84.701432,45.445449],[84.701315,45.445259],[84.701326,45.444976],[84.702562,45.443686],[84.702836,45.443104],[84.702848,45.442807],[84.702436,45.442402],[84.699869,45.442501],[84.698693,45.442751],[84.698176,45.442739],[84.697435,45.442393],[84.697231,45.442422],[84.697033,45.442613],[84.696508,45.443522],[84.695993,45.443752],[84.695502,45.443841],[84.693646,45.443391],[84.692951,45.442779],[84.692568,45.442561],[84.692485,45.442259],[84.692772,45.441360],[84.692713,45.440465],[84.692414,45.439772],[84.692008,45.439220],[84.691288,45.438795],[84.690383,45.438533],[84.689525,45.438714],[84.688372,45.439275],[84.687551,45.439268],[84.687139,45.439004],[84.686793,45.438601],[84.686834,45.436876],[84.686057,45.435798],[84.685463,45.435785],[84.684703,45.436187],[84.684560,45.436182],[84.684336,45.435981],[84.684233,45.435745],[84.684462,45.435245],[84.684772,45.433781],[84.684724,45.433070],[84.685473,45.430180],[84.685596,45.429060],[84.685239,45.428496],[84.684723,45.428012],[84.683543,45.426175],[84.683147,45.425388],[84.683134,45.424991],[84.682990,45.424578],[84.683059,45.424062],[84.683351,45.423902],[84.684496,45.423684],[84.684678,45.423467],[84.684688,45.423204],[84.684489,45.422979],[84.682538,45.422259],[84.682234,45.421989],[84.681133,45.421588],[84.680154,45.420957],[84.679608,45.420495],[84.679428,45.420222],[84.679321,45.419791],[84.679113,45.419509],[84.678829,45.419470],[84.678443,45.419603],[84.677630,45.420704],[84.676841,45.420808],[84.675128,45.420657],[84.675089,45.420460],[84.675383,45.420245],[84.675973,45.420070],[84.676167,45.419853],[84.676413,45.418932],[84.677169,45.418472],[84.677965,45.418202],[84.678084,45.418050],[84.677995,45.417484],[84.676484,45.417208],[84.675777,45.417180],[84.674605,45.417333],[84.672126,45.417896],[84.670861,45.417714],[84.669942,45.417794],[84.669858,45.417745],[84.669761,45.417689],[84.669727,45.417379],[84.671213,45.416098],[84.671334,45.415757],[84.671328,45.415469],[84.670957,45.415374],[84.670026,45.415452],[84.669760,45.415413],[84.669388,45.415205],[84.668577,45.413970],[84.667720,45.413421],[84.666500,45.412863],[84.666208,45.412590],[84.665272,45.412063],[84.665232,45.411895],[84.665360,45.411638],[84.666939,45.411419],[84.667689,45.411093],[84.668768,45.410165],[84.668823,45.409991],[84.668680,45.409712],[84.667969,45.409353],[84.667885,45.409097],[84.668855,45.407627],[84.669082,45.406747],[84.668765,45.406506],[84.668462,45.406499],[84.667332,45.406942],[84.666201,45.406816],[84.665519,45.406634],[84.664855,45.406310],[84.664602,45.405950],[84.664496,45.405496],[84.664221,45.405235],[84.663463,45.404876],[84.663596,45.404403],[84.664051,45.404028],[84.664575,45.403155],[84.664905,45.402364],[84.664921,45.401713],[84.664084,45.401377],[84.663639,45.401054],[84.660928,45.400058],[84.660536,45.400049],[84.660333,45.400065],[84.660136,45.400228],[84.659835,45.401069],[84.659466,45.401625],[84.658724,45.402030],[84.658357,45.402130],[84.657721,45.401995],[84.657469,45.401614],[84.656575,45.400666],[84.655917,45.400631],[84.655467,45.400884],[84.654941,45.400388],[84.654334,45.400107],[84.654004,45.399757],[84.653775,45.399255],[84.653627,45.398245],[84.653258,45.396817],[84.652973,45.396251],[84.652751,45.396162],[84.651538,45.396728],[84.651004,45.396716],[84.650923,45.396405],[84.651776,45.395589],[84.652882,45.393868],[84.653604,45.392531],[84.654928,45.390664],[84.655364,45.390181],[84.657177,45.388876],[84.657378,45.388613],[84.657386,45.388421],[84.657263,45.388235],[84.656895,45.388227],[84.655272,45.388683],[84.654392,45.389257],[84.653400,45.389678],[84.652921,45.389775],[84.652303,45.389762],[84.651710,45.389464],[84.650218,45.389030],[84.649220,45.389033],[84.647584,45.388086],[84.646164,45.386797],[84.644956,45.386428],[84.644810,45.386082],[84.644973,45.385159],[84.645218,45.384567],[84.645532,45.384286],[84.645684,45.383926],[84.645622,45.383273],[84.645349,45.382966],[84.645250,45.382642],[84.645310,45.382347],[84.645573,45.382165],[84.647041,45.381579],[84.647351,45.381285],[84.647426,45.381036],[84.647549,45.379932],[84.647404,45.379277],[84.647186,45.379227],[84.646100,45.379624],[84.645864,45.379586],[84.645719,45.379361],[84.646209,45.378875],[84.647004,45.378316],[84.647368,45.377564],[84.647224,45.377172],[84.646794,45.376941],[84.645970,45.376790],[84.644294,45.376644],[84.644220,45.376421],[84.644347,45.376094],[84.645123,45.375138],[84.645017,45.374705],[84.644792,45.374533],[84.643789,45.374820],[84.642760,45.374985],[84.640417,45.375054],[84.639956,45.375144],[84.639446,45.375012],[84.639468,45.374770],[84.639733,45.374529],[84.640624,45.374219],[84.640775,45.374014],[84.640788,45.372840],[84.640977,45.372159],[84.641068,45.370253],[84.641256,45.368887],[84.641169,45.368287],[84.640653,45.366693],[84.640556,45.366039],[84.639564,45.364175],[84.639012,45.363762],[84.637362,45.363450],[84.637069,45.363364],[84.636889,45.363164],[84.636737,45.362638],[84.636735,45.361268],[84.636658,45.360836],[84.635665,45.359035],[84.635465,45.358855],[84.633170,45.358529],[84.632810,45.358220],[84.632799,45.358032],[84.633078,45.357729],[84.634497,45.356900],[84.634631,45.356661],[84.634497,45.356457],[84.634282,45.356344],[84.632795,45.356729],[84.632413,45.356741],[84.632276,45.356694],[84.632138,45.356648],[84.631626,45.356127],[84.630275,45.353524],[84.629897,45.353065],[84.628701,45.352007],[84.628287,45.351137],[84.627910,45.350786],[84.627088,45.349311],[84.626896,45.349064],[84.626303,45.348650],[84.625750,45.347577],[84.624988,45.347043],[84.624172,45.346273],[84.624166,45.345997],[84.624417,45.345238],[84.624350,45.344731],[84.623848,45.344244],[84.623318,45.343878],[84.622916,45.343694],[84.622217,45.343565],[84.621769,45.343339],[84.620701,45.342229],[84.620001,45.341805],[84.618818,45.340743],[84.617212,45.339756],[84.616766,45.339216],[84.615654,45.338728],[84.614864,45.338214],[84.614184,45.337615],[84.613802,45.336997],[84.613464,45.336835],[84.612501,45.336626],[84.611918,45.336321],[84.611756,45.335750],[84.611554,45.335612],[84.610812,45.335395],[84.610298,45.334912],[84.610171,45.334659],[84.608585,45.333817],[84.608254,45.333371],[84.605027,45.330791],[84.598435,45.326857],[84.597610,45.326468],[84.595911,45.325876],[84.595500,45.325517],[84.595031,45.324709],[84.594858,45.324074],[84.594343,45.323633],[84.594201,45.323333],[84.594096,45.322742],[84.593886,45.322528],[84.592840,45.322076],[84.592248,45.321379],[84.591939,45.321259],[84.590885,45.321283],[84.589848,45.321019],[84.589855,45.320852],[84.590910,45.319980],[84.590914,45.319612],[84.590734,45.319412],[84.590331,45.319270],[84.588663,45.319102],[84.587731,45.318907],[84.587654,45.318220],[84.587428,45.317981],[84.587043,45.317811],[84.586790,45.317517],[84.586715,45.317052],[84.586797,45.315812],[84.586685,45.315513],[84.586355,45.315210],[84.585948,45.315210],[84.584626,45.315671],[84.583924,45.315624],[84.583904,45.315410],[84.584450,45.315091],[84.585085,45.314883],[84.585264,45.314719],[84.585302,45.314503],[84.585219,45.314233],[84.583592,45.313118],[84.582019,45.312576],[84.581070,45.312092],[84.580550,45.311518],[84.579300,45.310740],[84.580617,45.298815],[84.581370,45.293615],[84.581700,45.290465],[84.581873,45.288814],[84.581893,45.288655],[84.583729,45.274264],[84.585991,45.259935],[84.587351,45.252114],[84.588880,45.241430],[84.593049,45.237495],[84.595234,45.236056],[84.596042,45.235391],[84.596581,45.234764],[84.597916,45.231504],[84.598392,45.230944],[84.600232,45.229542],[84.601654,45.228864],[84.602614,45.228107],[84.603672,45.227603],[84.609166,45.223000],[84.610646,45.221521],[84.612645,45.220192],[84.614728,45.219140],[84.615587,45.218503],[84.616466,45.217038],[84.618008,45.214076],[84.619816,45.212631],[84.621316,45.210653],[84.622429,45.207418],[84.623131,45.206334],[84.624846,45.203087],[84.626572,45.200328],[84.626698,45.199566],[84.627370,45.198077],[84.628761,45.195650],[84.630363,45.193303],[84.631059,45.191595],[84.631324,45.190608],[84.631871,45.189134],[84.632311,45.188116],[84.632791,45.187327],[84.632741,45.187003],[84.633285,45.185936],[84.633982,45.185013],[84.634920,45.184108],[84.635691,45.183538],[84.636500,45.183086],[84.638872,45.182092],[84.639615,45.181694],[84.640722,45.180939],[84.642572,45.179483],[84.644259,45.178380],[84.647498,45.175575],[84.650337,45.173349],[84.653053,45.170648],[84.656051,45.168088],[84.659964,45.165405],[84.663004,45.163111],[84.665751,45.161415],[84.666865,45.160103],[84.668894,45.158546],[84.668625,45.154298],[84.667501,45.147594],[84.666849,45.141640],[84.661586,45.102329],[84.661570,45.102214],[84.657399,45.063472],[84.656437,45.055772],[84.653769,45.034423],[84.651920,45.019628],[84.650606,45.009105],[84.642366,45.003279],[84.651636,45.000123],[84.647673,44.967719],[84.642963,44.929192],[84.635663,44.930232],[84.634382,44.908382],[84.634008,44.906009],[84.633950,44.905129],[84.634331,44.901016],[84.634429,44.898059],[84.634648,44.895139],[84.634729,44.894057],[84.635799,44.879768],[84.636122,44.877217],[84.636116,44.876643],[84.635529,44.871854],[84.635266,44.868529],[84.635019,44.867664],[84.635062,44.867464],[84.635274,44.867237],[84.635634,44.867073],[84.648424,44.866724],[84.648629,44.866326],[84.649099,44.857979],[84.649382,44.850177],[84.650086,44.835602],[84.650094,44.835428],[84.651010,44.816472],[84.651255,44.811387],[84.652485,44.791034],[84.640506,44.791777],[84.630276,44.792410],[84.629526,44.792448],[84.627917,44.792339],[84.627881,44.792381],[84.627784,44.792315],[84.626002,44.791772],[84.626424,44.784236],[84.628155,44.783790],[84.631462,44.782164],[84.634611,44.779902],[84.636454,44.778988],[84.637168,44.779097],[84.643083,44.775259],[84.644525,44.774213],[84.645267,44.773108],[84.647955,44.766689],[84.648371,44.765999],[84.648762,44.765546],[84.649307,44.765173],[84.651599,44.763973],[84.656981,44.761954],[84.673661,44.755259],[84.673993,44.754364],[84.674213,44.752916],[84.674249,44.752572],[84.674052,44.752129],[84.674418,44.751924],[84.674513,44.750624],[84.674778,44.750283],[84.675544,44.750009],[84.676149,44.749463],[84.676421,44.749412],[84.677489,44.748794],[84.678277,44.748112],[84.678217,44.747489],[84.677795,44.746779],[84.678357,44.746109],[84.677402,44.745347],[84.675364,44.744141],[84.673525,44.743619],[84.673095,44.743694],[84.672752,44.743162],[84.672936,44.741871],[84.673930,44.740723],[84.675537,44.740859],[84.677334,44.739846],[84.680953,44.739827],[84.683171,44.740532],[84.686591,44.740510],[84.690614,44.739240],[84.693980,44.737180],[84.694775,44.736461],[84.694752,44.734886],[84.695555,44.734453],[84.701375,44.734275],[84.702576,44.733554],[84.703173,44.733549],[84.703601,44.735259],[84.704006,44.735547],[84.705620,44.735680],[84.706415,44.735382],[84.708403,44.733797],[84.708403,44.733518],[84.710574,44.731216],[84.712531,44.727190],[84.708663,44.723931],[84.707630,44.721641],[84.707607,44.719931],[84.708379,44.717923],[84.711353,44.715188],[84.714581,44.714928],[84.715884,44.715030],[84.716726,44.715361],[84.717598,44.716550],[84.718078,44.716873],[84.718644,44.716959],[84.719044,44.716654],[84.719520,44.715761],[84.719863,44.715575],[84.721334,44.715417],[84.724428,44.714722],[84.728107,44.712652],[84.729627,44.711172],[84.730692,44.711074],[84.732432,44.711230],[84.733352,44.711517],[84.734616,44.711634],[84.735600,44.711609],[84.737427,44.712180],[84.737808,44.712041],[84.738346,44.711499],[84.738930,44.710461],[84.738960,44.709677],[84.739081,44.709247],[84.739502,44.709052],[84.740257,44.708930],[84.740744,44.708719],[84.740901,44.708326],[84.740919,44.707004],[84.741899,44.703956],[84.742949,44.703350],[84.744395,44.702942],[84.745016,44.702586],[84.745027,44.702365],[84.744615,44.701601],[84.744695,44.701215],[84.746013,44.699896],[84.746990,44.698700],[84.746876,44.696799],[84.747578,44.694901],[84.748762,44.693602],[84.751158,44.693011],[84.754134,44.690982],[84.754713,44.689553],[84.754294,44.687980],[84.754271,44.686404],[84.755324,44.686472],[84.760441,44.683706],[84.760359,44.683192],[84.762751,44.680619],[84.764462,44.679911],[84.764486,44.679270],[84.763921,44.678638],[84.763905,44.677616],[84.764006,44.676761],[84.764264,44.676691],[84.764811,44.676723],[84.766411,44.677124],[84.767155,44.677053],[84.767282,44.676833],[84.766908,44.676519],[84.768369,44.674998],[84.770078,44.674304],[84.770744,44.674232],[84.771283,44.674411],[84.772872,44.675695],[84.773841,44.676131],[84.775131,44.676126],[84.775661,44.675845],[84.776840,44.674355],[84.777475,44.672619],[84.780171,44.670971],[84.781911,44.669628],[84.782677,44.669187],[84.783706,44.668869],[84.785088,44.668621],[84.787860,44.668587],[84.788285,44.668648],[84.789414,44.669584],[84.792799,44.672048],[84.793781,44.672561],[84.794600,44.672723],[84.795145,44.672732],[84.795699,44.672511],[84.796239,44.672468],[84.796804,44.673941],[84.798373,44.680282],[84.798832,44.681266],[84.799205,44.681775],[84.801935,44.683390],[84.803963,44.683307],[84.805007,44.683060],[84.805481,44.682774],[84.808970,44.683014],[84.814328,44.683620],[84.827029,44.684220],[84.854176,44.685682],[84.850732,44.692229],[84.846902,44.699509],[84.844367,44.704551],[84.844323,44.704639],[84.844093,44.705096],[84.839956,44.713330],[84.834886,44.723258],[84.834568,44.723853],[84.834329,44.724302],[84.833707,44.725464],[84.832012,44.728637],[84.830664,44.731163],[84.827312,44.737436],[84.827266,44.737522],[84.825890,44.740098],[84.823488,44.744594],[84.819735,44.751617],[84.819073,44.752856],[84.818650,44.753684],[84.816924,44.757060],[84.813223,44.764301],[84.804500,44.781361],[84.793111,44.802800],[84.792700,44.803742],[84.792358,44.805540],[84.792271,44.807951],[84.792252,44.808488],[84.797185,44.809062],[84.801437,44.809945],[84.807038,44.811108],[84.811057,44.811783],[84.812349,44.812319],[84.820131,44.815550],[84.823754,44.816800],[84.832423,44.820423],[84.833633,44.820840],[84.836678,44.823385],[84.838086,44.823652],[84.839882,44.823350],[84.846322,44.825000],[84.848510,44.825788],[84.848924,44.826098],[84.849167,44.826405],[84.849445,44.826488],[84.851074,44.826329],[84.855525,44.824625],[84.857646,44.823057],[84.858940,44.822448],[84.860933,44.821312],[84.866397,44.818720],[84.868138,44.817756],[84.878609,44.812640],[84.883730,44.810043],[84.888863,44.807615],[84.894707,44.804674],[84.898242,44.802894],[84.899398,44.802723],[84.907716,44.802132],[84.911469,44.801968],[84.915147,44.801627],[84.916810,44.801625],[84.920389,44.802445],[84.930981,44.804460],[84.937379,44.805846],[84.937929,44.805769],[84.938309,44.805509],[84.940354,44.803297],[84.941218,44.802504],[84.941321,44.802409],[84.942386,44.801774],[84.943337,44.801341],[84.944358,44.801085],[84.946548,44.800753],[84.951335,44.800580],[84.952734,44.800332],[84.953901,44.799959],[84.956859,44.797761],[84.957072,44.797402],[84.957776,44.795151],[84.958662,44.793430],[84.959205,44.792735],[84.960275,44.788443],[84.960865,44.787582],[84.961687,44.786834],[84.963977,44.783353],[84.965005,44.782116],[84.965182,44.781931],[84.965606,44.781760],[84.966677,44.781452],[84.967586,44.780906],[84.968870,44.779427],[84.971216,44.777377],[84.973021,44.776118],[84.974924,44.775296],[84.976346,44.774239],[84.977015,44.773467],[84.978810,44.772003],[84.979267,44.771402],[84.979994,44.769846],[84.980278,44.769643],[84.981954,44.769059],[84.984138,44.768088],[84.987479,44.767095],[84.987957,44.767247],[84.988361,44.767665],[84.989213,44.768221],[84.990063,44.768519],[84.991571,44.768725],[84.992330,44.768762],[84.992898,44.768673],[84.994711,44.768071],[84.998676,44.765732],[85.000337,44.764893],[85.002150,44.763459],[85.002461,44.763131],[85.003469,44.761438],[85.004701,44.760059],[85.005053,44.759757],[85.005609,44.759535],[85.006399,44.758844],[85.007994,44.756854],[85.008398,44.756420],[85.008984,44.756168],[85.009307,44.755853],[85.009619,44.755342],[85.009918,44.755222],[85.010403,44.755283],[85.010856,44.754854],[85.012936,44.754010],[85.015326,44.752852],[85.019371,44.751548],[85.021954,44.750606],[85.023985,44.749693],[85.026679,44.748397],[85.031624,44.745585],[85.035508,44.744528],[85.038746,44.743350],[85.041371,44.742551],[85.046596,44.740205],[85.047629,44.739195],[85.049385,44.736003],[85.050844,44.732733],[85.053245,44.726642],[85.053518,44.724483],[85.054406,44.723351],[85.054792,44.723165],[85.054130,44.718957],[85.054008,44.718185],[85.053116,44.717064],[85.052654,44.716137],[85.052025,44.714299],[85.051897,44.713341],[85.050676,44.713225],[85.050493,44.713131],[85.050423,44.712878],[85.052348,44.701721],[85.052880,44.698130],[85.045317,44.696576],[85.043487,44.696058],[85.041838,44.695915],[85.039937,44.695185],[85.037886,44.694735],[85.033308,44.693531],[85.030225,44.692450],[85.028989,44.691688],[85.027517,44.690473],[85.026816,44.689256],[85.026042,44.688199],[85.025342,44.686690],[85.025452,44.685603],[85.025102,44.682601],[85.025254,44.681588],[85.024998,44.678793],[85.024834,44.678200],[85.024615,44.675593],[85.024406,44.674495],[85.024220,44.670030],[85.023852,44.668079],[85.023623,44.666221],[85.023643,44.665647],[85.022113,44.653035],[85.021783,44.650311],[85.019509,44.632371],[85.018256,44.619649],[85.046780,44.623117],[85.055088,44.624382],[85.065200,44.625716],[85.068360,44.626379],[85.010296,44.574837],[84.943356,44.565107],[84.901129,44.558965],[84.900269,44.558840],[84.853844,44.552091],[84.855923,44.545343],[84.857301,44.544188],[84.858277,44.542542],[84.857855,44.540468],[84.858432,44.539758],[84.858239,44.538907],[84.855154,44.535334],[84.855133,44.533601],[84.856267,44.529615],[84.855629,44.527467],[84.851935,44.521493],[84.852300,44.518644],[84.853818,44.514324],[84.854789,44.512761],[84.854930,44.509750],[84.855315,44.508736],[84.859035,44.504269],[84.858617,44.502851],[84.858984,44.500962],[84.861117,44.498363],[84.861069,44.495592],[84.856958,44.487426],[84.856120,44.486224],[84.850476,44.480184],[84.844470,44.474113],[84.837721,44.468012],[84.833754,44.465946],[84.829329,44.464535],[84.826605,44.462975],[84.825886,44.462563],[84.825623,44.461838],[84.825474,44.461711],[84.824074,44.460324],[84.822429,44.458697],[84.814750,44.451099],[84.812930,44.449115],[84.805873,44.443468],[84.802462,44.441923],[84.797428,44.438118],[84.797017,44.437265],[84.794958,44.434761],[84.794748,44.434513],[84.794541,44.434253],[84.793679,44.433205],[84.792348,44.431586],[84.791518,44.429736],[84.791313,44.429021],[84.790893,44.428017],[84.790475,44.427017],[84.788806,44.423023],[84.788425,44.422762],[84.787192,44.420194],[84.787374,44.419189],[84.787354,44.417632],[84.787351,44.417336],[84.787504,44.414757],[84.787633,44.410037],[84.788196,44.408032],[84.787960,44.405311],[84.788120,44.403020],[84.788205,44.395447],[84.787999,44.395012],[84.786392,44.393885],[84.784593,44.393474],[84.779999,44.392661],[84.778200,44.391962],[84.778187,44.391120],[84.778183,44.390869],[84.778156,44.389137],[84.777918,44.386676],[84.777644,44.381815],[84.777422,44.380244],[84.777369,44.376807],[84.777499,44.372375],[84.778002,44.366079],[84.777918,44.360501],[84.778649,44.356494],[84.779221,44.354624],[84.779000,44.353199],[84.778961,44.350769],[84.778534,44.349196],[84.778649,44.343622],[84.779777,44.339037],[84.781102,44.334591],[84.781064,44.332153],[84.782565,44.326280],[84.784715,44.324115],[84.785498,44.323104],[84.786596,44.317943],[84.786557,44.316390],[84.785905,44.314435],[84.784783,44.311936],[84.784059,44.309836],[84.783770,44.308133],[84.784313,44.306792],[84.786195,44.305051],[84.791442,44.300117],[84.792636,44.297942],[84.793504,44.295550],[84.793577,44.292579],[84.793908,44.287978],[84.795567,44.280679],[84.795743,44.279099],[84.796497,44.276378],[84.796672,44.274798],[84.796223,44.271660],[84.795606,44.270237],[84.795766,44.267802],[84.798248,44.261343],[84.798203,44.258770],[84.796535,44.253353],[84.795286,44.249644],[84.793381,44.242234],[84.791880,44.235093],[84.791469,44.233808],[84.791637,44.231949],[84.791766,44.227373],[84.791721,44.224656],[84.791088,44.222522],[84.785779,44.212703],[84.783958,44.210286],[84.780438,44.201029],[84.776986,44.195767],[84.773700,44.188942],[84.772038,44.184090],[84.768783,44.178398],[84.764528,44.173145],[84.762294,44.169595],[84.759663,44.166468],[84.753819,44.160653],[84.746141,44.151857],[84.739896,44.146182],[84.738881,44.144327],[84.737838,44.141798],[84.735758,44.137209],[84.733194,44.132039],[84.732903,44.130831],[84.731819,44.128561],[84.733327,44.128022],[84.734489,44.127394],[84.735691,44.126492],[84.737154,44.126033],[84.737980,44.126171],[84.739752,44.127214],[84.740785,44.128270],[84.742542,44.129701],[84.746018,44.131274],[84.748445,44.132484],[84.752200,44.134146],[84.757995,44.136974],[84.761242,44.139468],[84.764666,44.141589],[84.766058,44.142208],[84.768360,44.143605],[84.769829,44.144627],[84.780047,44.150448],[84.782004,44.151461],[84.785960,44.153831],[84.787178,44.154739],[84.788218,44.155769],[84.789412,44.156676],[84.790856,44.158055],[84.791967,44.158710],[84.794507,44.159909],[84.797325,44.161421],[84.802599,44.162325],[84.804240,44.162755],[84.806191,44.162948],[84.807675,44.163543],[84.811463,44.163851],[84.813575,44.163780],[84.816911,44.163153],[84.820691,44.161163],[84.822781,44.160381],[84.823796,44.160181],[84.824876,44.160108],[84.825732,44.160148],[84.826491,44.160294],[84.826886,44.160251],[84.827945,44.159810],[84.828777,44.159849],[84.830503,44.160163],[84.832266,44.160719],[84.832899,44.161258],[84.832045,44.163815],[84.834912,44.164007],[84.835861,44.164565],[84.836181,44.165185],[84.836353,44.166695],[84.836611,44.167234],[84.837374,44.168217],[84.837625,44.168891],[84.838044,44.169482],[84.838494,44.170043],[84.839443,44.170868],[84.840033,44.171146],[84.841012,44.171409],[84.843255,44.171271],[84.844526,44.171338],[84.845129,44.171761],[84.845963,44.172173],[84.848811,44.173108],[84.850536,44.173864],[84.850993,44.173851],[84.852014,44.173285],[84.853415,44.173550],[84.854612,44.173088],[84.855437,44.172968],[84.856213,44.172997],[84.857029,44.173130],[84.857409,44.173283],[84.859801,44.170537],[84.860917,44.169503],[84.861435,44.169111],[84.862161,44.168723],[84.862563,44.168649],[84.864497,44.168682],[84.866612,44.168852],[84.868331,44.168765],[84.871141,44.168973],[84.873738,44.169302],[84.876219,44.170298],[84.877493,44.170671],[84.881573,44.170768],[84.884226,44.170548],[84.887608,44.171051],[84.888928,44.171099],[84.891098,44.171472],[84.893216,44.171636],[84.895731,44.172416],[84.897359,44.173331],[84.902280,44.176645],[84.903876,44.177535],[84.905427,44.177981],[84.906283,44.178131],[84.909873,44.178464],[84.914258,44.178705],[84.916375,44.178987],[84.917341,44.179288],[84.917669,44.179562],[84.918056,44.180121],[84.918538,44.181283],[84.918924,44.182543],[84.920113,44.184445],[84.922699,44.187738],[84.924854,44.190318],[84.926108,44.192046],[84.927720,44.194525],[84.928821,44.195674],[84.929393,44.196921],[84.929859,44.197573],[84.930669,44.198366],[84.931997,44.200664],[84.932833,44.203378],[84.933089,44.204728],[84.933590,44.206200],[84.934059,44.206948],[84.934718,44.207416],[84.934861,44.207661],[84.935413,44.211352],[84.935345,44.213272],[84.934984,44.214756],[84.935112,44.215602],[84.935582,44.217466],[84.935238,44.218157],[84.935225,44.219029],[84.935137,44.219202],[84.935024,44.220273],[84.935024,44.222086],[84.935292,44.223241],[84.935294,44.224026],[84.935124,44.225059],[84.935166,44.225502],[84.937159,44.227971],[84.937169,44.228206],[84.937021,44.228424],[84.936994,44.229197],[84.936627,44.229853],[84.936681,44.230164],[84.936792,44.230487],[84.937239,44.231013],[84.937292,44.231182],[84.937087,44.231708],[84.937093,44.232026],[84.937197,44.232228],[84.937682,44.232339],[84.937938,44.232518],[84.937994,44.232741],[84.937605,44.233210],[84.937966,44.234365],[84.937814,44.234725],[84.937802,44.235081],[84.937929,44.235438],[84.938163,44.235739],[84.938172,44.235994],[84.937968,44.236144],[84.937896,44.236377],[84.937934,44.236607],[84.938231,44.236968],[84.938289,44.237458],[84.938581,44.238124],[84.938751,44.239255],[84.938740,44.240559],[84.938563,44.241281],[84.938009,44.242114],[84.937843,44.243197],[84.937836,44.244134],[84.937550,44.244680],[84.937348,44.244823],[84.937291,44.245084],[84.937690,44.246032],[84.938521,44.246920],[84.938791,44.247523],[84.938857,44.248773],[84.939382,44.249568],[84.939422,44.251422],[84.939344,44.252030],[84.939437,44.252320],[84.939645,44.252554],[84.940053,44.253380],[84.941913,44.255162],[84.942371,44.255405],[84.944603,44.255921],[84.945587,44.256437],[84.946316,44.257261],[84.948139,44.258809],[84.949512,44.259245],[84.950678,44.259920],[84.952145,44.261152],[84.954091,44.262032],[84.955675,44.263219],[84.956512,44.264318],[84.957110,44.266602],[84.957403,44.267235],[84.957619,44.268074],[84.958088,44.268685],[84.958705,44.269734],[84.959139,44.270695],[84.959095,44.272615],[84.959339,44.274650],[84.959952,44.278689],[84.960272,44.279723],[84.960490,44.280179],[84.962527,44.282885],[84.962720,44.283540],[84.963565,44.285446],[84.964404,44.287021],[84.967303,44.289490],[84.968438,44.291969],[84.968420,44.292474],[84.968064,44.293803],[84.967554,44.295221],[84.967469,44.295805],[84.967723,44.296562],[84.968546,44.297263],[84.969085,44.297394],[84.974891,44.297944],[84.975884,44.298298],[84.976684,44.298478],[84.978026,44.299048],[84.984211,44.302236],[84.986326,44.303596],[84.986935,44.304268],[84.988030,44.305752],[84.991418,44.308583],[84.993118,44.309469],[84.996152,44.310681],[84.999449,44.311555],[85.002212,44.311816],[85.005042,44.312334],[85.014524,44.314639],[85.017603,44.315228],[85.019674,44.315872],[85.020661,44.316088],[85.023883,44.316417],[85.025562,44.316759],[85.033107,44.316813],[85.038608,44.317273],[85.042004,44.317420],[85.042966,44.317284],[85.045372,44.316633],[85.046566,44.316568],[85.049708,44.316737],[85.052031,44.317171],[85.053771,44.317324],[85.060154,44.317324],[85.062834,44.317442],[85.065403,44.317281],[85.066334,44.317163],[85.066913,44.316962],[85.068622,44.316630],[85.069985,44.316533],[85.073047,44.315850],[85.075074,44.315752],[85.076656,44.315350],[85.081431,44.314629],[85.085444,44.313694],[85.087025,44.313467],[85.088944,44.313049],[85.095402,44.312228],[85.098705,44.311678],[85.102104,44.311347],[85.106765,44.310154],[85.107839,44.309695],[85.108537,44.309531],[85.109658,44.309555],[85.109790,44.308386],[85.110330,44.307052],[85.110338,44.306538],[85.110608,44.305479],[85.111321,44.304863],[85.111626,44.304444],[85.111985,44.303115],[85.112390,44.302498],[85.112270,44.301315],[85.111953,44.300643],[85.111960,44.300431],[85.112320,44.299754],[85.112309,44.299422],[85.112051,44.299058],[85.112031,44.298880],[85.112282,44.298137],[85.112088,44.297928],[85.112018,44.297570],[85.112084,44.296968],[85.111985,44.295800],[85.112037,44.295218],[85.112497,44.294651],[85.112552,44.294381],[85.112383,44.293932],[85.112391,44.293681],[85.112760,44.292838],[85.112680,44.292139],[85.112421,44.291680],[85.112256,44.290536],[85.112487,44.289363],[85.112451,44.288606],[85.112238,44.288292],[85.112135,44.287257],[85.111797,44.286846],[85.111779,44.286609],[85.111278,44.285672],[85.110066,44.285019],[85.109647,44.284647],[85.109164,44.284445],[85.107807,44.283372],[85.107590,44.282676],[85.107536,44.280880],[85.107431,44.280690],[85.107597,44.279481],[85.107780,44.278223],[85.107510,44.274601],[85.107251,44.270974],[85.106989,44.267352],[85.106721,44.263730],[85.106703,44.263531],[85.106660,44.259908],[85.106616,44.256277],[85.106614,44.256120],[85.106480,44.255725],[85.106386,44.254899],[85.106049,44.253550],[85.105376,44.251578],[85.104934,44.250892],[85.105034,44.250579],[85.105376,44.250178],[85.105402,44.249915],[85.105287,44.249778],[85.104484,44.249392],[85.104652,44.248685],[85.104173,44.247061],[85.103892,44.246647],[85.103222,44.246042],[85.103039,44.245333],[85.102050,44.244412],[85.101989,44.244183],[85.102185,44.243831],[85.101664,44.243106],[85.102024,44.241777],[85.101324,44.240659],[85.101184,44.239292],[85.100883,44.237725],[85.100900,44.236935],[85.100641,44.235434],[85.100375,44.234925],[85.100365,44.234568],[85.100645,44.233580],[85.100361,44.231924],[85.100662,44.231327],[85.100655,44.230856],[85.100248,44.230099],[85.100458,44.229544],[85.100716,44.229237],[85.100691,44.228945],[85.099850,44.228239],[85.099811,44.228051],[85.100144,44.227688],[85.100192,44.227276],[85.099779,44.226725],[85.099898,44.226211],[85.099324,44.225749],[85.099338,44.225473],[85.099175,44.225320],[85.098894,44.224709],[85.098532,44.224305],[85.097801,44.222788],[85.097575,44.222117],[85.096461,44.220829],[85.096370,44.220446],[85.095618,44.219588],[85.095522,44.219374],[85.095546,44.218643],[85.095352,44.218329],[85.095479,44.216892],[85.095347,44.216361],[85.095119,44.216139],[85.095175,44.215448],[85.094905,44.214946],[85.094702,44.213928],[85.094405,44.213336],[85.094365,44.212831],[85.094565,44.211801],[85.095031,44.210767],[85.095024,44.210589],[85.094853,44.210318],[85.095116,44.209859],[85.095051,44.209353],[85.095440,44.209246],[85.095547,44.209100],[85.095534,44.208842],[85.095162,44.208012],[85.095148,44.207809],[85.095305,44.207461],[85.094945,44.207089],[85.094679,44.204050],[85.094488,44.203739],[85.094372,44.202689],[85.094100,44.202365],[85.094069,44.202008],[85.094112,44.201732],[85.094523,44.201210],[85.094739,44.200660],[85.094595,44.199691],[85.094772,44.198985],[85.094514,44.198571],[85.093792,44.197940],[85.093577,44.197574],[85.093536,44.197257],[85.093643,44.195519],[85.093425,44.194603],[85.093765,44.193868],[85.093877,44.192321],[85.093911,44.192138],[85.094217,44.191796],[85.094219,44.191400],[85.093195,44.189934],[85.093052,44.189445],[85.092998,44.188343],[85.092834,44.187805],[85.092453,44.187201],[85.092380,44.186826],[85.092522,44.186080],[85.092235,44.185551],[85.092105,44.184275],[85.091792,44.183497],[85.091495,44.183165],[85.091359,44.182871],[85.091348,44.182563],[85.091141,44.181943],[85.090070,44.180403],[85.090054,44.180091],[85.089874,44.179722],[85.089545,44.179416],[85.089104,44.178394],[85.088648,44.177808],[85.087848,44.176192],[85.087705,44.175065],[85.087745,44.173853],[85.087625,44.173708],[85.087581,44.171915],[85.088599,44.170211],[85.088653,44.169991],[85.088558,44.169761],[85.088577,44.169430],[85.088728,44.168993],[85.089078,44.168442],[85.089126,44.167775],[85.089041,44.166972],[85.088483,44.165091],[85.088054,44.164702],[85.087852,44.164234],[85.087842,44.163884],[85.088674,44.161971],[85.089092,44.161335],[85.090762,44.160113],[85.090967,44.159717],[85.090913,44.159276],[85.090578,44.159037],[85.090373,44.158763],[85.090313,44.157852],[85.090828,44.156991],[85.091080,44.156220],[85.091319,44.154795],[85.091147,44.154156],[85.092210,44.153021],[85.092393,44.152658],[85.092340,44.152178],[85.092127,44.151741],[85.092099,44.151295],[85.092357,44.149920],[85.092709,44.149556],[85.092835,44.149277],[85.092762,44.148959],[85.091799,44.147880],[85.092366,44.144361],[85.092445,44.142306],[85.092759,44.139984],[85.094015,44.136052],[85.094830,44.132503],[85.095357,44.128089],[85.095884,44.125137],[85.095940,44.123395],[85.096588,44.116567],[85.096698,44.112056],[85.096569,44.110116],[85.096270,44.108935],[85.096191,44.107783],[85.095923,44.106301],[85.095511,44.101975],[85.095499,44.100892],[85.095638,44.099773],[85.095685,44.097932],[85.095611,44.097052],[85.095468,44.096501],[85.094010,44.095338],[85.089145,44.090389],[85.079686,44.084188],[85.078685,44.083919],[85.072463,44.080974],[85.072057,44.080409],[85.070245,44.079279],[85.067653,44.079015],[85.063851,44.077767],[85.056391,44.072977],[85.052182,44.071152],[85.051960,44.070150],[85.051148,44.069298],[85.047948,44.068616],[85.046746,44.067909],[85.046325,44.066912],[85.045322,44.066353],[85.043124,44.065941],[85.041509,44.064668],[85.041470,44.063094],[85.040850,44.061814],[85.040812,44.059951],[85.041194,44.059230],[85.042757,44.057363],[85.042542,44.056648],[85.039510,44.054242],[85.036293,44.052694],[85.034095,44.052282],[85.031491,44.051160],[85.028104,44.051192],[85.025889,44.049915],[85.025476,44.049062],[85.023867,44.048220],[85.022473,44.048372],[85.021883,44.048666],[85.020487,44.048530],[85.016648,44.045700],[85.013997,44.042435],[85.010165,44.040028],[85.006762,44.039050],[85.001190,44.039233],[84.999397,44.038819],[84.992553,44.035009],[84.990714,44.032597],[84.988713,44.031891],[84.986522,44.032052],[84.984728,44.031926],[84.979103,44.029104],[84.974638,44.024129],[84.969750,44.018022],[84.965691,44.013901],[84.963830,44.010060],[84.960392,44.006941],[84.959986,44.006367],[84.959940,44.004081],[84.959061,44.002078],[84.958571,44.001213],[84.958347,44.000572],[84.958060,43.998692],[84.958371,43.997432],[84.958278,43.996798],[84.957880,43.995899],[84.957483,43.993930],[84.957244,43.993335],[84.955858,43.991951],[84.955513,43.991383],[84.953391,43.989291],[84.951847,43.986943],[84.950136,43.985989],[84.949447,43.985221],[84.949130,43.984613],[84.948943,43.983781],[84.948704,43.983278],[84.947466,43.981816],[84.946895,43.980943],[84.946590,43.980124],[84.945675,43.979409],[84.945503,43.979026],[84.945451,43.977982],[84.944906,43.976700],[84.945278,43.974257],[84.945132,43.973517],[84.945252,43.972949],[84.945477,43.970268],[84.945901,43.968750],[84.946325,43.966611],[84.945789,43.965203],[84.945749,43.964688],[84.946067,43.963698],[84.946173,43.962998],[84.945934,43.961558],[84.945895,43.960593],[84.946107,43.959564],[84.946186,43.958058],[84.946107,43.956776],[84.945232,43.955375],[84.945139,43.955005],[84.945126,43.954199],[84.945324,43.953341],[84.945430,43.951756],[84.945112,43.950936],[84.945112,43.950580],[84.945947,43.948785],[84.946385,43.947108],[84.946809,43.946462],[84.947737,43.945446],[84.948081,43.944839],[84.950706,43.942850],[84.955460,43.937332],[84.956096,43.936449],[84.956362,43.935974],[84.956481,43.935300],[84.956468,43.934310],[84.956348,43.933451],[84.956408,43.932929],[84.956846,43.932428],[84.957403,43.932113],[84.960665,43.931434],[84.961436,43.931051],[84.961899,43.930697],[84.962709,43.930474],[84.963134,43.930197],[84.963293,43.929776],[84.963306,43.928138],[84.963525,43.927616],[84.965209,43.925639],[84.965595,43.924874],[84.965740,43.924016],[84.965661,43.923144],[84.965196,43.922245],[84.963856,43.920841],[84.962570,43.920072],[84.962065,43.919648],[84.961986,43.919357],[84.962065,43.919014],[84.962397,43.918539],[84.962517,43.918183],[84.962450,43.917839],[84.961986,43.917112],[84.962039,43.916874],[84.962450,43.916413],[84.962834,43.916136],[84.962888,43.915859],[84.962702,43.915674],[84.961455,43.915050],[84.961376,43.914759],[84.962172,43.913242],[84.962371,43.912608],[84.962291,43.912225],[84.961959,43.911907],[84.960692,43.911079],[84.960228,43.909823],[84.960241,43.909479],[84.960825,43.908715],[84.960971,43.908213],[84.960772,43.906839],[84.960759,43.906007],[84.960440,43.904936],[84.960334,43.904130],[84.960202,43.903720],[84.959764,43.903111],[84.959658,43.902741],[84.959777,43.902279],[84.960652,43.901000],[84.960785,43.899957],[84.960745,43.899098],[84.960440,43.898516],[84.959923,43.898158],[84.958570,43.897653],[84.957575,43.897387],[84.956978,43.897082],[84.955878,43.896141],[84.955215,43.895902],[84.953716,43.895661],[84.952695,43.895395],[84.951064,43.894441],[84.949871,43.894002],[84.948890,43.893749],[84.947352,43.893614],[84.946305,43.893361],[84.944065,43.892169],[84.943535,43.891983],[84.942925,43.891942],[84.941865,43.892046],[84.941401,43.891979],[84.941163,43.891767],[84.941017,43.891265],[84.940977,43.890591],[84.940368,43.889296],[84.939997,43.888925],[84.937174,43.887627],[84.937188,43.887283],[84.937386,43.886900],[84.937930,43.886307],[84.938088,43.885937],[84.938062,43.885554],[84.936883,43.884165],[84.936697,43.883676],[84.936790,43.883254],[84.937267,43.882554],[84.938088,43.881710],[84.938287,43.881301],[84.938274,43.880839],[84.938035,43.880495],[84.937134,43.879860],[84.936631,43.879304],[84.936538,43.878802],[84.936591,43.877904],[84.936459,43.877481],[84.935849,43.876661],[84.935518,43.875921],[84.935439,43.874798],[84.935518,43.873966],[84.935863,43.872474],[84.936339,43.871021],[84.936710,43.870599],[84.937811,43.869782],[84.938500,43.868515],[84.939294,43.867565],[84.939692,43.866205],[84.939943,43.865888],[84.940380,43.865559],[84.941758,43.864717],[84.942394,43.864017],[84.942846,43.862551],[84.943204,43.862222],[84.943309,43.861866],[84.943720,43.861126],[84.944092,43.860810],[84.945377,43.860165],[84.945802,43.859743],[84.947047,43.857778],[84.947684,43.857065],[84.948306,43.856605],[84.948824,43.856473],[84.950660,43.856364],[84.952291,43.855549],[84.954664,43.854788],[84.956461,43.853385],[84.957416,43.852555],[84.958557,43.851382],[84.960042,43.850183],[84.960055,43.849853],[84.959419,43.848676],[84.959299,43.847315],[84.959604,43.846312],[84.959909,43.845837],[84.961236,43.845391],[84.961660,43.845115],[84.961704,43.844302],[84.962060,43.842654],[84.961940,43.841788],[84.961207,43.841305],[84.959521,43.840984],[84.958575,43.840929],[84.956124,43.841095],[84.955584,43.840832],[84.955054,43.840282],[84.954913,43.840027],[84.954693,43.838960],[84.953510,43.837301],[84.953096,43.836285],[84.952384,43.835227],[84.952027,43.834211],[84.951902,43.832346],[84.951618,43.831345],[84.951621,43.830776],[84.951395,43.830285],[84.950841,43.829925],[84.949968,43.829568],[84.948817,43.828753],[84.948477,43.828355],[84.947777,43.826527],[84.947539,43.826199],[84.946663,43.825570],[84.945734,43.825048],[84.944264,43.823967],[84.942366,43.822236],[84.940029,43.820591],[84.938590,43.819692],[84.938419,43.819104],[84.938662,43.818531],[84.938713,43.818098],[84.938609,43.817901],[84.937781,43.817124],[84.936914,43.816554],[84.935887,43.816069],[84.935622,43.815704],[84.933733,43.813889],[84.932527,43.813137],[84.931086,43.812472],[84.931024,43.812351],[84.931076,43.811823],[84.930131,43.811240],[84.929913,43.810819],[84.929765,43.809959],[84.929092,43.809210],[84.927929,43.808226],[84.927712,43.807789],[84.927626,43.807051],[84.926777,43.805657],[84.926391,43.805257],[84.925891,43.804959],[84.925581,43.804657],[84.925355,43.803835],[84.925398,43.802875],[84.925321,43.802565],[84.923591,43.800690],[84.923340,43.799916],[84.923075,43.799583],[84.920970,43.797597],[84.920782,43.797261],[84.920457,43.796454],[84.920389,43.795499],[84.920477,43.795245],[84.921168,43.794375],[84.921096,43.793546],[84.921140,43.793343],[84.921307,43.793190],[84.921382,43.792472],[84.921219,43.792023],[84.921053,43.791058],[84.921185,43.790444],[84.922005,43.789515],[84.922444,43.788330],[84.922899,43.787713],[84.923272,43.787496],[84.924312,43.787228],[84.924586,43.786977],[84.924686,43.786650],[84.924860,43.786429],[84.924666,43.785329],[84.924484,43.784804],[84.924437,43.784266],[84.924562,43.783844],[84.924723,43.783671],[84.924712,43.783359],[84.923881,43.782058],[84.923862,43.780703],[84.923217,43.779810],[84.923052,43.779442],[84.923035,43.779315],[84.923437,43.778568],[84.923546,43.777613],[84.923460,43.777180],[84.923465,43.775518],[84.923395,43.775312],[84.923054,43.774921],[84.922996,43.774680],[84.923015,43.774447],[84.923203,43.774132],[84.924830,43.772658],[84.925252,43.771983],[84.925337,43.770984],[84.925680,43.770101],[84.925527,43.768986],[84.925558,43.768245],[84.926153,43.766986],[84.926130,43.766377],[84.925110,43.764488],[84.924685,43.762990],[84.924645,43.761271],[84.925258,43.760202],[84.925280,43.759882],[84.925148,43.759230],[84.925340,43.758784],[84.925342,43.758409],[84.925198,43.757453],[84.924946,43.756751],[84.925063,43.756111],[84.925017,43.755593],[84.924844,43.755030],[84.924391,43.754401],[84.924315,43.754045],[84.924481,43.753457],[84.925471,43.751300],[84.925704,43.750502],[84.925736,43.749902],[84.925480,43.748992],[84.924956,43.748453],[84.923994,43.747802],[84.923692,43.747220],[84.922724,43.746736],[84.921639,43.746683],[84.920380,43.746833],[84.918309,43.746600],[84.916427,43.746309],[84.914996,43.745777],[84.914561,43.745541],[84.914178,43.744844],[84.913991,43.744696],[84.911465,43.743433],[84.910225,43.742506],[84.909854,43.741582],[84.909784,43.740856],[84.909653,43.740493],[84.908451,43.739074],[84.907174,43.737251],[84.906236,43.735523],[84.906160,43.735162],[84.905791,43.734469],[84.905736,43.734200],[84.904585,43.732955],[84.904323,43.732546],[84.903946,43.731544],[84.902900,43.729600],[84.902150,43.728601],[84.901907,43.727968],[84.901472,43.727447],[84.901149,43.726880],[84.900901,43.726308],[84.900774,43.725694],[84.900135,43.724605],[84.899971,43.723561],[84.898450,43.722593],[84.897879,43.721899],[84.897856,43.721662],[84.898131,43.720667],[84.898166,43.719256],[84.897987,43.717848],[84.898019,43.717455],[84.898749,43.715867],[84.898875,43.715128],[84.898816,43.714286],[84.898721,43.713859],[84.898512,43.713503],[84.897019,43.712457],[84.896592,43.711910],[84.896454,43.711583],[84.896472,43.711080],[84.896815,43.709888],[84.896356,43.708703],[84.896372,43.708273],[84.896659,43.707105],[84.896625,43.706693],[84.896536,43.706404],[84.895194,43.704206],[84.895086,43.703912],[84.895122,43.703365],[84.894146,43.702407],[84.894066,43.702249],[84.894031,43.701430],[84.893914,43.701121],[84.893443,43.700531],[84.893133,43.700023],[84.893021,43.699665],[84.892909,43.696852],[84.892734,43.696074],[84.892885,43.693645],[84.892226,43.692598],[84.891668,43.691946],[84.891509,43.691595],[84.891415,43.691088],[84.891579,43.689987],[84.891538,43.689777],[84.891079,43.688825],[84.890936,43.688035],[84.890375,43.687013],[84.890524,43.686082],[84.890452,43.685892],[84.889972,43.685555],[84.889930,43.685401],[84.890004,43.684934],[84.889865,43.684225],[84.890002,43.682411],[84.889778,43.680946],[84.889557,43.680552],[84.888387,43.679164],[84.886883,43.677630],[84.886139,43.677201],[84.883939,43.674985],[84.883121,43.673950],[84.882807,43.673301],[84.882937,43.672346],[84.882796,43.672017],[84.882281,43.671479],[84.882244,43.670844],[84.881787,43.670312],[84.881723,43.669922],[84.881418,43.669586],[84.881359,43.669275],[84.881036,43.669017],[84.880942,43.668394],[84.880575,43.667858],[84.880398,43.667279],[84.879572,43.666735],[84.879519,43.665901],[84.879373,43.665617],[84.878169,43.664551],[84.878143,43.663821],[84.877910,43.663421],[84.876811,43.662287],[84.875797,43.661549],[84.875187,43.660603],[84.874413,43.660086],[84.873850,43.659212],[84.872882,43.658689],[84.872671,43.658305],[84.872665,43.657753],[84.872035,43.657271],[84.871349,43.656245],[84.870865,43.655839],[84.870798,43.655611],[84.870988,43.655030],[84.870968,43.654712],[84.870558,43.654326],[84.870286,43.653645],[84.870095,43.653462],[84.868824,43.653168],[84.867539,43.652413],[84.866693,43.652387],[84.865823,43.652116],[84.865072,43.652092],[84.864638,43.652177],[84.863977,43.652084],[84.863518,43.651290],[84.862494,43.650629],[84.862202,43.649960],[84.861701,43.649546],[84.861268,43.648416],[84.861034,43.648052],[84.860068,43.647424],[84.858949,43.646901],[84.857128,43.646258],[84.856641,43.645994],[84.855924,43.645439],[84.854653,43.643912],[84.854078,43.643486],[84.852817,43.643021],[84.852475,43.642737],[84.852128,43.642162],[84.851849,43.641913],[84.850161,43.641315],[84.849420,43.640908],[84.849006,43.640037],[84.847656,43.638837],[84.847500,43.637925],[84.847277,43.637590],[84.847154,43.636534],[84.845833,43.635734],[84.845769,43.635616],[84.845549,43.634877],[84.845504,43.634055],[84.844740,43.631983],[84.844701,43.631542],[84.844869,43.630772],[84.844848,43.630369],[84.844328,43.628556],[84.843856,43.627832],[84.843985,43.627726],[84.844024,43.627328],[84.843874,43.626817],[84.844149,43.626201],[84.843612,43.625084],[84.843197,43.624498],[84.843700,43.623574],[84.843566,43.623122],[84.843816,43.621911],[84.843344,43.621337],[84.843175,43.620626],[84.843044,43.618850],[84.843491,43.618184],[84.843611,43.617062],[84.844003,43.616686],[84.844045,43.616511],[84.843608,43.615611],[84.843545,43.615374],[84.843595,43.614355],[84.843237,43.613598],[84.843212,43.613233],[84.843519,43.612306],[84.843429,43.610672],[84.843517,43.610116],[84.843422,43.609823],[84.843073,43.609417],[84.843091,43.608926],[84.843442,43.607750],[84.843191,43.606780],[84.843232,43.605725],[84.843034,43.604367],[84.843049,43.603440],[84.843198,43.602597],[84.843847,43.601517],[84.844414,43.600777],[84.846690,43.598408],[84.847451,43.596801],[84.848465,43.595707],[84.849838,43.593887],[84.850919,43.591054],[84.851686,43.590172],[84.852295,43.589111],[84.852653,43.588227],[84.852773,43.587158],[84.852715,43.586500],[84.852977,43.586033],[84.853655,43.585329],[84.853971,43.584456],[84.853985,43.584047],[84.853879,43.583707],[84.853607,43.583286],[84.853124,43.582861],[84.850507,43.581700],[84.847262,43.581330],[84.845020,43.580618],[84.843767,43.579936],[84.842913,43.579627],[84.841647,43.579336],[84.839055,43.579078],[84.838579,43.578907],[84.834877,43.578578],[84.828682,43.579496],[84.825613,43.580073],[84.824013,43.580505],[84.823008,43.580678],[84.822297,43.580754],[84.821520,43.580724],[84.820985,43.581070],[84.821155,43.581323],[84.821743,43.582575],[84.821694,43.584577],[84.821240,43.587158],[84.821256,43.587483],[84.821305,43.588043],[84.822150,43.589296],[84.822336,43.589810],[84.822487,43.590673],[84.822475,43.591490],[84.822419,43.591715],[84.821721,43.592815],[84.821249,43.593362],[84.821096,43.595180],[84.820374,43.597192],[84.819443,43.598892],[84.818614,43.600065],[84.818200,43.600390],[84.817710,43.600610],[84.817113,43.601190],[84.816729,43.601716],[84.816340,43.604278],[84.815952,43.605036],[84.815604,43.606344],[84.815142,43.607052],[84.813591,43.608918],[84.812761,43.610449],[84.812734,43.612308],[84.811555,43.614146],[84.811335,43.615025],[84.811127,43.615325],[84.811120,43.615671],[84.812172,43.616159],[84.812340,43.616402],[84.812407,43.616880],[84.812345,43.617499],[84.812710,43.618492],[84.812645,43.619152],[84.812399,43.619643],[84.812085,43.620056],[84.809637,43.621441],[84.808778,43.621731],[84.805943,43.622120],[84.805074,43.622728],[84.804035,43.623611],[84.802799,43.624251],[84.800018,43.624641],[84.798337,43.624757],[84.797824,43.624887],[84.797233,43.625744],[84.796753,43.626640],[84.796307,43.627091],[84.793403,43.629285],[84.793192,43.629585],[84.792515,43.631727],[84.792179,43.632525],[84.791776,43.633202],[84.791103,43.634015],[84.790997,43.634515],[84.791151,43.635366],[84.791016,43.635556],[84.790464,43.635792],[84.789495,43.636636],[84.788490,43.637256],[84.788308,43.637539],[84.788219,43.638082],[84.787868,43.639044],[84.787196,43.640106],[84.787149,43.641052],[84.786765,43.641879],[84.785598,43.642324],[84.784239,43.642405],[84.783695,43.642629],[84.783531,43.642877],[84.783458,43.643308],[84.783092,43.643765],[84.781944,43.644592],[84.780962,43.644917],[84.780363,43.644991],[84.779209,43.644912],[84.778676,43.644779],[84.777973,43.644498],[84.777577,43.644234],[84.776016,43.642963],[84.774967,43.641943],[84.773210,43.640675],[84.772081,43.640028],[84.771820,43.639801],[84.771619,43.639239],[84.770699,43.637979],[84.770113,43.637475],[84.759010,43.637131],[84.747368,43.634703],[84.734459,43.632714],[84.721213,43.631166],[84.708541,43.631683],[84.698954,43.635672],[84.690305,43.639670],[84.667562,43.649639],[84.658269,43.654082],[84.643625,43.656842],[84.635416,43.656041],[84.619568,43.656965],[84.605245,43.661118],[84.597754,43.669486],[84.597797,43.680015],[84.603204,43.690613],[84.606126,43.693651],[84.606493,43.693732],[84.607189,43.694007],[84.610806,43.695861],[84.612654,43.696986],[84.613171,43.697638],[84.613621,43.698649],[84.614347,43.699710],[84.614335,43.701227],[84.614473,43.701574],[84.615390,43.702520],[84.616402,43.703009],[84.617163,43.703783],[84.617577,43.704356],[84.618034,43.705500],[84.618364,43.705987],[84.618491,43.706416],[84.618332,43.707116],[84.618127,43.707509],[84.618055,43.708500],[84.618501,43.709902],[84.618459,43.710541],[84.618848,43.711466],[84.619127,43.711863],[84.619877,43.712576],[84.620448,43.712939],[84.622058,43.713862],[84.623672,43.714570],[84.624873,43.714714],[84.626462,43.714455],[84.629140,43.714541],[84.630901,43.715187],[84.631431,43.715617],[84.631941,43.716253],[84.631813,43.717502],[84.632220,43.718388],[84.633080,43.718845],[84.634443,43.719404],[84.634830,43.719699],[84.634797,43.720164],[84.634299,43.722161],[84.634260,43.722785],[84.634393,43.723421],[84.634404,43.724125],[84.634534,43.724679],[84.635098,43.725298],[84.635781,43.725763],[84.634079,43.726051],[84.633587,43.726271],[84.633096,43.726653],[84.632667,43.727440],[84.630203,43.729440],[84.629004,43.729801],[84.628404,43.729816],[84.626738,43.729473],[84.624524,43.728710],[84.622354,43.727627],[84.621955,43.727603],[84.620156,43.729312],[84.618988,43.730263],[84.618214,43.730480],[84.617785,43.730739],[84.616958,43.730945],[84.616380,43.731266],[84.612693,43.732251],[84.611461,43.732370],[84.609098,43.732215],[84.607941,43.732026],[84.606281,43.730820],[84.605506,43.730812],[84.604736,43.730929],[84.601652,43.731831],[84.598669,43.732234],[84.596338,43.732300],[84.595668,43.732444],[84.593723,43.733307],[84.593055,43.733991],[84.592266,43.734280],[84.590640,43.734683],[84.589913,43.734969],[84.588018,43.735250],[84.584679,43.736335],[84.582771,43.736212],[84.581498,43.736243],[84.578432,43.736588],[84.577065,43.736879],[84.576252,43.737219],[84.575546,43.737787],[84.574848,43.738505],[84.574350,43.738774],[84.573547,43.739586],[84.573446,43.739857],[84.572952,43.740489],[84.572192,43.741237],[84.571061,43.741616],[84.569154,43.742512],[84.568494,43.743090],[84.567914,43.743860],[84.567683,43.744730],[84.567682,43.745233],[84.567389,43.745624],[84.565880,43.746348],[84.563770,43.746874],[84.563101,43.746942],[84.560444,43.746939],[84.556768,43.747233],[84.555668,43.747422],[84.554664,43.748027],[84.553961,43.748754],[84.553782,43.749284],[84.553392,43.749985],[84.553221,43.750980],[84.552979,43.751077],[84.552543,43.751064],[84.551375,43.750644],[84.549235,43.750116],[84.547344,43.750025],[84.546402,43.750100],[84.545154,43.749852],[84.544020,43.749558],[84.543416,43.749317],[84.542786,43.748908],[84.539147,43.747571],[84.536274,43.747339],[84.534909,43.747599],[84.533730,43.747970],[84.533248,43.748323],[84.532581,43.748465],[84.532096,43.748758],[84.530704,43.749256],[84.530047,43.749294],[84.529588,43.749155],[84.528858,43.749101],[84.527772,43.749184],[84.527342,43.749065],[84.526763,43.749039],[84.526073,43.749157],[84.525333,43.749491],[84.523539,43.749766],[84.522851,43.749659],[84.521749,43.749176],[84.520576,43.748948],[84.518953,43.749607],[84.517080,43.750149],[84.515398,43.750508],[84.514740,43.750803],[84.513622,43.751233],[84.512190,43.752185],[84.511306,43.752218],[84.508485,43.751641],[84.507217,43.751245],[84.504558,43.750187],[84.503709,43.749701],[84.503288,43.749180],[84.502756,43.748711],[84.501443,43.747852],[84.501232,43.747567],[84.501256,43.747129],[84.502019,43.746588],[84.502739,43.745925],[84.503055,43.745391],[84.503186,43.744913],[84.502819,43.744239],[84.500416,43.741976],[84.499904,43.741015],[84.499938,43.740511],[84.500203,43.739948],[84.500231,43.739721],[84.500114,43.739546],[84.499786,43.739405],[84.498788,43.739335],[84.495924,43.737890],[84.493932,43.736574],[84.492161,43.734686],[84.490150,43.734890],[84.487836,43.734790],[84.486960,43.734847],[84.486812,43.735221],[84.486753,43.736408],[84.486499,43.736894],[84.486222,43.736990],[84.485817,43.736969],[84.484589,43.736328],[84.483933,43.736290],[84.483081,43.736450],[84.481933,43.737113],[84.481714,43.737134],[84.481605,43.737145],[84.480899,43.737018],[84.479344,43.736475],[84.478153,43.735944],[84.475261,43.735064],[84.473690,43.735009],[84.471682,43.735588],[84.471238,43.735634],[84.470062,43.735493],[84.467837,43.734827],[84.466817,43.734725],[84.459368,43.735749],[84.458235,43.735804],[84.456032,43.735580],[84.453609,43.735119],[84.451073,43.734344],[84.450073,43.733732],[84.449508,43.733551],[84.449001,43.733519],[84.446164,43.734901],[84.443812,43.736383],[84.443361,43.736767],[84.442755,43.737530],[84.442287,43.737862],[84.440854,43.738431],[84.440438,43.738402],[84.439862,43.738259],[84.438828,43.737764],[84.436016,43.736772],[84.435142,43.736353],[84.434055,43.735661],[84.432671,43.734324],[84.431812,43.733691],[84.430630,43.733054],[84.428927,43.732495],[84.427494,43.732394],[84.424412,43.732622],[84.422920,43.732628],[84.417988,43.732465],[84.416528,43.732232],[84.414065,43.731622],[84.412040,43.731528],[84.408210,43.731741],[84.406102,43.731624],[84.405244,43.731419],[84.404115,43.731053],[84.403861,43.730927],[84.403662,43.730689],[84.403455,43.729958],[84.403611,43.728802],[84.403476,43.727881],[84.401863,43.725941],[84.401053,43.725599],[84.398285,43.725335],[84.396692,43.724849],[84.395121,43.724668],[84.394133,43.724675],[84.393467,43.724831],[84.391663,43.726149],[84.390585,43.726703],[84.389339,43.726955],[84.387631,43.727046],[84.386148,43.727785],[84.385163,43.728432],[84.384022,43.729343],[84.383049,43.730433],[84.382707,43.731285],[84.382619,43.731915],[84.382667,43.733302],[84.382409,43.733983],[84.382107,43.734205],[84.380673,43.734825],[84.375968,43.736287],[84.375082,43.736702],[84.373177,43.737903],[84.370610,43.738507],[84.368414,43.739331],[84.367270,43.739882],[84.366637,43.740276],[84.366268,43.740639],[84.365591,43.741635],[84.365003,43.742804],[84.364358,43.743403],[84.363916,43.743442],[84.361871,43.742517],[84.359044,43.740799],[84.357561,43.739584],[84.357158,43.739348],[84.356026,43.738867],[84.354260,43.738554],[84.353277,43.738155],[84.352976,43.737894],[84.352805,43.737418],[84.352174,43.736352],[84.351704,43.736007],[84.349050,43.734845],[84.345029,43.733432],[84.343324,43.732917],[84.342589,43.732549],[84.342224,43.732219],[84.341970,43.731804],[84.341447,43.730357],[84.340742,43.729199],[84.340438,43.728081],[84.340181,43.726631],[84.340036,43.726391],[84.339683,43.726251],[84.338973,43.726162],[84.337415,43.726142],[84.335088,43.726255],[84.334386,43.726170],[84.333547,43.725924],[84.332944,43.725616],[84.332271,43.724928],[84.331771,43.724595],[84.331441,43.724500],[84.326075,43.723905],[84.323735,43.723413],[84.322631,43.722711],[84.321583,43.721806],[84.321003,43.721572],[84.320541,43.721560],[84.319796,43.721681],[84.318655,43.722023],[84.317673,43.722843],[84.317046,43.723165],[84.316022,43.723496],[84.315163,43.724207],[84.314079,43.726364],[84.313207,43.728680],[84.312577,43.731642],[84.312259,43.731743],[84.311392,43.731776],[84.308781,43.731490],[84.307562,43.731528],[84.306296,43.731951],[84.305161,43.732555],[84.304120,43.732723],[84.298796,43.731677],[84.294990,43.730298],[84.293968,43.730094],[84.292053,43.730091],[84.290395,43.730264],[84.288515,43.730635],[84.287853,43.730876],[84.287789,43.731305],[84.287923,43.731606],[84.288587,43.732575],[84.289657,43.734450],[84.290310,43.735859],[84.290386,43.736437],[84.290265,43.737372],[84.289965,43.737797],[84.289494,43.738139],[84.287109,43.739229],[84.286401,43.739478],[84.283525,43.739864],[84.282051,43.740213],[84.281517,43.740462],[84.281219,43.740965],[84.281326,43.741697],[84.282504,43.745340],[84.282511,43.745700],[84.280750,43.747364],[84.279371,43.749199],[84.279467,43.749668],[84.279950,43.750395],[84.280876,43.751624],[84.282088,43.752826],[84.282338,43.753227],[84.282437,43.753942],[84.282461,43.754326],[84.282243,43.755124],[84.280794,43.757270],[84.280001,43.758873],[84.280099,43.759185],[84.280727,43.759575],[84.281018,43.759891],[84.281273,43.760583],[84.281439,43.762167],[84.281416,43.763063],[84.281558,43.764246],[84.281567,43.765259],[84.281521,43.765817],[84.281159,43.766519],[84.279771,43.768231],[84.278671,43.769065],[84.277794,43.769539],[84.276834,43.769891],[84.275181,43.770378],[84.274098,43.770552],[84.272050,43.770242],[84.270480,43.769862],[84.268317,43.770410],[84.266558,43.771101],[84.266198,43.771422],[84.265671,43.772270],[84.265356,43.773999],[84.264699,43.775380],[84.264177,43.776167],[84.263695,43.776560],[84.262234,43.777295],[84.260345,43.778044],[84.258665,43.778483],[84.257628,43.778898],[84.257016,43.779244],[84.256676,43.779545],[84.255832,43.780671],[84.255012,43.782404],[84.254402,43.784506],[84.254137,43.784984],[84.253844,43.785273],[84.251548,43.786049],[84.249866,43.786325],[84.246514,43.786424],[84.243416,43.786234],[84.242886,43.786071],[84.242620,43.785695],[84.241487,43.783280],[84.240678,43.780916],[84.240075,43.779827],[84.238550,43.778895],[84.237546,43.778471],[84.234602,43.777549],[84.233153,43.777004],[84.230826,43.775458],[84.229523,43.774271],[84.226729,43.773919],[84.225335,43.773569],[84.224464,43.773556],[84.222917,43.775421],[84.221876,43.776246],[84.220641,43.776990],[84.218926,43.777569],[84.217313,43.777894],[84.215588,43.778615],[84.212777,43.779510],[84.210408,43.780062],[84.209671,43.780015],[84.208660,43.779637],[84.208475,43.779426],[84.208539,43.778574],[84.208348,43.778285],[84.206251,43.777655],[84.204662,43.777339],[84.203955,43.777338],[84.201560,43.777732],[84.198958,43.777696],[84.198308,43.777766],[84.197842,43.777884],[84.193137,43.779925],[84.192349,43.780139],[84.191292,43.780245],[84.189972,43.780054],[84.188654,43.780045],[84.184144,43.782157],[84.184413,43.784714],[84.184259,43.784844],[84.179980,43.786281],[84.177516,43.787715],[84.177209,43.787991],[84.175791,43.789862],[84.175141,43.791044],[84.174138,43.792555],[84.173906,43.792774],[84.173600,43.793539],[84.173492,43.794602],[84.173321,43.795099],[84.173261,43.795227],[84.173006,43.795333],[84.169645,43.795777],[84.163736,43.795714],[84.162041,43.796261],[84.159526,43.797808],[84.158552,43.798147],[84.155631,43.798500],[84.154768,43.798667],[84.154310,43.798883],[84.153741,43.799005],[84.152155,43.799679],[84.149268,43.801259],[84.146881,43.801670],[84.144252,43.801787],[84.143319,43.802032],[84.142541,43.802452],[84.141822,43.803220],[84.141161,43.804212],[84.140144,43.805161],[84.139229,43.805831],[84.137104,43.807020],[84.135018,43.807854],[84.134326,43.808052],[84.132856,43.808125],[84.131508,43.808038],[84.130681,43.807719],[84.129288,43.805179],[84.128515,43.804184],[84.127949,43.803521],[84.127266,43.802925],[84.126503,43.802483],[84.125503,43.802255],[84.123505,43.802067],[84.122620,43.801828],[84.121606,43.801851],[84.121115,43.802310],[84.120825,43.802909],[84.120056,43.803938],[84.119056,43.804807],[84.118325,43.805303],[84.117764,43.805491],[84.117143,43.805512],[84.115670,43.805097],[84.114734,43.804983],[84.113841,43.805454],[84.112292,43.806944],[84.112126,43.807233],[84.112100,43.807470],[84.112087,43.807749],[84.112189,43.808009],[84.113385,43.809124],[84.114049,43.811070],[84.114310,43.812224],[84.114447,43.814080],[84.113907,43.814240],[84.112155,43.814370],[84.111230,43.814717],[84.107957,43.815563],[84.106995,43.815959],[84.106105,43.816208],[84.104957,43.816235],[84.104110,43.816088],[84.103686,43.816015],[84.103469,43.815866],[84.102582,43.815895],[84.102124,43.816224],[84.100273,43.816903],[84.098430,43.817282],[84.097549,43.817323],[84.095877,43.817623],[84.094903,43.817658],[84.093868,43.817905],[84.092986,43.818003],[84.089265,43.819560],[84.089216,43.819722],[84.089696,43.820378],[84.089798,43.821135],[84.089709,43.821697],[84.088675,43.822815],[84.087540,43.823641],[84.085004,43.825038],[84.084446,43.825564],[84.084122,43.826625],[84.084219,43.826979],[84.084435,43.827233],[84.085758,43.828218],[84.088294,43.829784],[84.089131,43.830467],[84.089685,43.831446],[84.089998,43.832349],[84.090627,43.833014],[84.092002,43.833515],[84.096066,43.834216],[84.098854,43.835305],[84.101253,43.836358],[84.104505,43.837621],[84.104869,43.837910],[84.104854,43.838301],[84.104647,43.838743],[84.103807,43.839755],[84.101020,43.841313],[84.100912,43.841605],[84.102861,43.843572],[84.104010,43.844265],[84.105731,43.844823],[84.106346,43.845164],[84.108083,43.846684],[84.109400,43.848008],[84.110978,43.848981],[84.111531,43.849250],[84.112152,43.849421],[84.113588,43.849461],[84.114124,43.849561],[84.114255,43.849790],[84.114189,43.851623],[84.114347,43.853576],[84.114811,43.854333],[84.114801,43.854552],[84.114434,43.854740],[84.113717,43.854851],[84.112658,43.854693],[84.111602,43.854812],[84.109565,43.855292],[84.107190,43.856150],[84.106388,43.856330],[84.105624,43.856385],[84.103061,43.856456],[84.099088,43.855777],[84.098243,43.855754],[84.096691,43.855496],[84.095321,43.855497],[84.093417,43.855840],[84.090628,43.855650],[84.089527,43.855704],[84.088984,43.855897],[84.088821,43.856052],[84.088087,43.857801],[84.087841,43.859052],[84.087540,43.859672],[84.086041,43.862192],[84.085578,43.862783],[84.085007,43.863217],[84.084825,43.863531],[84.084848,43.864953],[84.083870,43.867436],[84.082872,43.868857],[84.082451,43.869230],[84.082150,43.869729],[84.081069,43.870586],[84.080505,43.870826],[84.080001,43.871220],[84.080913,43.871753],[84.081752,43.872609],[84.083273,43.874709],[84.082816,43.875362],[84.082065,43.876011],[84.080877,43.876449],[84.079036,43.877310],[84.078363,43.877444],[84.077033,43.877884],[84.075251,43.878825],[84.074731,43.879371],[84.074540,43.879703],[84.074099,43.881095],[84.073704,43.881677],[84.073204,43.882128],[84.072126,43.882549],[84.070869,43.882718],[84.069091,43.883284],[84.067867,43.883530],[84.067502,43.883701],[84.066072,43.884828],[84.064416,43.885749],[84.061594,43.886272],[84.059356,43.886153],[84.058529,43.885387],[84.057053,43.884582],[84.055678,43.884069],[84.055020,43.884056],[84.043981,43.881546],[84.036731,43.879797],[84.030037,43.879888],[84.026790,43.881879],[84.017681,43.887643],[84.002954,43.892171],[84.000472,43.893308],[83.997912,43.895968],[83.996283,43.898575],[83.996170,43.898722],[83.993801,43.901920],[83.993444,43.902240],[83.990326,43.905085],[83.987322,43.907379],[83.983873,43.910019],[83.980834,43.911329],[83.980138,43.911423],[83.975184,43.912099],[83.972555,43.912005],[83.967515,43.911831],[83.965174,43.910819],[83.962702,43.908666],[83.962624,43.908579],[83.959779,43.905580],[83.956934,43.902576],[83.953584,43.901823],[83.948775,43.900742],[83.944637,43.901177],[83.939663,43.901702],[83.939038,43.901905],[83.934440,43.903373],[83.931191,43.904727],[83.926848,43.906548],[83.926631,43.906730],[83.923357,43.909490],[83.921603,43.910512],[83.917687,43.912786],[83.914589,43.914841],[83.910883,43.917294],[83.908038,43.920204],[83.907483,43.920898],[83.904967,43.924043],[83.904594,43.924997],[83.903232,43.928488],[83.903024,43.929330],[83.902703,43.930616],[83.905698,43.931076],[83.909346,43.932450],[83.910746,43.933098],[83.912485,43.934072],[83.912776,43.934675],[83.912728,43.934938],[83.912466,43.935338],[83.911807,43.935863],[83.911080,43.936230],[83.908855,43.936817],[83.908289,43.937118],[83.906648,43.939452],[83.906173,43.940011],[83.905747,43.940357],[83.904520,43.940766],[83.903343,43.940970],[83.902816,43.941318],[83.902493,43.941905],[83.902279,43.943097],[83.901876,43.944577],[83.902000,43.946018],[83.902185,43.946761],[83.900460,43.947227],[83.899357,43.947658],[83.897595,43.947928],[83.895916,43.947922],[83.895069,43.947732],[83.894256,43.947913],[83.893599,43.948258],[83.893261,43.948339],[83.892578,43.948312],[83.891785,43.948406],[83.890889,43.948726],[83.888290,43.950159],[83.887897,43.950470],[83.886954,43.951541],[83.886168,43.952760],[83.885996,43.952882],[83.885743,43.952782],[83.885490,43.952307],[83.885076,43.952069],[83.884501,43.951794],[83.883360,43.951490],[83.881807,43.951334],[83.880592,43.951532],[83.879097,43.951271],[83.877346,43.951108],[83.876177,43.950882],[83.873478,43.949924],[83.872529,43.949833],[83.870464,43.949917],[83.869070,43.950172],[83.865702,43.951148],[83.864428,43.951792],[83.862220,43.952244],[83.858753,43.953133],[83.857967,43.953078],[83.857131,43.952760],[83.854719,43.951380],[83.853844,43.950998],[83.853224,43.950548],[83.852892,43.950069],[83.853191,43.949033],[83.853046,43.947665],[83.852798,43.947089],[83.852470,43.946549],[83.851884,43.946056],[83.850981,43.945644],[83.850453,43.945527],[83.849773,43.945574],[83.849224,43.945851],[83.848399,43.947065],[83.848148,43.947597],[83.847562,43.948193],[83.844354,43.949382],[83.843478,43.949596],[83.842942,43.949821],[83.842099,43.949989],[83.841356,43.949675],[83.839010,43.947835],[83.836323,43.945570],[83.834375,43.943606],[83.833174,43.942835],[83.831289,43.941401],[83.829098,43.940063],[83.828130,43.939298],[83.827843,43.939263],[83.822895,43.938673],[83.820274,43.938591],[83.815265,43.938436],[83.813022,43.938566],[83.808022,43.938860],[83.804638,43.939742],[83.803487,43.940243],[83.799194,43.942115],[83.794977,43.944194],[83.794095,43.944785],[83.790398,43.947245],[83.786708,43.949704],[83.785834,43.950213],[83.781937,43.952494],[83.778800,43.952905],[83.775578,43.952404],[83.771886,43.950551],[83.769529,43.949316],[83.767128,43.947622],[83.763504,43.946453],[83.760209,43.945265],[83.759038,43.945110],[83.754086,43.944468],[83.749349,43.944732],[83.748620,43.944858],[83.743743,43.945733],[83.743118,43.945928],[83.738517,43.947392],[83.735036,43.949289],[83.731007,43.951468],[83.729921,43.952387],[83.726646,43.955142],[83.725587,43.956650],[83.723337,43.959897],[83.720469,43.962799],[83.718453,43.964229],[83.714856,43.966765],[83.711831,43.968305],[83.708206,43.970100],[83.704772,43.970745],[83.702686,43.971999],[83.698399,43.973601],[83.696294,43.974547],[83.692016,43.976466],[83.691741,43.976511],[83.691465,43.976748],[83.690349,43.978030],[83.689859,43.978419],[83.689009,43.979339],[83.688568,43.980330],[83.688257,43.981506],[83.688035,43.981711],[83.687654,43.981846],[83.687187,43.981822],[83.686816,43.981652],[83.686500,43.981166],[83.686159,43.980227],[83.685688,43.979337],[83.685356,43.978930],[83.682744,43.976452],[83.681468,43.974979],[83.679590,43.973091],[83.677811,43.972351],[83.677311,43.972253],[83.676982,43.972275],[83.676273,43.972555],[83.674918,43.972863],[83.672087,43.973306],[83.670796,43.972730],[83.669506,43.972154],[83.667913,43.971111],[83.666437,43.970385],[83.666049,43.970103],[83.665334,43.969205],[83.665001,43.968968],[83.662755,43.968521],[83.662227,43.968244],[83.660486,43.967615],[83.659850,43.967239],[83.659404,43.967174],[83.658376,43.967544],[83.654991,43.967896],[83.651536,43.967593],[83.649444,43.967261],[83.648740,43.967227],[83.648225,43.967075],[83.646990,43.966326],[83.646458,43.966271],[83.642420,43.969026],[83.640372,43.970871],[83.640088,43.971035],[83.639822,43.971062],[83.636568,43.969434],[83.634752,43.968858],[83.633251,43.968946],[83.631736,43.968688],[83.630821,43.968809],[83.630109,43.968684],[83.628697,43.968013],[83.626008,43.966191],[83.624418,43.965458],[83.623714,43.965270],[83.621140,43.965603],[83.619638,43.966279],[83.615373,43.968206],[83.614514,43.968709],[83.610588,43.970979],[83.608175,43.972254],[83.605909,43.974157],[83.602629,43.976911],[83.601275,43.978559],[83.598716,43.981686],[83.596157,43.984810],[83.594231,43.987178],[83.591673,43.990306],[83.589123,43.993439],[83.587649,43.995808],[83.585595,43.999122],[83.584875,44.001044],[83.580334,44.005515],[83.577422,44.007283],[83.574832,44.008834],[83.571912,44.010373],[83.568725,44.010998],[83.563028,44.011119],[83.557644,44.011016],[83.550738,44.009743],[83.545169,44.009320],[83.543902,44.009415],[83.542122,44.009299],[83.541801,44.009147],[83.540907,44.008289],[83.540637,44.008149],[83.539977,44.007987],[83.539112,44.007983],[83.537895,44.007774],[83.534893,44.006859],[83.533078,44.005911],[83.531963,44.005044],[83.530897,44.004390],[83.529994,44.004054],[83.526431,44.002207],[83.525702,44.001933],[83.524976,44.001819],[83.521853,44.002020],[83.521111,44.001924],[83.520067,44.001935],[83.519437,44.002194],[83.518501,44.003136],[83.518128,44.003358],[83.517749,44.003416],[83.516864,44.003251],[83.516338,44.003270],[83.515250,44.003851],[83.514843,44.003861],[83.514322,44.003745],[83.512336,44.002362],[83.510761,44.002242],[83.509524,44.002285],[83.508981,44.002372],[83.508437,44.002460],[83.507540,44.002328],[83.506526,44.002010],[83.505847,44.001582],[83.505276,44.001087],[83.502868,44.001007],[83.500506,44.001641],[83.500178,44.001805],[83.500063,44.002087],[83.499993,44.004681],[83.499654,44.005935],[83.499702,44.006533],[83.499867,44.007051],[83.500220,44.007700],[83.501072,44.008848],[83.501678,44.009250],[83.502061,44.009803],[83.502418,44.010532],[83.502506,44.011108],[83.502362,44.011615],[83.502330,44.012179],[83.501980,44.012873],[83.502526,44.014110],[83.502498,44.015070],[83.502665,44.016025],[83.502631,44.017243],[83.502755,44.018168],[83.502735,44.022349],[83.502355,44.023011],[83.501804,44.023538],[83.500983,44.023794],[83.499369,44.024068],[83.497781,44.024582],[83.496256,44.025155],[83.495536,44.025605],[83.493299,44.026408],[83.492321,44.026634],[83.491180,44.027275],[83.491048,44.028219],[83.490678,44.029397],[83.490157,44.030356],[83.489281,44.030913],[83.487160,44.031984],[83.485645,44.032514],[83.485102,44.032933],[83.484047,44.034246],[83.482681,44.035020],[83.480761,44.035761],[83.479230,44.036090],[83.476947,44.036779],[83.474223,44.036733],[83.468898,44.036907],[83.468934,44.037776],[83.469098,44.038668],[83.469119,44.038685],[83.470117,44.039580],[83.471876,44.042146],[83.471845,44.042836],[83.471011,44.043667],[83.470921,44.044071],[83.471753,44.045554],[83.471823,44.046397],[83.471626,44.046715],[83.470353,44.048114],[83.469810,44.049377],[83.469120,44.050492],[83.468471,44.051343],[83.467872,44.051765],[83.467156,44.051810],[83.464799,44.052211],[83.464199,44.052373],[83.463890,44.052658],[83.463656,44.055041],[83.463696,44.055446],[83.463470,44.055899],[83.463425,44.056238],[83.463504,44.057283],[83.463934,44.058101],[83.463842,44.058973],[83.463604,44.059713],[83.463639,44.061386],[83.463477,44.062850],[83.463510,44.063652],[83.464403,44.064906],[83.464798,44.066282],[83.464429,44.066957],[83.464361,44.067814],[83.464412,44.069644],[83.464195,44.070342],[83.463246,44.071412],[83.462850,44.072125],[83.461628,44.072427],[83.460640,44.072521],[83.459619,44.072926],[83.458262,44.073196],[83.456504,44.073717],[83.455360,44.074286],[83.453982,44.074631],[83.452614,44.075177],[83.449830,44.075994],[83.448502,44.076490],[83.448416,44.078630],[83.447541,44.084547],[83.448580,44.090279],[83.448277,44.097805],[83.447740,44.103280],[83.447204,44.108746],[83.445965,44.115800],[83.445411,44.121730],[83.443627,44.126491],[83.442207,44.130341],[83.439765,44.136005],[83.434783,44.141382],[83.430130,44.146536],[83.424826,44.151911],[83.420525,44.155926],[83.413803,44.164921],[83.412042,44.168991],[83.411842,44.174012],[83.411998,44.177899],[83.413109,44.181802],[83.415729,44.187796],[83.419927,44.194053],[83.423248,44.198466],[83.427504,44.203121],[83.432365,44.208702],[83.435277,44.215383],[83.437876,44.221834],[83.438637,44.226422],[83.437840,44.230514],[83.437381,44.233928],[83.434392,44.237068],[83.431160,44.241388],[83.428903,44.241927],[83.426210,44.242966],[83.422425,44.246023],[83.421645,44.246759],[83.421444,44.247295],[83.421531,44.247698],[83.422816,44.248675],[83.424871,44.249526],[83.426619,44.249775],[83.429605,44.250713],[83.430378,44.251236],[83.430836,44.251826],[83.432608,44.252656],[83.435346,44.252729],[83.440177,44.251792],[83.440663,44.251628],[83.442123,44.251477],[83.445331,44.252459],[83.446568,44.253165],[83.448428,44.253882],[83.448843,44.254278],[83.449052,44.254788],[83.448453,44.255334],[83.447606,44.257297],[83.447055,44.258991],[83.446560,44.259779],[83.444510,44.261280],[83.443824,44.261988],[83.442261,44.263080],[83.441393,44.263945],[83.440519,44.266085],[83.440311,44.267011],[83.440297,44.268371],[83.440046,44.269678],[83.439443,44.270156],[83.437415,44.274494],[83.437363,44.274706],[83.437713,44.274994],[83.438711,44.275740],[83.441004,44.276963],[83.441425,44.277511],[83.441606,44.278199],[83.441460,44.279191],[83.440096,44.281410],[83.439827,44.282259],[83.439900,44.282639],[83.441058,44.283685],[83.442518,44.285197],[83.443964,44.285802],[83.444947,44.285878],[83.445650,44.286028],[83.447327,44.286564],[83.448116,44.287718],[83.448384,44.287993],[83.449300,44.288596],[83.452567,44.289567],[83.453550,44.290034],[83.454152,44.290155],[83.455949,44.290206],[83.456108,44.290354],[83.456457,44.291131],[83.456699,44.291886],[83.456728,44.293136],[83.456866,44.293648],[83.457485,44.294148],[83.458467,44.294615],[83.459783,44.294964],[83.460444,44.295328],[83.461550,44.295699],[83.463989,44.296249],[83.464673,44.296900],[83.465435,44.298022],[83.466743,44.299021],[83.468089,44.299233],[83.469669,44.299170],[83.470069,44.299211],[83.470546,44.299393],[83.471842,44.301791],[83.472229,44.302208],[83.473242,44.302314],[83.473752,44.302602],[83.474788,44.303539],[83.474953,44.303848],[83.474965,44.304118],[83.474325,44.305097],[83.474265,44.305901],[83.474657,44.307141],[83.475719,44.308163],[83.477136,44.309227],[83.477734,44.309508],[83.479624,44.309571],[83.479946,44.309673],[83.480104,44.309830],[83.480184,44.310917],[83.480273,44.311050],[83.480496,44.311070],[83.481858,44.310276],[83.482760,44.310254],[83.483606,44.310588],[83.484645,44.311609],[83.484954,44.312278],[83.486481,44.314006],[83.486861,44.314976],[83.486882,44.315465],[83.486785,44.315941],[83.486606,44.316149],[83.486386,44.316778],[83.486316,44.317339],[83.486159,44.317502],[83.483934,44.318403],[83.483400,44.318821],[83.482311,44.320251],[83.480942,44.320866],[83.478992,44.321902],[83.478093,44.322566],[83.476805,44.323722],[83.476309,44.324494],[83.476307,44.325001],[83.476616,44.325939],[83.477372,44.326901],[83.477938,44.327825],[83.478860,44.328961],[83.480651,44.330419],[83.481886,44.331678],[83.483665,44.333166],[83.485595,44.334940],[83.487686,44.336400],[83.489071,44.337179],[83.489865,44.337774],[83.490845,44.338789],[83.491406,44.339553],[83.491801,44.340596],[83.491890,44.341313],[83.491867,44.342159],[83.491720,44.342837],[83.491271,44.343312],[83.489344,44.344748],[83.487797,44.346527],[83.487455,44.347333],[83.486973,44.349791],[83.486537,44.351086],[83.486084,44.351981],[83.485753,44.354100],[83.485570,44.354526],[83.485543,44.354899],[83.486443,44.355794],[83.486494,44.355894],[83.486000,44.356247],[83.486532,44.356432],[83.486934,44.356908],[83.487208,44.357853],[83.487535,44.362613],[83.487938,44.363079],[83.489974,44.367347],[83.492244,44.369710],[83.494135,44.372550],[83.496536,44.374335],[83.497341,44.375286],[83.497349,44.375763],[83.498686,44.377178],[83.502666,44.378382],[83.505750,44.381688],[83.505758,44.382164],[83.506418,44.382534],[83.508310,44.389611],[83.508720,44.390636],[83.509548,44.391928],[83.512047,44.394870],[83.512942,44.395809],[83.517644,44.399532],[83.523243,44.405239],[83.528235,44.408668],[83.528918,44.409218],[83.530727,44.411071],[83.530864,44.411544],[83.531267,44.412020],[83.531571,44.414873],[83.529755,44.419596],[83.529131,44.420511],[83.527977,44.423427],[83.526463,44.425885],[83.524899,44.428722],[83.524579,44.429619],[83.522687,44.433518],[83.519710,44.437828],[83.518790,44.442538],[83.517347,44.444913],[83.516558,44.449683],[83.515919,44.451669],[83.515630,44.455859],[83.515895,44.459766],[83.516860,44.462611],[83.517646,44.467553],[83.521533,44.466860],[83.526855,44.465911],[83.537680,44.463604],[83.545332,44.461520],[83.546999,44.461529],[83.551171,44.462069],[83.555570,44.462498],[83.557337,44.462530],[83.560531,44.462192],[83.569203,44.462099],[83.573485,44.462121],[83.576925,44.462322],[83.581720,44.462375],[83.582180,44.462456],[83.582476,44.462768],[83.587378,44.463746],[83.592216,44.463754],[83.594821,44.463625],[83.598153,44.463155],[83.599463,44.462783],[83.601279,44.462743],[83.602852,44.462912],[83.605445,44.463542],[83.607277,44.464103],[83.608788,44.464361],[83.610933,44.465269],[83.613194,44.465680],[83.616412,44.465789],[83.620040,44.466309],[83.621462,44.466745],[83.624992,44.468073],[83.625728,44.468224],[83.629902,44.468403],[83.630594,44.468821],[83.631740,44.470147],[83.632391,44.471375],[83.633096,44.472330],[83.633906,44.473380],[83.635863,44.475599],[83.635969,44.475864],[83.637049,44.475471],[83.639348,44.474826],[83.644575,44.474201],[83.660006,44.472046],[83.667048,44.471114],[83.683230,44.468971],[83.719299,44.464195],[83.723992,44.463573],[83.730122,44.463228],[83.750052,44.461835],[83.752820,44.461741],[83.755640,44.462036],[83.793340,44.466780],[83.793464,44.475754],[83.793363,44.477572],[83.793419,44.480250],[83.793952,44.482045],[83.794201,44.484057],[83.794767,44.485563],[83.795530,44.487241],[83.796318,44.488691],[83.797922,44.490973],[83.798512,44.492233],[83.798589,44.492612],[83.798101,44.495218],[83.798100,44.495937],[83.797394,44.496935],[83.796280,44.497792],[83.795810,44.498294],[83.794647,44.500135],[83.793994,44.501411],[83.794017,44.503368],[83.793423,44.504457],[83.792633,44.505237],[83.792645,44.506078],[83.792067,44.506728],[83.791992,44.506990],[83.792011,44.507415],[83.792353,44.507864],[83.792135,44.508192],[83.792037,44.508569],[83.791663,44.508922],[83.792076,44.509680],[83.792049,44.510014],[83.791806,44.510405],[83.792012,44.511086],[83.791864,44.511318],[83.791350,44.511498],[83.791630,44.511896],[83.791126,44.512273],[83.791545,44.512543],[83.791594,44.512667],[83.791133,44.513032],[83.791049,44.513398],[83.791181,44.513738],[83.791842,44.514511],[83.791802,44.514887],[83.792220,44.515157],[83.792042,44.515369],[83.792186,44.515949],[83.791925,44.519447],[83.791857,44.520376],[83.790418,44.521816],[83.789102,44.522399],[83.787267,44.523750],[83.784284,44.527586],[83.782967,44.528169],[83.781642,44.528283],[83.779662,44.529062],[83.778231,44.530502],[83.776936,44.532415],[83.775916,44.534807],[83.775809,44.536240],[83.775402,44.536745],[83.775391,44.536963],[83.772993,44.537926],[83.771339,44.538343],[83.768317,44.539955],[83.764826,44.542272],[83.764405,44.542701],[83.759300,44.546116],[83.752695,44.549833],[83.751903,44.550462],[83.748312,44.551078],[83.747517,44.551285],[83.746803,44.551780],[83.745427,44.552950],[83.748646,44.560037],[83.751019,44.565523],[83.752717,44.568947],[83.753114,44.570357],[83.754140,44.577231],[83.754532,44.578269],[83.755186,44.580753],[83.755269,44.581744],[83.755446,44.587498],[83.754966,44.590214],[83.755020,44.591117],[83.755306,44.592534],[83.756283,44.604412],[83.756443,44.612225],[83.757233,44.617437],[83.758223,44.622479],[83.759797,44.633250],[83.760484,44.634183],[83.762242,44.640948],[83.763278,44.643952],[83.763922,44.646161],[83.764454,44.648739],[83.765371,44.651181],[83.766037,44.653645],[83.766706,44.655517],[83.767279,44.656758],[83.767821,44.658363],[83.768224,44.659227],[83.771314,44.667601],[83.771479,44.668238],[83.771362,44.669895],[83.771472,44.672191],[83.772425,44.676570],[83.772919,44.677749],[83.773828,44.678952],[83.774090,44.679991],[83.774850,44.681301],[83.776373,44.684483],[83.777054,44.686359],[83.778537,44.689922],[83.781580,44.695955],[83.781964,44.697306],[83.782565,44.698744],[83.783004,44.699536],[83.785960,44.703737],[83.789852,44.711911],[83.790802,44.713492],[83.793358,44.717230],[83.794473,44.719508],[83.794560,44.721331],[83.795122,44.723176],[83.795965,44.729172],[83.797304,44.732535],[83.798248,44.734344],[83.798942,44.736630],[83.798951,44.737429],[83.798610,44.738679],[83.798378,44.740240],[83.798146,44.745258],[83.797502,44.748089],[83.797357,44.749504],[83.796699,44.752783],[83.796414,44.753456],[83.796308,44.753971],[83.796361,44.754542],[83.796286,44.754995],[83.796007,44.755269],[83.795600,44.755402],[83.795396,44.755569],[83.795366,44.755779],[83.795765,44.756839],[83.795965,44.757118],[83.796715,44.757292],[83.797497,44.757318],[83.797853,44.757601],[83.798086,44.758499],[83.797998,44.759617],[83.797437,44.760012],[83.796830,44.760053],[83.796792,44.758900],[83.796573,44.758648],[83.795853,44.758320],[83.795434,44.758344],[83.795053,44.758523],[83.794874,44.758751],[83.794917,44.759016],[83.795114,44.759214],[83.796040,44.759258],[83.796142,44.759399],[83.796060,44.759659],[83.795802,44.759834],[83.794820,44.759970],[83.792582,44.759558],[83.792082,44.759614],[83.791241,44.760083],[83.790760,44.760176],[83.789807,44.760154],[83.789139,44.760294],[83.788761,44.760561],[83.788117,44.761808],[83.788104,44.762894],[83.788578,44.763283],[83.789255,44.763321],[83.790080,44.763625],[83.790263,44.764110],[83.790214,44.764695],[83.789790,44.764976],[83.788882,44.764674],[83.788204,44.764624],[83.787818,44.764334],[83.787263,44.763630],[83.786498,44.763607],[83.786420,44.763698],[83.786414,44.764547],[83.786186,44.764988],[83.786178,44.765191],[83.786830,44.765699],[83.787858,44.766154],[83.788152,44.766480],[83.788198,44.766703],[83.788083,44.767019],[83.787633,44.767377],[83.787370,44.767451],[83.786450,44.767530],[83.785862,44.767346],[83.785656,44.767005],[83.786257,44.766833],[83.786469,44.766680],[83.786510,44.766544],[83.785741,44.766441],[83.784974,44.766494],[83.784610,44.766427],[83.784402,44.766276],[83.784062,44.765736],[83.784516,44.765078],[83.784482,44.764740],[83.784324,44.764656],[83.783943,44.764855],[83.783498,44.765695],[83.783033,44.765876],[83.782102,44.765955],[83.781805,44.766072],[83.781214,44.767084],[83.781171,44.767778],[83.781375,44.768209],[83.781363,44.768589],[83.781200,44.768762],[83.779683,44.768864],[83.779540,44.769092],[83.779380,44.771289],[83.779215,44.771450],[83.778885,44.771471],[83.778299,44.771350],[83.777996,44.771223],[83.777609,44.770907],[83.777677,44.770115],[83.777531,44.770026],[83.775908,44.770515],[83.774856,44.770689],[83.774228,44.770658],[83.773979,44.770800],[83.773960,44.770999],[83.773663,44.771353],[83.772720,44.771579],[83.772687,44.771893],[83.772807,44.772160],[83.773430,44.772681],[83.773419,44.772825],[83.772061,44.773092],[83.771483,44.773624],[83.770649,44.773933],[83.770605,44.774022],[83.771191,44.774626],[83.771255,44.774979],[83.770873,44.775077],[83.769265,44.774498],[83.768954,44.774494],[83.768649,44.774614],[83.768203,44.775318],[83.767956,44.776290],[83.767967,44.776532],[83.768079,44.776650],[83.768557,44.776839],[83.770490,44.776887],[83.771194,44.777015],[83.771890,44.776931],[83.772296,44.776982],[83.772556,44.777090],[83.772735,44.777290],[83.772763,44.777870],[83.772670,44.778198],[83.772506,44.778307],[83.771370,44.778569],[83.770407,44.778487],[83.770022,44.778540],[83.769690,44.778880],[83.769969,44.779189],[83.771310,44.779452],[83.772059,44.779788],[83.772137,44.780196],[83.772050,44.780353],[83.771810,44.780492],[83.770187,44.780574],[83.769204,44.781384],[83.768427,44.781493],[83.767607,44.781369],[83.767299,44.781229],[83.767177,44.781088],[83.767133,44.780629],[83.766984,44.780229],[83.766473,44.779800],[83.766147,44.779697],[83.765695,44.779775],[83.765601,44.779905],[83.765623,44.780038],[83.766362,44.780738],[83.766377,44.781090],[83.766032,44.781271],[83.765502,44.781317],[83.765392,44.781244],[83.764862,44.780708],[83.764822,44.779859],[83.764073,44.779578],[83.763028,44.779768],[83.762898,44.779907],[83.763146,44.780247],[83.763121,44.780358],[83.762587,44.780341],[83.762322,44.780010],[83.761999,44.779806],[83.761479,44.779718],[83.760501,44.779965],[83.760076,44.780267],[83.759881,44.780517],[83.760130,44.780782],[83.761394,44.781051],[83.762617,44.780843],[83.763051,44.781035],[83.763608,44.781635],[83.763618,44.781856],[83.763091,44.782233],[83.762724,44.782254],[83.761636,44.781956],[83.761306,44.781980],[83.759179,44.782560],[83.758886,44.782402],[83.758876,44.782169],[83.759128,44.781699],[83.758815,44.781276],[83.757368,44.781157],[83.756275,44.781325],[83.755939,44.781617],[83.755391,44.781703],[83.754303,44.781661],[83.753746,44.781779],[83.751375,44.781687],[83.750710,44.781973],[83.750047,44.782079],[83.749384,44.782463],[83.748995,44.782941],[83.749010,44.783894],[83.748369,44.785799],[83.749195,44.786752],[83.751047,44.785969],[83.751589,44.786442],[83.752258,44.786633],[83.753074,44.787198],[83.751885,44.788064],[83.751612,44.787684],[83.750955,44.788167],[83.750285,44.788165],[83.748698,44.789130],[83.748690,44.788653],[83.747608,44.787716],[83.747204,44.787528],[83.746539,44.787724],[83.746142,44.788201],[83.745486,44.788586],[83.746417,44.788393],[83.745495,44.789350],[83.745502,44.789728],[83.744159,44.789166],[83.742695,44.789561],[83.742031,44.790044],[83.741909,44.790515],[83.741520,44.791001],[83.740719,44.791191],[83.740047,44.791198],[83.738727,44.791976],[83.738896,44.793880],[83.737705,44.794645],[83.736369,44.794658],[83.735690,44.794188],[83.735698,44.794566],[83.734363,44.794570],[83.733698,44.794964],[83.733309,44.795441],[83.734248,44.796004],[83.734919,44.796096],[83.735600,44.796566],[83.735720,44.795996],[83.736400,44.796368],[83.737735,44.796453],[83.738416,44.796834],[83.738956,44.797397],[83.738964,44.797874],[83.738705,44.798357],[83.736683,44.797513],[83.734942,44.797427],[83.734019,44.797818],[83.733095,44.798775],[83.732042,44.799546],[83.732187,44.800308],[83.733943,44.801338],[83.732614,44.802017],[83.731134,44.801169],[83.730324,44.801080],[83.729676,44.801941],[83.730371,44.803554],[83.730905,44.803739],[83.731698,44.803163],[83.732638,44.803159],[83.733723,44.804106],[83.732928,44.804494],[83.731860,44.804500],[83.730805,44.805362],[83.729357,44.806898],[83.730852,44.808222],[83.731669,44.809166],[83.731546,44.809646],[83.731822,44.810117],[83.730363,44.810987],[83.729028,44.811000],[83.728371,44.811474],[83.728355,44.810908],[83.727691,44.811193],[83.727027,44.811109],[83.726500,44.811589],[83.725828,44.811775],[83.725301,44.812255],[83.725576,44.812546],[83.725454,44.813017],[83.725859,44.813493],[83.725866,44.813970],[83.726141,44.814441],[83.725759,44.815593],[83.725362,44.815692],[83.723079,44.815321],[83.722675,44.815132],[83.722010,44.815138],[83.721750,44.815621],[83.721079,44.815816],[83.720819,44.816290],[83.720841,44.817243],[83.722476,44.819042],[83.721286,44.820005],[83.720620,44.819912],[83.719957,44.820197],[83.719283,44.820302],[83.717298,44.821553],[83.717176,44.822033],[83.716778,44.822510],[83.716786,44.822986],[83.716526,44.823460],[83.716031,44.825847],[83.715113,44.826804],[83.714036,44.826621],[83.712982,44.827481],[83.712997,44.828435],[83.712616,44.829388],[83.712623,44.829865],[83.712096,44.830345],[83.712104,44.830822],[83.711706,44.831308],[83.711989,44.832255],[83.712402,44.832732],[83.712417,44.833677],[83.711241,44.835116],[83.707252,44.837238],[83.705938,44.838671],[83.705815,44.839151],[83.705419,44.839628],[83.705311,44.841061],[83.705594,44.842009],[83.706832,44.843907],[83.706985,44.844858],[83.706596,44.845811],[83.705541,44.846770],[83.704876,44.847064],[83.703531,44.846788],[83.702193,44.846790],[83.700864,44.847566],[83.700871,44.847845],[83.702224,44.848697],[83.702897,44.848791],[83.704250,44.849544],[83.703859,44.850209],[83.702140,44.851651],[83.701842,44.853998],[83.700512,44.854252],[83.698899,44.854296],[83.697119,44.855253],[83.694436,44.857633],[83.694314,44.860714],[83.693236,44.862933],[83.692740,44.864249],[83.688451,44.865926],[83.687633,44.867006],[83.687296,44.868084],[83.686639,44.869115],[83.684690,44.870354],[83.684514,44.872005],[83.684896,44.873212],[83.682564,44.873307],[83.681188,44.873921],[83.681165,44.875236],[83.682294,44.876014],[83.683126,44.875909],[83.683359,44.876027],[83.684174,44.876276],[83.684351,44.876598],[83.684250,44.876879],[83.683818,44.877328],[83.683296,44.877626],[83.681925,44.877715],[83.681534,44.877377],[83.681236,44.876720],[83.681059,44.876635],[83.680804,44.876653],[83.680519,44.876938],[83.680251,44.877569],[83.680281,44.878207],[83.680080,44.878638],[83.679577,44.878949],[83.677639,44.879662],[83.677176,44.879964],[83.676731,44.880130],[83.675897,44.880114],[83.675577,44.880408],[83.674927,44.880638],[83.673894,44.880837],[83.673216,44.880873],[83.672932,44.880769],[83.672963,44.880409],[83.672892,44.880301],[83.672389,44.880367],[83.671621,44.880104],[83.671132,44.880115],[83.670116,44.880551],[83.669287,44.881025],[83.668630,44.881757],[83.668626,44.882438],[83.668823,44.882590],[83.669171,44.882629],[83.669816,44.882556],[83.670951,44.882612],[83.671073,44.882808],[83.669909,44.883530],[83.668168,44.883365],[83.667805,44.883372],[83.667528,44.883547],[83.667301,44.883806],[83.667334,44.884122],[83.667509,44.884440],[83.667519,44.884642],[83.667355,44.884958],[83.667402,44.885583],[83.667655,44.885903],[83.668190,44.886272],[83.668804,44.886550],[83.668934,44.887038],[83.668735,44.887490],[83.668428,44.887687],[83.668285,44.887677],[83.667762,44.887198],[83.667316,44.887085],[83.666299,44.888277],[83.665972,44.888420],[83.665694,44.888451],[83.665498,44.888320],[83.665160,44.887858],[83.665100,44.887580],[83.665417,44.886969],[83.665528,44.886663],[83.665491,44.886520],[83.665010,44.886285],[83.664572,44.885432],[83.664313,44.885260],[83.664031,44.885199],[83.663575,44.885251],[83.663251,44.885460],[83.662518,44.886617],[83.662287,44.886778],[83.661897,44.886842],[83.661006,44.886637],[83.660235,44.886307],[83.659386,44.886380],[83.659058,44.886501],[83.658100,44.887134],[83.657996,44.887360],[83.658074,44.887629],[83.658781,44.887982],[83.658883,44.888381],[83.658631,44.888733],[83.658243,44.888965],[83.656602,44.889529],[83.656048,44.889541],[83.655448,44.889173],[83.655192,44.888663],[83.655282,44.888293],[83.655792,44.887978],[83.655742,44.887679],[83.655595,44.887594],[83.654602,44.887488],[83.654051,44.887559],[83.652726,44.888395],[83.652059,44.888396],[83.651686,44.888180],[83.651183,44.887215],[83.650732,44.886979],[83.650319,44.886933],[83.649881,44.886998],[83.649420,44.887198],[83.649222,44.887696],[83.649191,44.888052],[83.648860,44.888372],[83.647780,44.888564],[83.646502,44.888490],[83.645424,44.889008],[83.645139,44.889416],[83.645088,44.889987],[83.644951,44.890379],[83.644036,44.891062],[83.643695,44.891146],[83.643171,44.891157],[83.641631,44.891461],[83.640464,44.891452],[83.640079,44.891367],[83.639876,44.891093],[83.639834,44.890828],[83.639500,44.890666],[83.638619,44.890820],[83.637030,44.891467],[83.635554,44.891601],[83.635076,44.891434],[83.634631,44.891084],[83.635138,44.890705],[83.635130,44.890528],[83.634903,44.890376],[83.634641,44.890255],[83.633778,44.890240],[83.633427,44.890117],[83.633080,44.889833],[83.632652,44.889698],[83.632224,44.889708],[83.631528,44.889989],[83.630906,44.889791],[83.630515,44.889821],[83.629877,44.890046],[83.629503,44.890067],[83.628848,44.889925],[83.628049,44.890031],[83.627758,44.890173],[83.627683,44.890880],[83.627132,44.891328],[83.626890,44.891489],[83.625746,44.891591],[83.625077,44.892446],[83.624841,44.892494],[83.623308,44.891623],[83.622800,44.891554],[83.622583,44.891626],[83.622318,44.892080],[83.622411,44.892682],[83.622042,44.893206],[83.621863,44.893848],[83.621515,44.894046],[83.620747,44.894173],[83.619876,44.895029],[83.618321,44.895503],[83.617341,44.895402],[83.616792,44.894696],[83.616550,44.894600],[83.616141,44.894643],[83.615849,44.894505],[83.615634,44.894206],[83.615591,44.893928],[83.615422,44.893742],[83.614548,44.893482],[83.613177,44.892093],[83.612536,44.891849],[83.612093,44.891783],[83.611388,44.891841],[83.610864,44.892089],[83.610378,44.892121],[83.609749,44.891747],[83.609510,44.891727],[83.607640,44.893100],[83.607081,44.893227],[83.606686,44.893176],[83.606023,44.892824],[83.604957,44.892915],[83.604840,44.893087],[83.604829,44.893890],[83.603968,44.893910],[83.603088,44.893651],[83.602550,44.893587],[83.601599,44.893697],[83.600476,44.893968],[83.600295,44.894175],[83.600066,44.895029],[83.600075,44.895498],[83.600281,44.895840],[83.600603,44.896125],[83.600689,44.896592],[83.600534,44.896976],[83.600668,44.897171],[83.601268,44.897563],[83.601602,44.897999],[83.601632,44.898257],[83.601452,44.898876],[83.602084,44.899590],[83.602490,44.900295],[83.602602,44.901053],[83.602476,44.902341],[83.602104,44.903592],[83.601302,44.904916],[83.601156,44.905490],[83.601277,44.906214],[83.602294,44.907019],[83.602338,44.907331],[83.602179,44.907614],[83.600455,44.908794],[83.598951,44.909982],[83.598748,44.910367],[83.599488,44.911491],[83.599588,44.911979],[83.599542,44.912293],[83.598804,44.913050],[83.595762,44.914649],[83.594279,44.914839],[83.593339,44.915220],[83.592794,44.915791],[83.592337,44.916461],[83.591182,44.917316],[83.590061,44.917891],[83.589687,44.917900],[83.589379,44.917793],[83.589077,44.917288],[83.588638,44.917041],[83.587877,44.917160],[83.587533,44.917299],[83.586427,44.917134],[83.585989,44.917178],[83.585622,44.917322],[83.585347,44.917552],[83.585192,44.917949],[83.585224,44.919051],[83.585147,44.919459],[83.584770,44.920059],[83.583028,44.921609],[83.582358,44.922419],[83.581401,44.923862],[83.581417,44.924229],[83.581867,44.925114],[83.581793,44.925598],[83.581493,44.925930],[83.581088,44.926037],[83.580742,44.926003],[83.580005,44.925708],[83.579652,44.925792],[83.579366,44.926166],[83.579199,44.927603],[83.578923,44.927821],[83.578766,44.927831],[83.578610,44.927841],[83.577567,44.927363],[83.577425,44.927387],[83.577344,44.927693],[83.577271,44.929516],[83.576818,44.929874],[83.575499,44.930252],[83.574567,44.930924],[83.573955,44.931184],[83.572890,44.931243],[83.572395,44.930807],[83.572300,44.930002],[83.572088,44.929897],[83.571569,44.929842],[83.571134,44.929941],[83.570762,44.930385],[83.570361,44.930577],[83.569799,44.930624],[83.568225,44.930201],[83.568039,44.930273],[83.567970,44.930452],[83.567994,44.931001],[83.567924,44.931159],[83.566158,44.931358],[83.566030,44.931333],[83.565901,44.931309],[83.565880,44.931098],[83.566010,44.930968],[83.566771,44.930717],[83.567303,44.930278],[83.567122,44.930084],[83.566809,44.930100],[83.566328,44.930234],[83.565358,44.930718],[83.563960,44.930751],[83.561618,44.931738],[83.561247,44.931789],[83.560402,44.931463],[83.559929,44.931495],[83.558005,44.932662],[83.557552,44.932753],[83.554834,44.932312],[83.553924,44.931988],[83.553144,44.931373],[83.553008,44.931118],[83.552668,44.930937],[83.552386,44.930855],[83.551930,44.930874],[83.551590,44.930963],[83.551363,44.931180],[83.551080,44.932159],[83.551187,44.932583],[83.551370,44.932701],[83.551908,44.932510],[83.552362,44.932466],[83.552504,44.932851],[83.552458,44.933558],[83.552173,44.933823],[83.551655,44.933903],[83.551421,44.933849],[83.550902,44.933507],[83.550122,44.933560],[83.549826,44.933711],[83.549619,44.933995],[83.549663,44.934184],[83.550171,44.934417],[83.550165,44.934544],[83.549257,44.935323],[83.549230,44.935805],[83.548979,44.936158],[83.548701,44.936300],[83.547615,44.936550],[83.546107,44.936507],[83.545440,44.936714],[83.543816,44.936851],[83.543499,44.937260],[83.543777,44.937706],[83.543788,44.937963],[83.543654,44.938144],[83.543034,44.938341],[83.542673,44.938350],[83.541535,44.938099],[83.540428,44.937590],[83.540099,44.937518],[83.539699,44.938119],[83.539353,44.938343],[83.538660,44.938348],[83.537039,44.937484],[83.536242,44.936865],[83.535794,44.936652],[83.534879,44.936464],[83.534567,44.936514],[83.534461,44.936673],[83.534295,44.937070],[83.534236,44.937629],[83.534016,44.937880],[83.533548,44.938006],[83.531780,44.937691],[83.531010,44.937710],[83.529761,44.938142],[83.529040,44.937780],[83.528657,44.937692],[83.528441,44.937753],[83.527874,44.938337],[83.526518,44.938494],[83.526211,44.938658],[83.526020,44.939030],[83.526051,44.939342],[83.526278,44.939527],[83.527042,44.939787],[83.527253,44.939997],[83.527212,44.941228],[83.527082,44.941776],[83.526953,44.942084],[83.526390,44.942499],[83.525907,44.942558],[83.525200,44.942787],[83.524622,44.942835],[83.524409,44.942726],[83.524206,44.942275],[83.523979,44.942090],[83.523673,44.942009],[83.522319,44.942200],[83.520978,44.941608],[83.520105,44.941427],[83.519281,44.941549],[83.518467,44.941903],[83.517307,44.942625],[83.516903,44.942724],[83.516115,44.942321],[83.514907,44.941916],[83.514741,44.941650],[83.514607,44.940068],[83.514522,44.939880],[83.514244,44.939586],[83.513550,44.939332],[83.513339,44.939312],[83.512093,44.939873],[83.510131,44.940527],[83.509695,44.940572],[83.509482,44.940721],[83.509541,44.941391],[83.509237,44.942045],[83.509059,44.943001],[83.508267,44.943447],[83.506925,44.943925],[83.506833,44.945062],[83.506545,44.945261],[83.506111,44.945394],[83.503806,44.945121],[83.502880,44.945205],[83.500025,44.947009],[83.499949,44.947989],[83.499584,44.948492],[83.498883,44.948726],[83.497888,44.948894],[83.497754,44.949066],[83.497783,44.949265],[83.498589,44.949558],[83.498830,44.949775],[83.499056,44.950103],[83.499032,44.950426],[83.501688,44.952804],[83.502083,44.953256],[83.502359,44.953736],[83.502480,44.954560],[83.502252,44.955412],[83.502261,44.955668],[83.502075,44.955881],[83.501051,44.956434],[83.499629,44.957543],[83.498745,44.958748],[83.497599,44.960763],[83.496998,44.961387],[83.495902,44.961800],[83.494291,44.962160],[83.489837,44.962862],[83.488358,44.962899],[83.485279,44.963799],[83.483422,44.964692],[83.479370,44.967706],[83.478891,44.968428],[83.478086,44.970168],[83.477033,44.972910],[83.475891,44.974520],[83.474631,44.975827],[83.474063,44.976108],[83.470403,44.977916],[83.464641,44.979957],[83.459798,44.980479],[83.457986,44.980851],[83.452337,44.981703],[83.450437,44.982018],[83.445772,44.982347],[83.439614,44.981686],[83.435689,44.981040],[83.434008,44.980917],[83.424901,44.980343],[83.412260,44.979899],[83.399774,44.980567],[83.394798,44.980644],[83.391591,44.980840],[83.390978,44.981060],[83.386916,44.981962],[83.383852,44.982809],[83.379597,44.983722],[83.370296,44.986076],[83.360283,44.988364],[83.355820,44.989548],[83.353122,44.990131],[83.352347,44.990441],[83.349992,44.990797],[83.350439,44.991264],[83.350121,44.991596],[83.350164,44.991759],[83.350442,44.991824],[83.350424,44.991926],[83.349880,44.992059],[83.349496,44.992404],[83.348745,44.992628],[83.348342,44.993075],[83.348017,44.993157],[83.347560,44.993104],[83.346826,44.992801],[83.346186,44.992993],[83.345937,44.992968],[83.345040,44.992550],[83.344486,44.991810],[83.344180,44.991751],[83.343434,44.991885],[83.343095,44.991854],[83.342190,44.991501],[83.339979,44.991591],[83.338205,44.991842],[83.336917,44.992326],[83.335801,44.991808],[83.334970,44.991594],[83.334420,44.991349],[83.333621,44.991208],[83.332965,44.990939],[83.332506,44.991045],[83.331334,44.990897],[83.330383,44.991039],[83.328932,44.991620],[83.327962,44.992215],[83.322740,44.992621],[83.313376,44.993173],[83.308569,44.993574],[83.301159,44.993956],[83.298542,44.994182],[83.295333,44.994512],[83.290158,44.995234],[83.285407,44.995771],[83.283456,44.995901],[83.280824,44.996331],[83.272977,44.997258],[83.265258,44.998327],[83.263651,44.998375],[83.252786,45.000511],[83.247153,45.001410],[83.236489,45.003039],[83.224628,45.005005],[83.212161,45.006790],[83.205423,45.007904],[83.198162,45.008926],[83.193510,45.009767],[83.189254,45.010389],[83.174937,45.012769],[83.150784,45.017006],[83.143164,45.018553],[83.137692,45.019664],[83.121702,45.023022],[83.115416,45.024409],[83.096548,45.028573],[83.094415,45.028925],[83.076258,45.033383],[83.068176,45.035176],[83.044211,45.040968],[83.029390,45.044351],[83.025810,45.045168],[83.002598,45.050702],[82.992540,45.053960],[82.979744,45.057922],[82.977548,45.058486],[82.974674,45.059492],[82.973414,45.059755],[82.970261,45.061035],[82.969167,45.061583],[82.967263,45.062262],[82.965296,45.063204],[82.963958,45.063984],[82.961683,45.065007],[82.959943,45.065903],[82.955826,45.067638],[82.950519,45.069196],[82.947704,45.070151],[82.943535,45.071339],[82.942105,45.071851],[82.940125,45.072355],[82.937902,45.073082],[82.933449,45.074335],[82.926950,45.076516],[82.918812,45.078928],[82.917101,45.079530],[82.915183,45.080036],[82.913472,45.080646],[82.907221,45.082558],[82.887153,45.089676],[82.878212,45.092942],[82.875121,45.093909],[82.865656,45.097431],[82.861624,45.098729],[82.858860,45.099792],[82.855475,45.100907],[82.843129,45.108324],[82.835776,45.112995],[82.833762,45.114105],[82.830298,45.116413],[82.827897,45.117250],[82.818908,45.120862],[82.816826,45.121566],[82.813294,45.123260],[82.811420,45.123877],[82.808342,45.125249],[82.804484,45.126812],[82.800074,45.129104],[82.797221,45.130471],[82.792288,45.133308],[82.789062,45.134904],[82.784933,45.137095],[82.780656,45.139542],[82.779604,45.140252],[82.776468,45.141825],[82.771211,45.144725],[82.767956,45.146367],[82.757845,45.152162],[82.752611,45.153032],[82.742751,45.155330],[82.733385,45.157204],[82.721004,45.160030],[82.719473,45.160243],[82.717051,45.159913],[82.712557,45.159125],[82.708576,45.158338],[82.683121,45.153828],[82.681783,45.153554],[82.675609,45.156911],[82.674319,45.157810],[82.670448,45.159803],[82.667626,45.161440],[82.665783,45.162313],[82.661605,45.164635],[82.660216,45.165524],[82.658222,45.166513],[82.655568,45.168024],[82.653689,45.169220],[82.648754,45.171886],[82.646653,45.173210],[82.640604,45.177742],[82.638220,45.179379],[82.632606,45.183610],[82.625931,45.188397],[82.622772,45.190940],[82.617239,45.195849],[82.612010,45.200078],[82.611772,45.200546],[82.610685,45.204415],[82.610342,45.204994],[82.600494,45.210074],[82.598696,45.211486],[82.593454,45.215093],[82.590347,45.217454],[82.582862,45.219299],[82.587476,45.223905],[82.601014,45.346210],[82.564667,45.399534],[82.547201,45.425238],[82.546751,45.425873],[82.448000,45.461357],[82.282035,45.538896],[82.282001,45.542305],[82.281879,45.554502],[82.266753,45.620153],[82.279587,45.639378],[82.285828,45.647273],[82.288558,45.655417],[82.289116,45.697476],[82.290090,45.716443],[82.295760,45.727134],[82.304093,45.735586],[82.340270,45.772534],[82.341810,45.780416],[82.345162,45.807422],[82.348034,45.813541],[82.349618,45.823002],[82.348026,45.846302],[82.345354,45.853695],[82.338749,45.863956],[82.335869,45.873708],[82.336043,45.882221],[82.344059,45.894471],[82.344825,45.905540],[82.345391,45.912466],[82.344294,45.923853],[82.342676,45.935121],[82.346131,45.943740],[82.357208,45.951213],[82.389528,45.965692],[82.401289,45.972227],[82.423466,45.971006],[82.435612,45.968940],[82.443460,45.973154],[82.461516,45.979995],[82.462284,45.982343],[82.481993,46.042635],[82.506105,46.116424],[82.518326,46.153824],[82.556353,46.213276],[82.578351,46.247641],[82.608739,46.295069],[82.614903,46.305502],[82.726772,46.494703],[82.727235,46.495487],[82.774208,46.600108],[82.788883,46.677843],[82.790698,46.682050],[82.812598,46.732823],[82.829778,46.772665],[82.878488,46.797233],[82.876385,46.822892],[82.876303,46.823887],[82.892631,46.861944],[82.903134,46.886411],[82.923538,46.932061],[82.927712,46.945270],[82.934629,46.968110],[82.935804,46.980987],[82.937877,47.014057],[82.939600,47.016278],[82.948724,47.020979],[82.967021,47.035797],[82.980299,47.050197],[82.988018,47.058786],[82.992941,47.065111],[82.993181,47.065419],[82.995850,47.072227],[83.000961,47.094763],[83.009510,47.104455],[83.013305,47.123069],[83.022411,47.132939],[83.023170,47.141305],[83.023441,47.150220],[83.028569,47.159475],[83.031673,47.168276],[83.031142,47.175782],[83.030323,47.181885],[83.029451,47.188891],[83.029269,47.195065],[83.027369,47.215423],[83.029959,47.219573],[83.035748,47.219506],[83.052914,47.215994],[83.062598,47.219899],[83.075512,47.225101],[83.093317,47.225615],[83.108340,47.222107],[83.120843,47.224562],[83.134387,47.229733],[83.144119,47.235759],[83.154817,47.236089],[83.162949,47.230161],[83.170482,47.223034],[83.174404,47.218472],[83.188735,47.215419],[83.206940,47.213695],[83.210700,47.208757],[83.215977,47.202167],[83.219408,47.189128],[83.222095,47.186915],[83.237903,47.186332],[83.247786,47.175877],[83.257818,47.173229],[83.276464,47.174229],[83.294657,47.176430],[83.306395,47.179700],[83.316386,47.174156],[83.324482,47.168005],[83.332368,47.167868],[83.349300,47.172624],[83.370452,47.178563],[83.371738,47.168669],[83.371920,47.163333],[83.387012,47.155263],[83.391860,47.148372],[83.395005,47.145859],[83.398939,47.140941],[83.408209,47.132414],[83.418827,47.118832],[83.430591,47.118271],[83.442675,47.125272],[83.453011,47.129148],[83.463280,47.132074],[83.469593,47.128767],[83.472999,47.122367],[83.484218,47.118172],[83.487631,47.112200],[83.493084,47.107668],[83.511548,47.108490],[83.517337,47.104239],[83.522616,47.098740],[83.529729,47.092875],[83.534509,47.087521],[83.538528,47.083816],[83.546302,47.080502],[83.566966,47.080619],[83.573665,47.075728],[83.573344,47.068781],[83.570451,47.062827],[83.571161,47.060568],[83.576133,47.059233],[83.603367,47.058947],[83.610936,47.052110],[83.612505,47.051219],[83.618134,47.048028],[83.631028,47.047289],[83.641938,47.045372],[83.649399,47.044063],[83.665108,47.043427],[83.689622,47.035188],[83.700572,47.032155],[83.702772,47.026778],[83.699354,47.015626],[83.708015,47.013850],[83.713024,47.016690],[83.726692,47.024435],[83.741567,47.026317],[83.750393,47.027379],[83.766540,47.027003],[83.780170,47.022877],[83.789618,47.018225],[83.798629,47.014204],[83.816497,47.012173],[83.827310,47.007450],[83.841746,47.001722],[83.851980,46.994817],[83.874976,46.994232],[83.883470,46.989829],[83.883957,46.989577],[83.885863,46.981941],[83.893714,46.982375],[83.907744,46.985825],[83.913470,46.980629],[83.915900,46.972649],[83.924772,46.969911],[83.932973,46.969998],[83.937900,46.977738],[83.951535,46.987246],[83.963569,46.989501],[83.978778,46.981863],[83.991233,46.989889],[84.002738,46.990609],[84.013001,46.982104],[84.020178,46.979724],[84.038516,46.973525],[84.054188,46.969996],[84.066119,46.967655],[84.075096,46.966382],[84.086447,46.965212],[84.103565,46.965935],[84.115563,46.966830],[84.128773,46.970016],[84.132731,46.970971],[84.136991,46.973063],[84.150276,46.977333],[84.158582,46.982218],[84.170676,46.988609],[84.178798,46.993740],[84.195106,47.003512],[84.200012,47.004155],[84.215279,46.998809],[84.226009,46.997703],[84.236346,47.001934],[84.242508,46.996893],[84.250382,46.995033],[84.259310,47.000102],[84.268207,47.003484],[84.278784,46.998642],[84.283552,46.996852],[84.289141,46.994755],[84.297721,46.993985],[84.305399,46.995313],[84.314566,46.997222],[84.323778,47.001278],[84.330355,47.004661],[84.336514,47.005402],[84.341621,47.002173],[84.348797,46.996280],[84.359825,46.994006],[84.371501,46.993337],[84.377846,46.994428],[84.382998,46.995313],[84.393603,46.998838],[84.425430,47.008864],[84.438544,47.009266],[84.449554,47.006416],[84.454519,47.001265],[84.458697,46.996614],[84.464508,46.992901],[84.471442,46.990621],[84.484163,46.984711],[84.496865,46.979159],[84.506507,46.973068],[84.517204,46.974430],[84.548796,46.986460],[84.563129,46.991644],[84.581496,46.994306],[84.588381,46.995569],[84.603028,46.996539],[84.628762,46.994151],[84.639241,46.993947],[84.649751,46.999579],[84.662188,46.999436],[84.668690,46.994872],[84.679781,47.004564],[84.680329,47.004600],[84.693264,47.007108],[84.699565,47.008469],[84.711389,47.008058],[84.748027,47.009848],[84.759946,47.000103],[84.765646,46.993605],[84.781724,46.980088],[84.795312,46.972533]]
额敏县	[[83.412890,46.466819],[83.414409,46.473931],[83.414608,46.474703],[83.415845,46.477674],[83.418617,46.483541],[83.418277,46.493466],[83.417958,46.502781],[83.416365,46.509883],[83.415751,46.514951],[83.415315,46.519206],[83.415309,46.519488],[83.415295,46.520170],[83.420305,46.528269],[83.424731,46.531277],[83.430581,46.536665],[83.438970,46.539892],[83.438394,46.541425],[83.437800,46.542582],[83.435737,46.550483],[83.434843,46.552218],[83.434397,46.554643],[83.430581,46.558850],[83.428982,46.561018],[83.426575,46.563627],[83.425157,46.564792],[83.424967,46.565507],[83.426042,46.567211],[83.426331,46.570209],[83.425745,46.571509],[83.426392,46.572646],[83.427649,46.573339],[83.433057,46.574702],[83.434314,46.575259],[83.437033,46.577387],[83.437385,46.577661],[83.437900,46.578066],[83.439223,46.578277],[83.440543,46.578828],[83.443544,46.588386],[83.446780,46.594633],[83.454750,46.607598],[83.460033,46.617005],[83.460917,46.618550],[83.465553,46.626649],[83.467740,46.627322],[83.469735,46.630824],[83.472399,46.635243],[83.484621,46.656302],[83.485377,46.657536],[83.486141,46.658783],[83.487160,46.659901],[83.489410,46.659679],[83.499025,46.659220],[83.507907,46.658859],[83.512257,46.658742],[83.516310,46.658634],[83.524757,46.665996],[83.525715,46.667426],[83.527228,46.668950],[83.529610,46.669658],[83.530586,46.670148],[83.531510,46.670449],[83.535005,46.673070],[83.537623,46.676161],[83.539055,46.678285],[83.539959,46.680195],[83.540289,46.681995],[83.540750,46.683281],[83.540927,46.686595],[83.542012,46.693026],[83.544418,46.705748],[83.544328,46.707534],[83.544103,46.709497],[83.544246,46.711320],[83.544392,46.712149],[83.544892,46.712830],[83.545056,46.713272],[83.545329,46.714825],[83.545297,46.715735],[83.545183,46.719025],[83.545013,46.720921],[83.544840,46.726395],[83.544119,46.738627],[83.543935,46.746896],[83.543853,46.747619],[83.543561,46.748662],[83.543270,46.749303],[83.542990,46.749628],[83.541715,46.751674],[83.540579,46.753738],[83.539855,46.755056],[83.540031,46.758540],[83.540409,46.761194],[83.540379,46.762826],[83.540167,46.763735],[83.538981,46.766344],[83.537482,46.768842],[83.536233,46.770117],[83.533448,46.771965],[83.532293,46.772970],[83.531558,46.773818],[83.530859,46.777153],[83.529680,46.778786],[83.528135,46.780594],[83.525753,46.782495],[83.524317,46.784338],[83.523568,46.785748],[83.522505,46.788732],[83.520087,46.793032],[83.516991,46.797680],[83.514987,46.800247],[83.514534,46.801142],[83.514247,46.802735],[83.514417,46.805532],[83.514396,46.808822],[83.514016,46.810140],[83.512576,46.812499],[83.511912,46.814008],[83.511331,46.816090],[83.511561,46.816784],[83.511653,46.820017],[83.511876,46.822329],[83.511847,46.823716],[83.511718,46.824502],[83.511059,46.825619],[83.510628,46.826813],[83.510540,46.828402],[83.510251,46.829826],[83.510041,46.832970],[83.509945,46.833450],[83.510006,46.833908],[83.510620,46.835803],[83.511251,46.839202],[83.511392,46.843222],[83.511835,46.847179],[83.512154,46.848494],[83.515160,46.853267],[83.516354,46.854947],[83.517112,46.856491],[83.517255,46.856911],[83.517349,46.857186],[83.517407,46.858323],[83.516801,46.861608],[83.516679,46.863011],[83.516727,46.863767],[83.516929,46.864552],[83.517422,46.868056],[83.517662,46.868896],[83.517954,46.869313],[83.518262,46.870185],[83.518279,46.871510],[83.518744,46.874397],[83.519654,46.876693],[83.519937,46.877963],[83.520393,46.879419],[83.521207,46.880839],[83.522429,46.882286],[83.525569,46.885467],[83.526400,46.886055],[83.527951,46.886945],[83.529114,46.887559],[83.530707,46.888187],[83.532095,46.888365],[83.532988,46.888251],[83.535226,46.887601],[83.537019,46.887249],[83.541419,46.887328],[83.543368,46.887531],[83.546682,46.888197],[83.548281,46.888835],[83.553200,46.890177],[83.557338,46.891833],[83.558996,46.892257],[83.560002,46.892706],[83.561758,46.893200],[83.566036,46.899355],[83.566698,46.900492],[83.567619,46.903628],[83.567664,46.905202],[83.568776,46.907903],[83.568844,46.910051],[83.568242,46.910921],[83.568076,46.912347],[83.570040,46.915468],[83.575002,46.921839],[83.577591,46.924946],[83.580783,46.927472],[83.589651,46.931928],[83.593019,46.933020],[83.596412,46.935120],[83.598562,46.937384],[83.598867,46.940815],[83.600837,46.943798],[83.601310,46.945515],[83.601417,46.949230],[83.601875,46.950515],[83.601920,46.952233],[83.604087,46.954920],[83.601234,46.957253],[83.596682,46.965331],[83.596080,46.966056],[83.595920,46.967769],[83.597421,46.969328],[83.597925,46.972179],[83.597742,46.972903],[83.598810,46.973886],[83.599251,46.974596],[83.600279,46.974996],[83.600882,46.975400],[83.601503,46.975641],[83.605210,46.975539],[83.606247,46.975606],[83.607723,46.975972],[83.608565,46.976371],[83.612996,46.979704],[83.614446,46.981238],[83.615003,46.982047],[83.615193,46.982812],[83.615235,46.983407],[83.615135,46.984511],[83.615033,46.984992],[83.614591,46.985856],[83.614363,46.986695],[83.614382,46.987144],[83.614581,46.987437],[83.615093,46.987666],[83.617020,46.987926],[83.617294,46.988242],[83.617416,46.988885],[83.617681,46.989262],[83.618700,46.990217],[83.619143,46.991071],[83.619243,46.994498],[83.621670,46.998764],[83.623601,47.000594],[83.623780,47.001182],[83.624540,47.002256],[83.624565,47.002760],[83.623557,47.005062],[83.623038,47.007715],[83.622833,47.008346],[83.622699,47.010436],[83.622494,47.011066],[83.622186,47.011544],[83.623127,47.011940],[83.625384,47.013459],[83.626322,47.014215],[83.627283,47.014562],[83.628161,47.014725],[83.628915,47.015041],[83.629877,47.015697],[83.630254,47.015859],[83.633247,47.016395],[83.638137,47.017388],[83.638574,47.017549],[83.638243,47.018632],[83.637556,47.020260],[83.636973,47.021328],[83.636915,47.021651],[83.637125,47.022907],[83.637097,47.023232],[83.636801,47.024131],[83.636816,47.025027],[83.636435,47.025984],[83.637267,47.026687],[83.637473,47.026975],[83.637553,47.027397],[83.637317,47.028007],[83.636794,47.028765],[83.636824,47.029072],[83.637134,47.029681],[83.637080,47.030087],[83.636615,47.031125],[83.636614,47.031715],[83.637008,47.032221],[83.637111,47.032511],[83.637121,47.033005],[83.636993,47.033714],[83.637195,47.034506],[83.637153,47.036115],[83.637773,47.038926],[83.638305,47.039502],[83.640023,47.040683],[83.640472,47.041105],[83.641200,47.042485],[83.641938,47.045372],[83.649399,47.044063],[83.665108,47.043427],[83.689622,47.035188],[83.700572,47.032155],[83.702772,47.026778],[83.699354,47.015626],[83.708015,47.013850],[83.713024,47.016690],[83.726692,47.024435],[83.741567,47.026317],[83.750393,47.027379],[83.766540,47.027003],[83.780170,47.022877],[83.789618,47.018225],[83.798629,47.014204],[83.816497,47.012173],[83.827310,47.007450],[83.841746,47.001722],[83.851980,46.994817],[83.874976,46.994232],[83.883470,46.989829],[83.883957,46.989577],[83.885863,46.981941],[83.893714,46.982375],[83.907744,46.985825],[83.913470,46.980629],[83.915900,46.972649],[83.924772,46.969911],[83.932973,46.969998],[83.937900,46.977738],[83.951535,46.987246],[83.963569,46.989501],[83.978778,46.981863],[83.991233,46.989889],[84.002738,46.990609],[84.013001,46.982104],[84.020178,46.979724],[84.038516,46.973525],[84.054188,46.969996],[84.066119,46.967655],[84.075096,46.966382],[84.086447,46.965212],[84.103565,46.965935],[84.115563,46.966830],[84.128773,46.970016],[84.132731,46.970971],[84.136991,46.973063],[84.150276,46.977333],[84.158582,46.982218],[84.170676,46.988609],[84.178798,46.993740],[84.195106,47.003512],[84.200012,47.004155],[84.215279,46.998809],[84.226009,46.997703],[84.236346,47.001934],[84.242508,46.996893],[84.250382,46.995033],[84.259310,47.000102],[84.268207,47.003484],[84.278784,46.998642],[84.283552,46.996852],[84.289141,46.994755],[84.297721,46.993985],[84.305399,46.995313],[84.314566,46.997222],[84.323778,47.001278],[84.330355,47.004661],[84.336514,47.005402],[84.341621,47.002173],[84.348797,46.996280],[84.359825,46.994006],[84.371501,46.993337],[84.377846,46.994428],[84.382998,46.995313],[84.393603,46.998838],[84.425430,47.008864],[84.438544,47.009266],[84.449554,47.006416],[84.454519,47.001265],[84.458697,46.996614],[84.464508,46.992901],[84.471442,46.990621],[84.484163,46.984711],[84.496865,46.979159],[84.506507,46.973068],[84.517204,46.974430],[84.548796,46.986460],[84.563129,46.991644],[84.581496,46.994306],[84.588381,46.995569],[84.603028,46.996539],[84.628762,46.994151],[84.639241,46.993947],[84.649751,46.999579],[84.662188,46.999436],[84.668690,46.994872],[84.679781,47.004564],[84.680329,47.004600],[84.693264,47.007108],[84.699565,47.008469],[84.711389,47.008058],[84.748027,47.009848],[84.759946,47.000103],[84.765646,46.993605],[84.781724,46.980088],[84.795312,46.972533],[84.810272,46.968792],[84.822742,46.967024],[84.829011,46.966136],[84.849394,46.956940],[84.850909,46.950750],[84.859059,46.936879],[84.866942,46.927531],[84.883690,46.916913],[84.900625,46.903286],[84.914633,46.889593],[84.929915,46.869272],[84.934473,46.863985],[84.940460,46.862148],[84.943604,46.861920],[84.940624,46.860172],[84.939510,46.859685],[84.939076,46.859180],[84.938763,46.858476],[84.938469,46.857308],[84.938110,46.856618],[84.935999,46.854406],[84.934545,46.853339],[84.933853,46.853078],[84.930391,46.852452],[84.928723,46.852281],[84.925715,46.852812],[84.924648,46.852884],[84.923360,46.852844],[84.921871,46.852531],[84.918549,46.851274],[84.917537,46.851131],[84.916610,46.851129],[84.915542,46.851248],[84.913900,46.851605],[84.910921,46.852634],[84.908662,46.853181],[84.907212,46.853263],[84.905778,46.853515],[84.903509,46.853752],[84.900883,46.853596],[84.897474,46.853533],[84.895924,46.853319],[84.895246,46.853322],[84.893172,46.853812],[84.891116,46.853852],[84.887425,46.855274],[84.886333,46.855471],[84.884447,46.855810],[84.880945,46.855903],[84.879403,46.855503],[84.878343,46.854942],[84.876104,46.853352],[84.873452,46.852499],[84.871797,46.851569],[84.868031,46.850433],[84.862994,46.847803],[84.861775,46.847301],[84.859605,46.846860],[84.858080,46.846663],[84.856093,46.846625],[84.853263,46.846071],[84.852002,46.846022],[84.848353,46.846603],[84.845255,46.846634],[84.844119,46.846530],[84.842798,46.845947],[84.841084,46.844992],[84.839150,46.843417],[84.838174,46.842391],[84.837866,46.841937],[84.837277,46.840357],[84.836959,46.839175],[84.836579,46.838467],[84.836485,46.837765],[84.836596,46.837038],[84.836467,46.836195],[84.836130,46.835460],[84.835072,46.834591],[84.834206,46.833887],[84.832617,46.833261],[84.830443,46.832828],[84.828378,46.832553],[84.822050,46.832166],[84.820656,46.826664],[84.820725,46.826506],[84.820977,46.826416],[84.821650,46.825432],[84.820766,46.823456],[84.819701,46.820160],[84.819678,46.818729],[84.821504,46.816420],[84.821276,46.815282],[84.820020,46.814297],[84.813353,46.812931],[84.808328,46.810404],[84.803691,46.806163],[84.803264,46.805588],[84.801376,46.804466],[84.799716,46.804337],[84.792429,46.803118],[84.789512,46.802435],[84.781155,46.800118],[84.775536,46.798172],[84.772396,46.797582],[84.769896,46.797598],[84.767190,46.797196],[84.762377,46.794944],[84.761317,46.794095],[84.761927,46.792802],[84.761476,46.790948],[84.762300,46.790082],[84.762288,46.789365],[84.762654,46.787910],[84.762871,46.787058],[84.763494,46.783476],[84.764119,46.779902],[84.764146,46.779767],[84.764049,46.776159],[84.763988,46.773567],[84.764283,46.769967],[84.764586,46.766372],[84.764647,46.765560],[84.764473,46.761960],[84.764402,46.760500],[84.762814,46.757071],[84.761226,46.753636],[84.760731,46.752560],[84.756816,46.750164],[84.753109,46.747897],[84.749444,46.745322],[84.745849,46.742794],[84.742356,46.740105],[84.738872,46.737412],[84.738629,46.737233],[84.736092,46.734079],[84.733537,46.730929],[84.732885,46.730116],[84.730877,46.726789],[84.728867,46.723453],[84.728780,46.723296],[84.727311,46.719834],[84.725841,46.716372],[84.725711,46.716060],[84.725432,46.712460],[84.725232,46.709845],[84.726109,46.706299],[84.726743,46.703711],[84.726247,46.700124],[84.725743,46.696537],[84.725491,46.694709],[84.724395,46.691191],[84.723298,46.687660],[84.722593,46.685419],[84.720524,46.682104],[84.718462,46.678788],[84.718184,46.678354],[84.715061,46.675453],[84.713539,46.674036],[84.709807,46.671495],[84.708163,46.670372],[84.704813,46.667593],[84.703794,46.666749],[84.700818,46.663775],[84.699477,46.662439],[84.696901,46.659296],[84.694325,46.656152],[84.694029,46.655792],[84.691670,46.652566],[84.690730,46.651292],[84.689067,46.647871],[84.688458,46.646612],[84.687725,46.643037],[84.687002,46.639471],[84.686332,46.636192],[84.687245,46.632646],[84.688159,46.629101],[84.688316,46.628476],[84.690186,46.625114],[84.692048,46.621749],[84.693040,46.619957],[84.695659,46.616840],[84.698235,46.613753],[84.700984,46.610689],[84.703716,46.607619],[84.706343,46.604684],[84.708874,46.601536],[84.710814,46.599134],[84.714510,46.596591],[84.716476,46.595239],[84.719667,46.592390],[84.721163,46.591067],[84.724718,46.588427],[84.726136,46.587378],[84.730124,46.585050],[84.733488,46.583091],[84.737180,46.580541],[84.740873,46.577990],[84.741967,46.577239],[84.745667,46.574692],[84.749366,46.572145],[84.750789,46.571164],[84.754314,46.568506],[84.757846,46.565845],[84.758593,46.565276],[84.763018,46.563351],[84.767434,46.561426],[84.768257,46.561070],[84.772152,46.558667],[84.773159,46.558050],[84.777146,46.555720],[84.779435,46.554389],[84.784385,46.553255],[84.789342,46.552116],[84.793978,46.551051],[84.798943,46.549936],[84.803898,46.548821],[84.804461,46.548695],[84.809571,46.547983],[84.814689,46.547275],[84.814862,46.547249],[84.816238,46.543765],[84.817363,46.540919],[84.821424,46.538659],[84.824307,46.537052],[84.828827,46.535246],[84.833226,46.533484],[84.837841,46.531817],[84.842438,46.530154],[84.846101,46.527577],[84.849755,46.525001],[84.852639,46.522969],[84.855471,46.519938],[84.858303,46.516908],[84.858442,46.516760],[84.863145,46.515195],[84.865259,46.514493],[84.870164,46.513279],[84.871689,46.512900],[84.876153,46.511031],[84.879239,46.509739],[84.882924,46.507187],[84.885213,46.505610],[84.887528,46.502374],[84.889697,46.499356],[84.891996,46.496121],[84.893818,46.493545],[84.893018,46.489982],[84.892211,46.486418],[84.891412,46.482855],[84.891342,46.482568],[84.890613,46.478996],[84.890171,46.476839],[84.887601,46.473702],[84.886951,46.472917],[84.884418,46.469768],[84.883420,46.468531],[84.880871,46.465391],[84.878928,46.462992],[84.878121,46.459429],[84.877731,46.457723],[84.880062,46.454496],[84.881172,46.452962],[84.881414,46.449364],[84.881648,46.445761],[84.881700,46.444970],[84.881197,46.441385],[84.880866,46.439020],[84.880961,46.435413],[84.881056,46.431810],[84.883380,46.428483],[84.885704,46.425252],[84.887567,46.422651],[84.889310,46.419246],[84.890707,46.416519],[84.894568,46.414096],[84.896424,46.412932],[84.898099,46.409515],[84.899765,46.406099],[84.901318,46.402939],[84.901960,46.399363],[84.902620,46.395782],[84.902845,46.394505],[84.902653,46.390898],[84.902453,46.387296],[84.902401,46.386267],[84.901550,46.382708],[84.901202,46.381224],[84.901045,46.377620],[84.900992,46.376431],[84.900054,46.372877],[84.899481,46.370694],[84.899307,46.367092],[84.899264,46.366124],[84.899610,46.362521],[84.899948,46.358923],[84.900165,46.356766],[84.902708,46.353620],[84.905252,46.350473],[84.907343,46.347122],[84.908385,46.345442],[84.909888,46.341992],[84.910843,46.339762],[84.911355,46.336173],[84.911659,46.334064],[84.913299,46.330639],[84.914959,46.327224],[84.915497,46.326114],[84.917765,46.322873],[84.919607,46.320227],[84.923126,46.317565],[84.924030,46.316871],[84.927882,46.314444],[84.930413,46.312846],[84.933327,46.309859],[84.934153,46.309014],[84.937251,46.306115],[84.939922,46.303611],[84.943804,46.301197],[84.945310,46.300257],[84.947478,46.296980],[84.948749,46.295056],[84.951596,46.292037],[84.953860,46.289642],[84.956726,46.286632],[84.957945,46.285359],[84.961012,46.282450],[84.962702,46.280857],[84.966057,46.278101],[84.969411,46.275349],[84.969803,46.275016],[84.973927,46.272818],[84.978050,46.270612],[84.978538,46.270349],[84.982304,46.267860],[84.986062,46.265367],[84.986629,46.264986],[84.990771,46.262794],[84.994914,46.260607],[84.995036,46.260542],[84.999414,46.258585],[85.003792,46.256632],[85.005431,46.255900],[85.009748,46.253878],[85.013481,46.252131],[85.017048,46.249508],[85.019559,46.247654],[85.024023,46.245787],[85.025924,46.245003],[85.029332,46.242277],[85.030674,46.241192],[85.033489,46.238171],[85.036313,46.235136],[85.037813,46.233530],[85.041394,46.230918],[85.044888,46.228375],[85.048991,46.226157],[85.050254,46.225475],[85.054313,46.223214],[85.058362,46.220956],[85.062419,46.218695],[85.062662,46.218560],[85.066762,46.216341],[85.068024,46.215658],[85.072748,46.214150],[85.077480,46.212645],[85.077680,46.212581],[85.082697,46.211625],[85.087721,46.210675],[85.091284,46.209996],[85.096288,46.209007],[85.098911,46.208484],[85.103965,46.207629],[85.106526,46.207195],[85.111690,46.206724],[85.116836,46.206257],[85.117773,46.206169],[85.122769,46.205173],[85.127755,46.204179],[85.128691,46.203994],[85.133086,46.202064],[85.137463,46.200132],[85.138339,46.199744],[85.143521,46.199936],[85.146562,46.200049],[85.151743,46.199862],[85.156775,46.199685],[85.155822,46.199542],[85.155874,46.196306],[85.155285,46.194294],[85.154228,46.190758],[85.151127,46.187952],[85.147973,46.185094],[85.146648,46.184023],[85.143260,46.181296],[85.141440,46.180664],[85.136804,46.179057],[85.133098,46.177957],[85.129028,46.173892],[85.126336,46.171648],[85.122772,46.168379],[85.110823,46.165955],[85.109248,46.166056],[85.107622,46.165604],[85.104493,46.165257],[85.100634,46.164612],[85.098213,46.164363],[85.094093,46.163258],[85.088500,46.162619],[85.084819,46.162426],[85.082622,46.162479],[85.079773,46.162310],[85.072014,46.162324],[85.068814,46.162507],[85.064871,46.162575],[85.060236,46.162779],[85.055654,46.163097],[85.052232,46.163088],[85.047691,46.163314],[85.044901,46.163255],[85.034839,46.163717],[85.018474,46.163940],[85.009428,46.163887],[85.006698,46.164001],[85.002326,46.164467],[85.001661,46.164329],[84.999401,46.164282],[84.996704,46.163820],[84.992221,46.163510],[84.989601,46.163095],[84.987704,46.163071],[84.985974,46.162783],[84.984679,46.162723],[84.983231,46.162517],[84.981809,46.162141],[84.980647,46.161940],[84.973596,46.161205],[84.972259,46.160959],[84.970184,46.160734],[84.969570,46.160579],[84.967096,46.160515],[84.963377,46.159862],[84.960677,46.159827],[84.959256,46.159725],[84.954029,46.159797],[84.951524,46.160073],[84.950108,46.160385],[84.948432,46.160589],[84.944932,46.161241],[84.942143,46.161407],[84.910437,46.160015],[84.887728,46.159019],[84.867849,46.159911],[84.847703,46.160815],[84.828843,46.161662],[84.807073,46.164298],[84.783546,46.167146],[84.782017,46.167167],[84.778520,46.165766],[84.773882,46.165807],[84.768531,46.165571],[84.766266,46.165304],[84.763787,46.164465],[84.761522,46.164485],[84.761111,46.164207],[84.754321,46.163975],[84.749582,46.163432],[84.738452,46.162515],[84.735153,46.161971],[84.732273,46.162137],[84.726512,46.162745],[84.726314,46.163030],[84.723853,46.163617],[84.716027,46.163956],[84.713145,46.164262],[84.710477,46.164843],[84.709865,46.165425],[84.703511,46.167598],[84.701247,46.168188],[84.699197,46.169060],[84.696528,46.169498],[84.696322,46.169789],[84.694065,46.170225],[84.690768,46.170531],[84.689330,46.170823],[84.687265,46.170840],[84.683968,46.170714],[84.681688,46.170294],[84.678390,46.170311],[84.675713,46.170467],[84.673234,46.170053],[84.672813,46.169773],[84.670334,46.169494],[84.662325,46.171681],[84.662126,46.171973],[84.660068,46.172269],[84.655119,46.172726],[84.651382,46.172659],[84.648778,46.173137],[84.646360,46.174202],[84.643244,46.174431],[84.640983,46.174331],[84.638055,46.173377],[84.637311,46.173425],[84.634284,46.174450],[84.632901,46.174728],[84.631100,46.174617],[84.626791,46.174970],[84.624473,46.175283],[84.622891,46.175652],[84.621908,46.176444],[84.619974,46.179887],[84.619112,46.180412],[84.617533,46.181664],[84.615377,46.184435],[84.613874,46.185837],[84.613152,46.186658],[84.611417,46.187856],[84.610882,46.188322],[84.608669,46.191222],[84.602319,46.197490],[84.598041,46.197367],[84.591576,46.197182],[84.588619,46.197406],[84.582979,46.198149],[84.575827,46.198507],[84.571834,46.199053],[84.567581,46.198848],[84.564511,46.200589],[84.563089,46.201173],[84.562061,46.201323],[84.558997,46.201153],[84.555282,46.200946],[84.554666,46.200809],[84.552004,46.200829],[84.547693,46.200583],[84.544826,46.201175],[84.539125,46.204942],[84.538927,46.205226],[84.536686,46.206245],[84.534017,46.206266],[84.528470,46.204748],[84.525190,46.204775],[84.523556,46.205212],[84.518231,46.205264],[84.515975,46.205563],[84.513719,46.205305],[84.502252,46.205690],[84.499183,46.205569],[84.494058,46.205615],[84.490169,46.206080],[84.488529,46.205806],[84.481974,46.205715],[84.480340,46.206161],[84.476648,46.206188],[84.475623,46.205916],[84.470296,46.205955],[84.466612,46.206557],[84.463329,46.205862],[84.462911,46.205584],[84.459224,46.205465],[84.458403,46.205620],[84.453490,46.207085],[84.449818,46.208827],[84.448593,46.209117],[84.444699,46.209720],[84.442029,46.209736],[84.441412,46.209454],[84.435872,46.209346],[84.432591,46.209798],[84.430132,46.210672],[84.428692,46.210965],[84.426233,46.210983],[84.424183,46.211703],[84.421130,46.214578],[84.419492,46.215162],[84.417031,46.215603],[84.415392,46.216475],[84.414364,46.216758],[84.412313,46.217063],[84.410674,46.217781],[84.402439,46.216965],[84.399143,46.216835],[84.396878,46.216414],[84.388208,46.214169],[84.388208,46.213881],[84.386964,46.212890],[84.382016,46.212043],[84.379748,46.211773],[84.378916,46.211484],[84.374791,46.210782],[84.371079,46.209801],[84.367365,46.209665],[84.358073,46.208124],[84.347991,46.210004],[84.347784,46.210287],[84.346553,46.210724],[84.345315,46.211008],[84.342020,46.211303],[84.339542,46.211169],[84.333754,46.209467],[84.332516,46.209184],[84.331690,46.209190],[84.324258,46.208633],[84.317874,46.208930],[84.317462,46.208785],[84.314365,46.208653],[84.310444,46.208230],[84.309825,46.208088],[84.307761,46.208099],[84.305904,46.207953],[84.301578,46.208393],[84.296840,46.208120],[84.287345,46.205427],[84.284251,46.205574],[84.278876,46.201879],[84.277425,46.200737],[84.272479,46.199751],[84.258684,46.198649],[84.258272,46.198369],[84.256419,46.198090],[84.252713,46.197812],[84.251067,46.196963],[84.250418,46.196482],[84.245654,46.197198],[84.244241,46.197590],[84.242931,46.197372],[84.241217,46.197762],[84.240096,46.198126],[84.239032,46.198278],[84.237689,46.198633],[84.235340,46.198571],[84.233527,46.198651],[84.231826,46.198104],[84.231007,46.198378],[84.229702,46.198031],[84.228200,46.198059],[84.227128,46.197652],[84.226741,46.197603],[84.224168,46.197835],[84.223145,46.197734],[84.222437,46.197450],[84.219317,46.198192],[84.218492,46.198041],[84.217024,46.197932],[84.216116,46.198239],[84.215102,46.198177],[84.214357,46.198235],[84.211604,46.199001],[84.210077,46.199579],[84.208994,46.199757],[84.205374,46.199827],[84.202676,46.199488],[84.201323,46.199228],[84.201077,46.199304],[84.200858,46.199694],[84.200696,46.199746],[84.199167,46.199652],[84.198184,46.199754],[84.197334,46.199967],[84.196105,46.200498],[84.195654,46.200583],[84.193923,46.200396],[84.192180,46.200521],[84.190607,46.200287],[84.189616,46.200265],[84.188693,46.200397],[84.187460,46.200958],[84.186958,46.201047],[84.184057,46.201071],[84.182279,46.200978],[84.179368,46.201519],[84.177704,46.201353],[84.175584,46.201458],[84.171999,46.201346],[84.170820,46.201600],[84.169265,46.201758],[84.166628,46.203132],[84.165924,46.203880],[84.165672,46.204044],[84.163296,46.205027],[84.162846,46.205095],[84.160835,46.204203],[84.159017,46.203697],[84.156369,46.202566],[84.155079,46.202187],[84.152840,46.201974],[84.149138,46.201127],[84.147054,46.200855],[84.146038,46.200850],[84.143472,46.201067],[84.142283,46.201039],[84.141321,46.200835],[84.140549,46.200860],[84.139631,46.200652],[84.131181,46.199930],[84.130573,46.199827],[84.126981,46.198528],[84.122387,46.197612],[84.119292,46.196098],[84.112826,46.192693],[84.111008,46.191931],[84.106748,46.189279],[84.106094,46.188739],[84.104837,46.187977],[84.102755,46.186478],[84.099328,46.184195],[84.096958,46.182717],[84.093741,46.180883],[84.092959,46.180341],[84.090510,46.178368],[84.088719,46.176794],[84.087378,46.175804],[84.086626,46.174896],[84.084702,46.173022],[84.083874,46.172082],[84.083554,46.172175],[84.083378,46.172073],[84.083225,46.171755],[84.083061,46.171652],[84.083005,46.170682],[84.080193,46.170442],[84.078345,46.170870],[84.076291,46.171876],[84.073818,46.172017],[84.071755,46.171161],[84.067852,46.171739],[84.064766,46.173310],[84.058377,46.173026],[84.055289,46.174020],[84.050350,46.176311],[84.047674,46.177019],[84.041906,46.177162],[84.040875,46.177448],[84.038816,46.179440],[84.037998,46.181153],[84.038411,46.182873],[84.038419,46.184449],[84.037179,46.185447],[84.036155,46.186011],[84.035948,46.186437],[84.036360,46.187582],[84.036369,46.190155],[84.035550,46.192443],[84.033079,46.193443],[84.029153,46.193439],[84.026474,46.192714],[84.024820,46.191434],[84.023581,46.191714],[84.020902,46.192994],[84.016983,46.192989],[84.014503,46.192412],[84.012436,46.192416],[84.010377,46.193552],[84.010170,46.193834],[84.009136,46.194119],[84.006870,46.194115],[84.003983,46.195543],[84.002978,46.196490],[84.002246,46.197033],[83.999935,46.198185],[83.997493,46.199079],[83.995227,46.199104],[83.993558,46.198702],[83.992143,46.198723],[83.987166,46.197831],[83.875319,46.268646],[83.731107,46.324667],[83.728362,46.323185],[83.723468,46.319393],[83.719778,46.317613],[83.717719,46.315777],[83.715229,46.314354],[83.713341,46.313523],[83.711625,46.311686],[83.709221,46.309552],[83.707934,46.308722],[83.706389,46.307299],[83.703814,46.305520],[83.701239,46.302970],[83.698149,46.305520],[83.696862,46.306824],[83.695403,46.308425],[83.694630,46.309552],[83.692630,46.312774],[83.690570,46.311618],[83.690270,46.311380],[83.679841,46.307023],[83.679584,46.306667],[83.676623,46.305570],[83.675378,46.305807],[83.674906,46.305985],[83.674477,46.305807],[83.664091,46.303702],[83.659285,46.302783],[83.658727,46.302546],[83.656753,46.302338],[83.655594,46.302398],[83.653322,46.302252],[83.652643,46.307699],[83.652576,46.307810],[83.651669,46.309649],[83.650654,46.311005],[83.649260,46.312606],[83.647161,46.314702],[83.645847,46.314734],[83.641123,46.314847],[83.619970,46.315665],[83.612692,46.313567],[83.610156,46.317089],[83.608798,46.319154],[83.608170,46.319940],[83.605514,46.318958],[83.603874,46.318254],[83.601800,46.319595],[83.601622,46.319777],[83.601629,46.320395],[83.601463,46.320928],[83.598823,46.323152],[83.593994,46.327494],[83.594057,46.331096],[83.593953,46.332359],[83.593804,46.332860],[83.591165,46.333896],[83.591063,46.334264],[83.590852,46.334496],[83.590767,46.335230],[83.590557,46.335481],[83.589575,46.335811],[83.587146,46.337072],[83.587116,46.339628],[83.585464,46.340887],[83.584635,46.341650],[83.583720,46.342278],[83.583209,46.343101],[83.579322,46.348198],[83.569377,46.361884],[83.568563,46.362888],[83.567113,46.364927],[83.565295,46.367484],[83.564253,46.368738],[83.551234,46.369233],[83.523268,46.370524],[83.520400,46.370656],[83.507014,46.373192],[83.503890,46.373545],[83.484873,46.378819],[83.482415,46.379574],[83.479719,46.380488],[83.471688,46.383677],[83.459557,46.388229],[83.449135,46.392227],[83.440241,46.396814],[83.440875,46.403917],[83.439237,46.404229],[83.438725,46.404501],[83.438513,46.404782],[83.438317,46.404882],[83.436182,46.404848],[83.434128,46.405241],[83.433721,46.405354],[83.432705,46.406077],[83.431419,46.406357],[83.431089,46.406502],[83.429551,46.407570],[83.428784,46.408582],[83.427827,46.410666],[83.427478,46.411232],[83.426862,46.411713],[83.425374,46.412230],[83.423681,46.412622],[83.422966,46.413135],[83.422416,46.413407],[83.419473,46.414093],[83.418688,46.414136],[83.417507,46.413989],[83.416038,46.414116],[83.414815,46.413589],[83.413714,46.413560],[83.412041,46.414176],[83.409026,46.414546],[83.407209,46.415520],[83.407877,46.416060],[83.411719,46.422840],[83.409158,46.432936],[83.407643,46.438386],[83.410042,46.448140],[83.411042,46.457502],[83.411360,46.459655],[83.411628,46.460905],[83.412890,46.466819]]	塔城地区	[[84.943604,46.861920],[84.955088,46.861090],[84.959888,46.864154],[84.962755,46.870843],[84.964733,46.874925],[84.968315,46.876541],[84.975769,46.879770],[84.980024,46.883104],[84.979771,46.885222],[84.979327,46.888808],[84.979240,46.890244],[84.979013,46.893840],[84.979127,46.897127],[84.979249,46.900727],[84.979493,46.902886],[84.979895,46.906478],[84.981787,46.909484],[84.983863,46.912803],[84.985153,46.914861],[84.987220,46.918185],[84.989924,46.920416],[84.993290,46.923196],[84.995523,46.924289],[84.999823,46.926386],[85.002606,46.926924],[85.007690,46.927899],[85.012775,46.928879],[85.017938,46.928820],[85.023205,46.928761],[85.027670,46.928904],[85.032935,46.929071],[85.038174,46.928672],[85.043411,46.928263],[85.047542,46.928290],[85.052812,46.928328],[85.054684,46.928970],[85.059386,46.930603],[85.064114,46.931992],[85.068953,46.933415],[85.071850,46.934474],[85.076487,46.936169],[85.078183,46.937278],[85.081983,46.939774],[85.082470,46.940626],[85.084400,46.943975],[85.084505,46.944227],[85.085904,46.947694],[85.087313,46.951164],[85.088660,46.954018],[85.090277,46.957445],[85.090955,46.958179],[85.093761,46.961229],[85.096568,46.964278],[85.099330,46.966233],[85.102986,46.968816],[85.107240,46.971022],[85.111432,46.973187],[85.115189,46.974879],[85.119579,46.976856],[85.120724,46.977411],[85.125000,46.979496],[85.129283,46.981580],[85.133557,46.983664],[85.134433,46.984054],[85.138810,46.986041],[85.143186,46.988024],[85.147552,46.990006],[85.151070,46.991303],[85.155695,46.993002],[85.160312,46.994701],[85.160528,46.994752],[85.165516,46.995863],[85.170496,46.996975],[85.175484,46.998090],[85.175908,47.001528],[85.178792,47.005305],[85.187167,47.007617],[85.191523,47.013016],[85.194442,47.016263],[85.195837,47.018949],[85.198652,47.024311],[85.204543,47.029752],[85.209638,47.035697],[85.213997,47.041098],[85.219978,47.044951],[85.231745,47.052265],[85.238642,47.056321],[85.253666,47.054741],[85.260536,47.054404],[85.268982,47.056206],[85.273223,47.062353],[85.275814,47.066962],[85.276431,47.068921],[85.281414,47.069048],[85.285684,47.069157],[85.291091,47.066624],[85.303197,47.060961],[85.307183,47.058045],[85.317950,47.050152],[85.319769,47.048936],[85.326159,47.044896],[85.331313,47.045727],[85.335493,47.047133],[85.342466,47.049817],[85.350841,47.053054],[85.355715,47.054443],[85.358274,47.054608],[85.363529,47.054942],[85.368775,47.055275],[85.371907,47.055279],[85.380655,47.053070],[85.386349,47.053206],[85.396993,47.053946],[85.407560,47.056136],[85.418025,47.060267],[85.426489,47.061424],[85.441124,47.063369],[85.441358,47.063359],[85.446614,47.063151],[85.451851,47.062946],[85.459233,47.062431],[85.466076,47.062071],[85.471308,47.061798],[85.473833,47.061157],[85.478753,47.059906],[85.484864,47.057987],[85.493041,47.057477],[85.498269,47.057148],[85.501044,47.057366],[85.511025,47.057779],[85.516262,47.057781],[85.520739,47.057563],[85.525969,47.057314],[85.526592,47.057543],[85.533733,47.056764],[85.540106,47.057403],[85.540125,47.057292],[85.540002,47.054952],[85.539812,47.053924],[85.539029,47.052259],[85.538451,47.051660],[85.536992,47.050600],[85.536414,47.050406],[85.536030,47.050412],[85.537402,47.049970],[85.539589,47.049792],[85.540427,47.049865],[85.541432,47.050524],[85.543508,47.052182],[85.544245,47.052599],[85.546251,47.053499],[85.547345,47.053711],[85.548852,47.054456],[85.549448,47.054440],[85.551063,47.054017],[85.551711,47.053773],[85.552937,47.053051],[85.553816,47.052747],[85.554298,47.052437],[85.555265,47.051163],[85.555561,47.050946],[85.555992,47.050825],[85.557375,47.051092],[85.558582,47.051094],[85.559570,47.051294],[85.560289,47.051249],[85.561324,47.051428],[85.562667,47.051496],[85.564319,47.051414],[85.566364,47.050976],[85.568588,47.050130],[85.569342,47.049950],[85.569718,47.050195],[85.571541,47.052339],[85.572000,47.053465],[85.572930,47.055279],[85.573554,47.055967],[85.574990,47.057163],[85.576172,47.057575],[85.577118,47.058256],[85.578601,47.058860],[85.578923,47.059388],[85.579453,47.059615],[85.580351,47.059798],[85.581664,47.059887],[85.583424,47.059907],[85.584513,47.059794],[85.585425,47.060046],[85.586332,47.060497],[85.587869,47.060242],[85.588548,47.060004],[85.589437,47.059428],[85.592461,47.059181],[85.597105,47.059001],[85.600010,47.058638],[85.600643,47.058489],[85.603314,47.058312],[85.604990,47.058066],[85.606906,47.057513],[85.608303,47.056818],[85.608813,47.056667],[85.611105,47.056381],[85.611355,47.056217],[85.611657,47.055807],[85.612050,47.054847],[85.612625,47.054550],[85.613868,47.054503],[85.614295,47.054603],[85.615414,47.055204],[85.616538,47.056183],[85.617324,47.056655],[85.618206,47.056938],[85.619094,47.056981],[85.620539,47.056858],[85.622024,47.056385],[85.622879,47.055956],[85.623052,47.055790],[85.623314,47.055154],[85.623519,47.054937],[85.623802,47.054699],[85.624841,47.054282],[85.625277,47.054006],[85.626002,47.053287],[85.627134,47.052819],[85.629051,47.052289],[85.630330,47.051478],[85.631254,47.051343],[85.631621,47.051411],[85.632135,47.051711],[85.633726,47.053074],[85.635417,47.053584],[85.637042,47.054245],[85.637587,47.054567],[85.637868,47.054969],[85.639321,47.055795],[85.639981,47.056391],[85.640344,47.056590],[85.640787,47.056690],[85.642203,47.056552],[85.643737,47.055996],[85.644593,47.055556],[85.645275,47.055324],[85.645907,47.055228],[85.646844,47.055219],[85.647989,47.055497],[85.649155,47.055534],[85.650678,47.055423],[85.651856,47.055597],[85.652486,47.055595],[85.652933,47.055537],[85.654512,47.055066],[85.657039,47.054738],[85.657348,47.054669],[85.657743,47.054244],[85.657829,47.053868],[85.658089,47.053327],[85.658405,47.052985],[85.658555,47.052515],[85.659917,47.052052],[85.661754,47.051742],[85.663813,47.051073],[85.668732,47.050940],[85.669897,47.051050],[85.670369,47.051203],[85.670885,47.051435],[85.671319,47.051902],[85.672157,47.052186],[85.672756,47.052194],[85.676294,47.051382],[85.676956,47.051328],[85.678338,47.051337],[85.679838,47.051572],[85.682694,47.052229],[85.685238,47.053070],[85.687636,47.053652],[85.693702,47.055551],[85.695400,47.055815],[85.696352,47.055848],[85.699427,47.055679],[85.702479,47.055242],[85.704177,47.054865],[85.704467,47.054932],[85.705389,47.056160],[85.705750,47.056458],[85.707884,47.057114],[85.709665,47.058369],[85.710153,47.058501],[85.712097,47.058704],[85.713219,47.058666],[85.713729,47.058536],[85.714240,47.058364],[85.715795,47.057514],[85.716973,47.057036],[85.721361,47.055827],[85.723961,47.054905],[85.724659,47.054578],[85.726513,47.053401],[85.727518,47.053056],[85.728315,47.053045],[85.729888,47.053389],[85.732483,47.055190],[85.732847,47.055280],[85.733969,47.055213],[85.735455,47.054645],[85.737565,47.054261],[85.738569,47.053947],[85.739536,47.053214],[85.740820,47.051410],[85.741287,47.051143],[85.741655,47.051115],[85.742361,47.051135],[85.743704,47.051339],[85.744463,47.051683],[85.747259,47.053318],[85.747971,47.053630],[85.749173,47.053984],[85.750094,47.053920],[85.751811,47.053185],[85.752488,47.052713],[85.753694,47.052322],[85.756610,47.051944],[85.757747,47.052037],[85.759081,47.052537],[85.760761,47.052828],[85.761189,47.052843],[85.762485,47.052441],[85.762929,47.052395],[85.766497,47.052842],[85.768292,47.053205],[85.772697,47.055127],[85.773395,47.055629],[85.774385,47.056904],[85.774678,47.057028],[85.775342,47.057076],[85.775889,47.057061],[85.776395,47.056894],[85.779571,47.055640],[85.782992,47.053948],[85.783983,47.053886],[85.785542,47.054205],[85.785999,47.054219],[85.791905,47.053622],[85.794579,47.053525],[85.796069,47.053564],[85.797641,47.053902],[85.798882,47.054541],[85.799375,47.054940],[85.799980,47.055583],[85.802241,47.058776],[85.802751,47.059084],[85.803820,47.059447],[85.806244,47.060628],[85.807085,47.061323],[85.807987,47.061887],[85.808442,47.062033],[85.809976,47.062047],[85.812339,47.061339],[85.815794,47.060574],[85.818430,47.059473],[85.820435,47.058894],[85.821573,47.058777],[85.822251,47.058803],[85.822882,47.058990],[85.823271,47.059388],[85.823470,47.059734],[85.823819,47.060658],[85.824063,47.060984],[85.824383,47.061168],[85.826826,47.061452],[85.836487,47.062980],[85.837563,47.063019],[85.838865,47.062889],[85.843210,47.061852],[85.844365,47.061665],[85.846905,47.061574],[85.851535,47.061780],[85.852349,47.062364],[85.853100,47.063139],[85.853614,47.063933],[85.853933,47.064188],[85.854958,47.064602],[85.856311,47.064836],[85.858216,47.064761],[85.860808,47.063685],[85.861392,47.063305],[85.863337,47.062765],[85.864760,47.062524],[85.865884,47.062392],[85.869254,47.062234],[85.873802,47.062303],[85.877560,47.061987],[85.877882,47.062122],[85.880676,47.064190],[85.881194,47.064807],[85.881514,47.065053],[85.882115,47.065331],[85.885038,47.066167],[85.887553,47.066767],[85.888320,47.066854],[85.891883,47.066841],[85.892843,47.066911],[85.893372,47.067037],[85.894734,47.067657],[85.895889,47.068336],[85.897918,47.070363],[85.902074,47.074030],[85.902560,47.074156],[85.902947,47.074018],[85.905953,47.071791],[85.907103,47.071255],[85.908070,47.070961],[85.909585,47.070799],[85.911554,47.070736],[85.916334,47.070193],[85.917281,47.070233],[85.918063,47.070311],[85.918828,47.070633],[85.919527,47.071166],[85.920860,47.071938],[85.921150,47.072215],[85.921274,47.073415],[85.921418,47.073619],[85.922284,47.074022],[85.925859,47.074606],[85.926804,47.074934],[85.928755,47.074498],[85.933177,47.074028],[85.935878,47.073985],[85.936811,47.073844],[85.938397,47.074023],[85.938812,47.073877],[85.940593,47.072878],[85.941323,47.072866],[85.942376,47.073207],[85.943590,47.073755],[85.944194,47.073903],[85.946545,47.073995],[85.946957,47.074093],[85.947406,47.074332],[85.949082,47.075933],[85.950696,47.077172],[85.951611,47.077585],[85.952227,47.077760],[85.953366,47.077976],[85.954840,47.078002],[85.956785,47.077846],[85.958435,47.077320],[85.960246,47.076308],[85.963276,47.074262],[85.964527,47.073713],[85.966336,47.073490],[85.971048,47.073567],[85.973531,47.073493],[85.974990,47.073614],[85.978482,47.073378],[85.980074,47.073059],[85.981336,47.072689],[85.985194,47.071395],[85.987468,47.070727],[85.988672,47.070470],[85.989501,47.070390],[85.991804,47.069666],[85.993991,47.069259],[85.997098,47.068277],[86.001172,47.067255],[86.002399,47.067176],[86.005215,47.066576],[86.005750,47.066360],[86.006388,47.065766],[86.007103,47.063966],[86.007748,47.062981],[86.008759,47.062103],[86.009412,47.061398],[86.010492,47.059741],[86.013754,47.057174],[86.015213,47.056348],[86.017828,47.055582],[86.022429,47.054929],[86.024049,47.054902],[86.025650,47.054485],[86.029026,47.052279],[86.032672,47.050123],[86.032934,47.049931],[86.033145,47.049591],[86.034285,47.049001],[86.035929,47.048407],[86.036712,47.047989],[86.036975,47.047751],[86.037049,47.047418],[86.036602,47.046570],[86.036565,47.046338],[86.037556,47.045023],[86.041159,47.042134],[86.042239,47.041117],[86.043617,47.040084],[86.047324,47.038158],[86.050129,47.037196],[86.052503,47.036711],[86.053123,47.036291],[86.053196,47.035995],[86.053129,47.035179],[86.052452,47.034282],[86.050276,47.030542],[86.049755,47.030054],[86.048772,47.028783],[86.048714,47.026857],[86.049030,47.025125],[86.051920,47.025341],[86.062520,47.025743],[86.064679,47.026233],[86.065462,47.026514],[86.066864,47.026709],[86.071220,47.026810],[86.071993,47.026730],[86.072516,47.026380],[86.073317,47.026132],[86.074910,47.025932],[86.079093,47.025543],[86.080283,47.025506],[86.082723,47.025632],[86.083225,47.025704],[86.085130,47.026364],[86.087981,47.026437],[86.088731,47.026555],[86.089710,47.026901],[86.092788,47.028263],[86.093498,47.028487],[86.102935,47.029178],[86.105939,47.029261],[86.111032,47.029215],[86.112348,47.029611],[86.115289,47.030796],[86.116431,47.031075],[86.117931,47.031311],[86.120075,47.031417],[86.122203,47.031379],[86.125595,47.031691],[86.126347,47.031867],[86.128131,47.032082],[86.148222,47.034327],[86.178000,47.040002],[86.179000,47.040068],[86.180350,47.039839],[86.181586,47.039410],[86.183263,47.039314],[86.184675,47.039601],[86.186649,47.040477],[86.189399,47.041109],[86.191444,47.041316],[86.197773,47.041516],[86.200603,47.041878],[86.201023,47.042180],[86.201640,47.042350],[86.206264,47.043024],[86.206817,47.043213],[86.207868,47.043873],[86.208427,47.043835],[86.211807,47.044463],[86.213778,47.044988],[86.218695,47.045879],[86.222579,47.047000],[86.225075,47.047370],[86.233772,47.050562],[86.238985,47.051285],[86.244334,47.052931],[86.251139,47.052722],[86.252793,47.053078],[86.253753,47.053410],[86.256340,47.055424],[86.258308,47.056231],[86.261618,47.057289],[86.267709,47.058861],[86.272131,47.060129],[86.273635,47.061067],[86.274767,47.061517],[86.278089,47.061892],[86.279557,47.061903],[86.287954,47.064162],[86.292785,47.065719],[86.294474,47.066568],[86.299734,47.068706],[86.300789,47.068983],[86.306891,47.071254],[86.315326,47.076242],[86.317483,47.077773],[86.318024,47.077896],[86.318869,47.077903],[86.319583,47.077774],[86.319759,47.077375],[86.319765,47.076932],[86.319479,47.076269],[86.318492,47.074826],[86.317706,47.073006],[86.317643,47.072278],[86.317719,47.072011],[86.318003,47.071880],[86.322748,47.073639],[86.326788,47.074915],[86.330031,47.075333],[86.332904,47.075957],[86.339912,47.078175],[86.342409,47.079456],[86.350970,47.081910],[86.352939,47.082259],[86.354843,47.082916],[86.361965,47.083761],[86.366816,47.084815],[86.373404,47.086778],[86.373781,47.086622],[86.373988,47.086556],[86.374132,47.086529],[86.374451,47.086509],[86.377652,47.087242],[86.380157,47.087215],[86.389223,47.086985],[86.396862,47.087447],[86.397778,47.087595],[86.398197,47.087629],[86.408193,47.088048],[86.411079,47.087996],[86.414862,47.087304],[86.419164,47.087148],[86.420167,47.087019],[86.423511,47.086172],[86.425711,47.085955],[86.428824,47.084865],[86.432054,47.084084],[86.433842,47.083556],[86.434688,47.083183],[86.435456,47.083236],[86.437545,47.084129],[86.438738,47.084376],[86.442221,47.084830],[86.444339,47.085255],[86.445629,47.085652],[86.446332,47.086097],[86.448696,47.086087],[86.451523,47.086313],[86.454363,47.086346],[86.455969,47.086634],[86.458157,47.087216],[86.462418,47.087628],[86.465025,47.087717],[86.468889,47.087525],[86.469667,47.087661],[86.470756,47.088465],[86.471618,47.088726],[86.472458,47.088753],[86.475999,47.089161],[86.476836,47.089513],[86.477577,47.089665],[86.478515,47.089650],[86.480446,47.088984],[86.481481,47.088986],[86.482185,47.089254],[86.483469,47.089942],[86.484009,47.090736],[86.484908,47.090989],[86.486002,47.091116],[86.487330,47.090968],[86.490066,47.090262],[86.491356,47.090330],[86.492355,47.090182],[86.492711,47.089806],[86.492820,47.088628],[86.492569,47.087971],[86.491323,47.087126],[86.490381,47.086608],[86.489896,47.085824],[86.489590,47.085575],[86.489608,47.085030],[86.489437,47.083920],[86.488809,47.083224],[86.488065,47.082172],[86.488016,47.081693],[86.488178,47.081076],[86.489034,47.080038],[86.489207,47.078534],[86.489585,47.077568],[86.489863,47.077125],[86.490681,47.076196],[86.490762,47.075784],[86.490766,47.074427],[86.491227,47.072653],[86.493071,47.069217],[86.493527,47.068741],[86.494356,47.068391],[86.495520,47.067748],[86.496775,47.066500],[86.496579,47.066062],[86.496337,47.065770],[86.495438,47.065082],[86.493697,47.064249],[86.496571,47.063373],[86.498997,47.062951],[86.499901,47.062559],[86.502287,47.061757],[86.503994,47.061434],[86.505357,47.061344],[86.510078,47.061442],[86.517624,47.061319],[86.523773,47.060532],[86.526299,47.059855],[86.528652,47.059524],[86.529776,47.059041],[86.531778,47.058468],[86.534674,47.057311],[86.536710,47.056950],[86.539787,47.056090],[86.542623,47.054892],[86.546264,47.052668],[86.548694,47.051402],[86.550025,47.051112],[86.551597,47.051006],[86.554338,47.051145],[86.557431,47.051528],[86.561966,47.052533],[86.566214,47.053862],[86.567989,47.053704],[86.573795,47.052261],[86.577584,47.051947],[86.581133,47.051957],[86.587874,47.052706],[86.605276,47.055117],[86.614158,47.056609],[86.620796,47.057446],[86.631347,47.059193],[86.698637,47.069410],[86.701333,47.069117],[86.703975,47.068706],[86.704938,47.068681],[86.706024,47.068793],[86.708749,47.069470],[86.712501,47.071052],[86.715104,47.071937],[86.718225,47.072569],[86.724862,47.073238],[86.734004,47.073090],[86.737994,47.073263],[86.741297,47.073841],[86.745453,47.074784],[86.748570,47.075126],[86.750660,47.075511],[86.755247,47.076696],[86.757857,47.076978],[86.760645,47.077625],[86.777779,47.078175],[86.794166,47.079686],[86.798424,47.080025],[86.800341,47.080094],[86.802952,47.080446],[86.804271,47.080688],[86.804243,47.081177],[86.804595,47.082003],[86.806802,47.085416],[86.860946,47.093415],[86.898166,47.098824],[86.937766,47.104746],[86.978544,47.110689],[87.035189,47.119005],[87.037432,47.118878],[87.040668,47.118692],[87.040310,47.117072],[87.038985,47.097954],[87.037078,47.077873],[87.033360,47.031778],[87.031446,47.011929],[87.030686,47.001641],[87.029744,46.985673],[87.029262,46.972308],[87.029617,46.970851],[87.033538,46.967377],[87.035911,46.964872],[87.041491,46.961564],[87.045882,46.957523],[87.050743,46.951376],[87.051929,46.950082],[87.054301,46.948628],[87.056909,46.946364],[87.058569,46.945394],[87.062837,46.943942],[87.064377,46.942648],[87.065913,46.938114],[87.066503,46.935199],[87.067448,46.933499],[87.068395,46.932528],[87.077511,46.927026],[87.087211,46.920953],[87.096430,46.915037],[87.121568,46.899942],[87.183234,46.862184],[87.203685,46.849561],[87.203794,46.847050],[87.202677,46.800239],[87.202065,46.762416],[87.201580,46.726621],[87.201680,46.715726],[87.195381,46.708123],[87.181886,46.691828],[87.142245,46.639671],[87.096192,46.579741],[87.037192,46.503534],[87.037033,46.499623],[87.039142,46.496043],[87.081150,46.427598],[87.129581,46.348127],[87.171845,46.275389],[87.199764,46.228911],[87.234479,46.170765],[87.262241,46.125049],[87.300745,46.060484],[87.336082,46.005118],[87.336353,46.004268],[87.336580,46.003556],[87.337415,45.999996],[87.338260,45.996435],[87.338730,45.994423],[87.339278,45.990836],[87.339809,45.987245],[87.339870,45.986885],[87.340497,45.983302],[87.340984,45.980487],[87.341054,45.976878],[87.341123,45.973268],[87.341132,45.972934],[87.341201,45.969324],[87.341271,45.965710],[87.341271,45.965606],[87.340435,45.962047],[87.339607,45.958483],[87.339450,45.957802],[87.339433,45.954192],[87.339424,45.950582],[87.339406,45.946972],[87.339389,45.943362],[87.339371,45.939753],[87.339362,45.936143],[87.339344,45.932533],[87.339327,45.928919],[87.339309,45.925310],[87.339300,45.921704],[87.339283,45.918089],[87.339274,45.914480],[87.339256,45.910874],[87.339238,45.907256],[87.339229,45.903646],[87.339212,45.900040],[87.339194,45.896426],[87.339177,45.892817],[87.339168,45.889207],[87.339150,45.885592],[87.339132,45.881982],[87.339115,45.878373],[87.339106,45.874758],[87.339088,45.871153],[87.339079,45.867539],[87.339062,45.863925],[87.339044,45.860320],[87.339035,45.856705],[87.339017,45.853091],[87.339000,45.849485],[87.338982,45.845871],[87.338973,45.842262],[87.338956,45.838647],[87.338938,45.835037],[87.338920,45.831423],[87.338911,45.827814],[87.338902,45.824203],[87.338885,45.820589],[87.338867,45.816979],[87.338850,45.813365],[87.338841,45.809755],[87.338823,45.806140],[87.338805,45.802530],[87.338788,45.798920],[87.338779,45.795302],[87.338761,45.791696],[87.338743,45.788082],[87.338735,45.784469],[87.338717,45.780859],[87.338708,45.777243],[87.338690,45.773633],[87.338674,45.770019],[87.338656,45.766409],[87.338646,45.762796],[87.338630,45.759181],[87.338611,45.755570],[87.338593,45.751961],[87.338585,45.748347],[87.338567,45.744727],[87.338558,45.741117],[87.338541,45.737507],[87.338531,45.733888],[87.338515,45.730279],[87.338496,45.726669],[87.338478,45.723054],[87.338461,45.719440],[87.338452,45.715826],[87.338435,45.712215],[87.338416,45.708601],[87.338408,45.704986],[87.338391,45.701376],[87.338381,45.697762],[87.338363,45.694147],[87.338346,45.690532],[87.338337,45.686918],[87.338319,45.683308],[87.338302,45.679689],[87.338285,45.676078],[87.338275,45.672464],[87.338257,45.668854],[87.338248,45.665235],[87.338231,45.661625],[87.338213,45.658009],[87.338204,45.654396],[87.338187,45.650780],[87.338169,45.647166],[87.338151,45.643551],[87.338142,45.639941],[87.338126,45.636322],[87.338107,45.632708],[87.338089,45.629093],[87.338082,45.625478],[87.338073,45.621864],[87.338054,45.618248],[87.338037,45.614634],[87.338020,45.611023],[87.338011,45.607409],[87.337993,45.603790],[87.337976,45.600175],[87.337958,45.596560],[87.337949,45.592945],[87.337940,45.589331],[87.337922,45.585716],[87.337905,45.582101],[87.337887,45.578486],[87.337878,45.574871],[87.337861,45.571255],[87.337843,45.567636],[87.337825,45.564022],[87.337815,45.560411],[87.337807,45.556792],[87.337789,45.553177],[87.337772,45.549562],[87.337754,45.545947],[87.337745,45.542332],[87.337728,45.538713],[87.337710,45.535098],[87.337693,45.531483],[87.337684,45.527868],[87.337665,45.524253],[87.337649,45.520633],[87.337640,45.517018],[87.337631,45.513399],[87.337613,45.509788],[87.337595,45.506169],[87.337578,45.502553],[87.337569,45.498934],[87.337551,45.495319],[87.337534,45.491704],[87.337516,45.488088],[87.337507,45.484473],[87.337498,45.480854],[87.337481,45.477234],[87.337463,45.473619],[87.337445,45.470004],[87.337436,45.466388],[87.337419,45.462769],[87.337401,45.459149],[87.337383,45.455534],[87.337375,45.451914],[87.337366,45.448303],[87.337348,45.444684],[87.337330,45.441064],[87.337313,45.437449],[87.337304,45.433829],[87.337286,45.430213],[87.337269,45.426598],[87.337251,45.422978],[87.337242,45.419359],[87.337233,45.415743],[87.337215,45.412123],[87.337194,45.408506],[87.337177,45.404886],[87.337168,45.401271],[87.337150,45.397651],[87.337132,45.394031],[87.337115,45.390415],[87.337106,45.386795],[87.337097,45.383180],[87.337079,45.379564],[87.337062,45.375944],[87.337053,45.372325],[87.337035,45.368705],[87.337017,45.365085],[87.337000,45.361469],[87.336982,45.357849],[87.336973,45.354233],[87.336956,45.350613],[87.336947,45.346993],[87.336929,45.343373],[87.336920,45.339758],[87.336902,45.336138],[87.336885,45.332518],[87.336876,45.330604],[87.004095,45.331205],[86.980641,45.331265],[86.957290,45.331325],[86.942199,45.331364],[86.913536,45.331437],[86.781294,45.331777],[86.750468,45.331855],[86.703771,45.331976],[86.627885,45.332169],[86.613977,45.332205],[86.583257,45.332284],[86.558517,45.332347],[86.487103,45.332530],[86.458624,45.332484],[86.431847,45.332440],[86.398869,45.332386],[86.374149,45.332346],[86.316504,45.332252],[85.666864,45.331195],[85.667177,45.327580],[85.667498,45.323969],[85.667594,45.322962],[85.667046,45.319363],[85.666612,45.316519],[85.667308,45.312935],[85.667907,45.309906],[85.668429,45.306313],[85.668891,45.303063],[85.669239,45.299448],[85.669568,45.295976],[85.669517,45.292356],[85.669490,45.290932],[85.669855,45.287321],[85.670133,45.284531],[85.670490,45.280920],[85.670768,45.278134],[85.670742,45.274514],[85.670716,45.270893],[85.670690,45.267273],[85.670655,45.263657],[85.670637,45.260033],[85.670602,45.256417],[85.670576,45.252792],[85.670549,45.249172],[85.670524,45.245552],[85.670498,45.241936],[85.670463,45.238311],[85.670435,45.234695],[85.670409,45.231075],[85.670383,45.227454],[85.670357,45.223834],[85.670330,45.220214],[85.670305,45.216589],[85.670270,45.212969],[85.670251,45.209348],[85.670216,45.205728],[85.670190,45.202108],[85.670164,45.198487],[85.670138,45.194867],[85.670111,45.191247],[85.670076,45.187626],[85.670059,45.184006],[85.670024,45.180385],[85.669998,45.176765],[85.669972,45.173140],[85.669945,45.169520],[85.669919,45.165899],[85.669892,45.162279],[85.669866,45.158658],[85.669832,45.155034],[85.669814,45.151418],[85.669779,45.147793],[85.669752,45.144172],[85.669726,45.140552],[85.669700,45.136927],[85.669674,45.133307],[85.669639,45.129686],[85.669622,45.126066],[85.669587,45.122445],[85.669561,45.118825],[85.669533,45.115200],[85.669507,45.111575],[85.669481,45.107955],[85.669446,45.104334],[85.669428,45.100709],[85.669393,45.097089],[85.669367,45.093468],[85.669341,45.089848],[85.669315,45.086223],[85.669288,45.082602],[85.669253,45.078977],[85.669236,45.075357],[85.669201,45.071736],[85.669183,45.068112],[85.669148,45.064491],[85.669122,45.060866],[85.669096,45.057246],[85.669061,45.053621],[85.669043,45.050000],[85.669008,45.046380],[85.668991,45.042755],[85.668956,45.039135],[85.668938,45.035514],[85.668903,45.031889],[85.668868,45.028269],[85.668850,45.024644],[85.668815,45.021023],[85.668798,45.017398],[85.668763,45.013774],[85.668745,45.010153],[85.668710,45.006528],[85.668684,45.002903],[85.668658,44.999279],[85.668632,44.995658],[85.668605,44.992033],[85.668597,44.990683],[85.668539,44.988276],[85.668849,44.977649],[85.668785,44.965701],[85.668921,44.919290],[85.781482,44.922903],[85.787607,44.921783],[85.790818,44.920913],[85.796430,44.919155],[85.803563,44.915649],[85.805077,44.914904],[85.808653,44.912424],[85.811331,44.910180],[85.814890,44.906337],[85.816552,44.903930],[85.817944,44.902219],[85.820848,44.899278],[85.822978,44.896785],[85.825660,44.894266],[85.829154,44.891393],[85.832706,44.889018],[85.838794,44.885460],[85.841974,44.883812],[85.849922,44.879339],[85.852548,44.877734],[85.860929,44.871966],[85.866235,44.867637],[85.868414,44.865960],[85.871018,44.862612],[85.874138,44.858048],[85.877998,44.852829],[85.878433,44.852068],[85.879248,44.849717],[85.880661,44.846390],[85.883444,44.841244],[85.884878,44.838331],[85.885604,44.836362],[85.886021,44.834784],[85.886117,44.834004],[85.886083,44.831590],[85.886364,44.828966],[85.886348,44.827570],[85.886781,44.825433],[85.886793,44.823153],[85.889759,44.816164],[85.891397,44.813170],[85.893995,44.810512],[85.896836,44.807224],[85.898559,44.805906],[85.901528,44.803194],[85.920417,44.790229],[85.930172,44.780044],[85.935936,44.773909],[85.937981,44.769387],[85.942116,44.759632],[85.938706,44.757750],[85.928505,44.750743],[85.917003,44.743653],[85.909953,44.738961],[85.906931,44.737497],[85.906132,44.737110],[85.907818,44.735635],[85.911629,44.734123],[85.911944,44.733644],[85.912160,44.729122],[85.912445,44.726102],[85.911459,44.725184],[85.911903,44.725014],[85.912853,44.724651],[85.913309,44.724386],[85.913572,44.724096],[85.913556,44.723671],[85.913283,44.723186],[85.912826,44.722665],[85.912757,44.722068],[85.912931,44.721875],[85.913970,44.721747],[85.914542,44.722149],[85.915145,44.723050],[85.915509,44.723845],[85.916229,44.724048],[85.916918,44.723796],[85.916973,44.723040],[85.917384,44.722591],[85.918641,44.721662],[85.919648,44.720330],[85.920643,44.719640],[85.921668,44.719077],[85.922014,44.718690],[85.921994,44.718082],[85.921703,44.717230],[85.919645,44.716199],[85.918204,44.715737],[85.916757,44.715630],[85.915337,44.715800],[85.914347,44.716237],[85.914172,44.717004],[85.913725,44.717631],[85.912702,44.718103],[85.911797,44.718346],[85.910815,44.718336],[85.909468,44.718105],[85.907574,44.717289],[85.907478,44.716938],[85.907712,44.716447],[85.908575,44.715939],[85.910454,44.715258],[85.912121,44.714792],[85.913111,44.714343],[85.913784,44.712778],[85.913308,44.710707],[85.911613,44.708407],[85.911711,44.707444],[85.912026,44.706535],[85.912265,44.706216],[85.912568,44.705932],[85.913011,44.705795],[85.913896,44.705521],[85.914787,44.705633],[85.915058,44.705848],[85.915227,44.706263],[85.915232,44.706779],[85.914785,44.707044],[85.913608,44.707124],[85.912985,44.707319],[85.912809,44.707707],[85.912846,44.708287],[85.913073,44.708639],[85.913382,44.708901],[85.914021,44.709165],[85.914891,44.709099],[85.915367,44.708634],[85.916608,44.706351],[85.917016,44.706068],[85.917420,44.705981],[85.918039,44.706033],[85.918338,44.706408],[85.918146,44.707162],[85.918245,44.708450],[85.918955,44.709594],[85.919325,44.710005],[85.919644,44.710192],[85.919941,44.710212],[85.920892,44.709292],[85.922577,44.708340],[85.923695,44.707502],[85.923902,44.706804],[85.923764,44.706407],[85.921481,44.705322],[85.921141,44.705032],[85.921148,44.704665],[85.921502,44.704244],[85.923213,44.703550],[85.924133,44.703467],[85.924945,44.703522],[85.925804,44.704093],[85.926355,44.705218],[85.927193,44.706075],[85.928040,44.706429],[85.928942,44.706438],[85.930145,44.705843],[85.930631,44.704815],[85.930643,44.704172],[85.930274,44.703193],[85.929355,44.702403],[85.928300,44.701933],[85.926231,44.701612],[85.925852,44.701428],[85.925356,44.700804],[85.925285,44.700435],[85.925451,44.699247],[85.925356,44.698305],[85.924384,44.695856],[85.923944,44.695433],[85.922732,44.695208],[85.921683,44.695352],[85.920581,44.695341],[85.920053,44.695152],[85.919341,44.694491],[85.919248,44.693928],[85.919471,44.693098],[85.920248,44.692469],[85.921084,44.692064],[85.922042,44.692046],[85.922760,44.692420],[85.926976,44.695166],[85.927572,44.696022],[85.928337,44.696437],[85.929164,44.696601],[85.930059,44.696530],[85.931509,44.695944],[85.933006,44.694817],[85.934411,44.692887],[85.934898,44.691831],[85.935775,44.690566],[85.935805,44.689821],[85.935046,44.688724],[85.934947,44.688197],[85.935062,44.686768],[85.934980,44.686361],[85.935405,44.686127],[85.937734,44.686095],[85.938439,44.685844],[85.938785,44.685452],[85.939236,44.684149],[85.939474,44.683928],[85.940057,44.683722],[85.943892,44.683747],[85.945115,44.683445],[85.946258,44.682648],[85.947195,44.681643],[85.947521,44.681010],[85.946915,44.680653],[85.945804,44.680463],[85.940907,44.680449],[85.938020,44.680573],[85.936791,44.679946],[85.935726,44.678849],[85.936028,44.677631],[85.936647,44.676398],[85.936819,44.675368],[85.937426,44.674795],[85.938311,44.674408],[85.939818,44.674350],[85.940851,44.676456],[85.941804,44.677636],[85.942315,44.677917],[85.942933,44.678027],[85.943661,44.677886],[85.943982,44.677511],[85.944230,44.676739],[85.943977,44.674688],[85.943995,44.673713],[85.943441,44.673156],[85.943048,44.673030],[85.941529,44.672854],[85.940754,44.672496],[85.940195,44.671882],[85.939065,44.671325],[85.936134,44.671072],[85.934460,44.670667],[85.932802,44.669406],[85.932748,44.668843],[85.933033,44.668118],[85.934869,44.667428],[85.936615,44.667401],[85.937089,44.667618],[85.937230,44.669140],[85.937424,44.669824],[85.938063,44.670264],[85.938745,44.670465],[85.939496,44.670399],[85.940389,44.669853],[85.940975,44.668757],[85.941037,44.667152],[85.941184,44.666155],[85.941717,44.665185],[85.942841,44.664498],[85.944006,44.663984],[85.946328,44.663693],[85.949480,44.663458],[85.949850,44.663141],[85.949951,44.662787],[85.949781,44.662165],[85.949682,44.661802],[85.950183,44.661303],[85.952189,44.659989],[85.954424,44.658987],[85.956924,44.658906],[85.959411,44.658206],[85.960068,44.657060],[85.960554,44.655184],[85.960282,44.653695],[85.959929,44.653157],[85.959587,44.652913],[85.958778,44.653035],[85.958203,44.653330],[85.956834,44.654505],[85.956297,44.654757],[85.955886,44.654752],[85.955048,44.654284],[85.954436,44.653806],[85.954151,44.653120],[85.955092,44.646516],[85.954905,44.645240],[85.954453,44.644386],[85.954777,44.643380],[85.955550,44.641724],[85.955122,44.639550],[85.955604,44.638566],[85.958274,44.637822],[85.960317,44.637477],[85.960233,44.637047],[85.960447,44.636864],[85.961177,44.636619],[85.961863,44.636192],[85.962507,44.635825],[85.962636,44.635673],[85.962936,44.635367],[85.963280,44.635154],[85.963623,44.634970],[85.964395,44.634909],[85.965211,44.634665],[85.965812,44.634085],[85.966198,44.633627],[85.966498,44.633230],[85.966627,44.632955],[85.966584,44.632405],[85.966284,44.631977],[85.966026,44.631916],[85.965468,44.631916],[85.964910,44.632008],[85.964524,44.632130],[85.964310,44.632558],[85.963966,44.633168],[85.963065,44.633565],[85.962421,44.633962],[85.961735,44.634634],[85.961005,44.634818],[85.960447,44.634848],[85.959932,44.634665],[85.959675,44.634390],[85.959632,44.634237],[85.960276,44.633474],[85.961005,44.633138],[85.961477,44.632894],[85.961949,44.632558],[85.962293,44.632130],[85.962722,44.631672],[85.962808,44.631214],[85.962808,44.630664],[85.962808,44.630206],[85.962850,44.629504],[85.962979,44.629107],[85.963280,44.629046],[85.963323,44.628740],[85.963108,44.628557],[85.962335,44.628557],[85.961477,44.628679],[85.961263,44.628801],[85.960791,44.629107],[85.960276,44.629381],[85.959803,44.629809],[85.959074,44.630053],[85.958473,44.630084],[85.957701,44.629748],[85.956971,44.629259],[85.956489,44.628974],[85.956585,44.628861],[85.956585,44.628617],[85.956370,44.628189],[85.956198,44.627548],[85.955555,44.627212],[85.954997,44.626907],[85.954139,44.626449],[85.953280,44.626296],[85.952250,44.626052],[85.951607,44.625654],[85.950662,44.625074],[85.950276,44.624738],[85.950104,44.624402],[85.950062,44.623944],[85.949976,44.623425],[85.949976,44.623150],[85.949933,44.622753],[85.949976,44.622417],[85.950534,44.622142],[85.951392,44.621867],[85.952422,44.621775],[85.953237,44.621775],[85.953967,44.621775],[85.955555,44.621775],[85.956413,44.621897],[85.957143,44.622233],[85.957915,44.622692],[85.958688,44.622722],[85.959374,44.622661],[85.959846,44.622478],[85.960061,44.622356],[85.960404,44.621989],[85.960576,44.621775],[85.961177,44.621287],[85.960919,44.620737],[85.960490,44.620401],[85.959760,44.620126],[85.959073,44.618904],[85.959287,44.618751],[85.959717,44.618354],[85.960317,44.618232],[85.960961,44.617987],[85.961390,44.617865],[85.961734,44.617651],[85.961819,44.617285],[85.961648,44.616552],[85.961562,44.615880],[85.960747,44.615696],[85.959802,44.615482],[85.959159,44.615299],[85.958730,44.615055],[85.958386,44.614841],[85.958129,44.614505],[85.958215,44.613955],[85.958730,44.613558],[85.958858,44.613497],[85.959545,44.613008],[85.959888,44.612702],[85.960189,44.612275],[85.960446,44.611878],[85.960446,44.611755],[85.960575,44.611511],[85.960747,44.611083],[85.960875,44.610778],[85.961004,44.610442],[85.961176,44.610014],[85.961262,44.609831],[85.961562,44.609403],[85.961862,44.609250],[85.961991,44.609067],[85.962077,44.608731],[85.962077,44.608303],[85.962077,44.607753],[85.962077,44.607386],[85.961862,44.606928],[85.961433,44.606409],[85.961047,44.606134],[85.961090,44.605920],[85.961390,44.605767],[85.961304,44.605462],[85.961090,44.605125],[85.960532,44.605125],[85.959888,44.605125],[85.959202,44.605156],[85.958815,44.605187],[85.958000,44.605339],[85.957399,44.605614],[85.956755,44.606256],[85.956326,44.606684],[85.956069,44.607142],[85.955597,44.607631],[85.954781,44.608120],[85.953794,44.608486],[85.952850,44.608456],[85.952292,44.608456],[85.951606,44.608150],[85.950318,44.607784],[85.950104,44.607448],[85.949288,44.606684],[85.949159,44.606042],[85.949159,44.605370],[85.949073,44.604604],[85.949073,44.604085],[85.949073,44.603596],[85.949073,44.603077],[85.949116,44.602832],[85.949416,44.602404],[85.949760,44.602038],[85.950704,44.601977],[85.951262,44.601977],[85.951562,44.602007],[85.951863,44.602099],[85.952292,44.602252],[85.952635,44.602618],[85.953322,44.603077],[85.954051,44.603596],[85.955124,44.603627],[85.955854,44.603290],[85.955854,44.603107],[85.955854,44.602679],[85.955639,44.602190],[85.955639,44.601946],[85.955296,44.601702],[85.954781,44.601610],[85.954180,44.601365],[85.953665,44.600846],[85.953150,44.600388],[85.953193,44.599868],[85.953193,44.599593],[85.953193,44.598951],[85.953279,44.598524],[85.953751,44.598432],[85.953665,44.598126],[85.954094,44.598126],[85.954867,44.598126],[85.955725,44.598524],[85.956326,44.598890],[85.956798,44.599196],[85.956841,44.599563],[85.956927,44.599654],[85.957013,44.599746],[85.957270,44.600174],[85.958300,44.600479],[85.958772,44.600877],[85.959330,44.601121],[85.959845,44.601213],[85.960317,44.601213],[85.960660,44.600968],[85.961218,44.600540],[85.961604,44.600327],[85.961948,44.599990],[85.961991,44.599838],[85.961991,44.599410],[85.961948,44.598951],[85.962463,44.598401],[85.962463,44.598096],[85.962463,44.597699],[85.962291,44.597393],[85.961991,44.596996],[85.961733,44.596782],[85.961218,44.596599],[85.960360,44.597026],[85.959630,44.597179],[85.958901,44.597424],[85.957485,44.597393],[85.956583,44.596996],[85.955897,44.596415],[85.955596,44.595682],[85.955639,44.595346],[85.955682,44.594796],[85.955768,44.594368],[85.955940,44.593848],[85.956068,44.593390],[85.956240,44.592870],[85.956283,44.592442],[85.956326,44.591801],[85.956927,44.591312],[85.957270,44.590975],[85.958085,44.590762],[85.959373,44.590853],[85.960274,44.590853],[85.961004,44.590823],[85.961819,44.590517],[85.962291,44.590089],[85.962420,44.589447],[85.962291,44.588714],[85.961390,44.588194],[85.960403,44.588164],[85.959201,44.588164],[85.958343,44.588164],[85.957399,44.588194],[85.956970,44.588255],[85.956111,44.588469],[85.955167,44.588683],[85.954094,44.588500],[85.953322,44.588500],[85.952676,44.588227],[85.952247,44.587830],[85.951774,44.587463],[85.951217,44.587096],[85.950744,44.586852],[85.950401,44.586393],[85.950144,44.585538],[85.949457,44.584987],[85.949071,44.584712],[85.948427,44.584529],[85.947526,44.584284],[85.947054,44.584193],[85.945895,44.583459],[85.944908,44.583001],[85.944436,44.582817],[85.943964,44.582542],[85.943621,44.582236],[85.943363,44.581931],[85.943363,44.581900],[85.942806,44.581440],[85.942076,44.581073],[85.941475,44.580920],[85.941304,44.580645],[85.941261,44.580156],[85.941089,44.579636],[85.941089,44.579086],[85.941475,44.578536],[85.941990,44.578444],[85.942462,44.578383],[85.943321,44.578383],[85.943878,44.578413],[85.945037,44.578811],[85.945981,44.579208],[85.947011,44.579911],[85.947955,44.580125],[85.948985,44.580125],[85.949758,44.580003],[85.950316,44.579606],[85.950359,44.579239],[85.950101,44.578933],[85.948942,44.578597],[85.948127,44.578475],[85.946889,44.578265],[85.946502,44.578081],[85.945773,44.577684],[85.945344,44.576981],[85.945258,44.576736],[85.945043,44.576461],[85.944829,44.576094],[85.944571,44.575727],[85.944357,44.575422],[85.944142,44.575208],[85.944013,44.574902],[85.943970,44.574688],[85.943327,44.573893],[85.942468,44.573312],[85.941953,44.573190],[85.941524,44.573007],[85.941095,44.572823],[85.940537,44.572579],[85.940322,44.572365],[85.940194,44.571998],[85.940194,44.571875],[85.940448,44.571567],[85.940835,44.571475],[85.941650,44.571323],[85.942508,44.571292],[85.943238,44.571139],[85.943581,44.570803],[85.943925,44.570405],[85.944697,44.570314],[85.945298,44.569886],[85.945512,44.569549],[85.945598,44.569121],[85.946328,44.569091],[85.946886,44.569091],[85.947143,44.569030],[85.947486,44.568877],[85.948388,44.568754],[85.948946,44.568754],[85.949461,44.568357],[85.949804,44.567837],[85.950405,44.567501],[85.951606,44.567379],[85.951993,44.567012],[85.951735,44.566492],[85.951349,44.566370],[85.950877,44.566217],[85.950920,44.565850],[85.950362,44.565269],[85.950362,44.565086],[85.950619,44.564810],[85.951006,44.564443],[85.950877,44.564291],[85.950448,44.564229],[85.950061,44.564168],[85.949203,44.564168],[85.949074,44.564138],[85.948388,44.563954],[85.947916,44.563985],[85.947658,44.563985],[85.947100,44.564015],[85.946499,44.564199],[85.946070,44.564015],[85.946070,44.563068],[85.946199,44.562487],[85.946199,44.562120],[85.946027,44.561936],[85.946285,44.561478],[85.946242,44.561080],[85.946199,44.560774],[85.946671,44.560438],[85.946886,44.560071],[85.946843,44.559765],[85.947615,44.559429],[85.947873,44.559001],[85.947830,44.558634],[85.945427,44.558450],[85.943967,44.558145],[85.943324,44.558114],[85.942508,44.558481],[85.941393,44.558878],[85.940878,44.558664],[85.940534,44.558664],[85.940534,44.558900],[85.940446,44.558878],[85.939075,44.558533],[85.932551,44.554311],[85.932465,44.553087],[85.931521,44.552904],[85.931521,44.552598],[85.931178,44.552598],[85.930577,44.551864],[85.926629,44.551558],[85.925856,44.551497],[85.926114,44.550335],[85.925599,44.549785],[85.924654,44.549295],[85.923882,44.548378],[85.923453,44.547277],[85.923367,44.546665],[85.923195,44.546053],[85.923195,44.545258],[85.922595,44.543362],[85.922595,44.542933],[85.922938,44.542566],[85.922595,44.542016],[85.923624,44.541588],[85.923539,44.541159],[85.921136,44.540425],[85.921222,44.539263],[85.920191,44.538590],[85.920191,44.538101],[85.919934,44.537795],[85.919934,44.537244],[85.919419,44.536938],[85.918732,44.535898],[85.918818,44.534797],[85.919505,44.534185],[85.919505,44.533573],[85.919848,44.531799],[85.920535,44.530148],[85.920879,44.528128],[85.920535,44.525864],[85.919760,44.524878],[85.918560,44.523356],[85.922939,44.508911],[85.916759,44.506219],[85.913669,44.509646],[85.907059,44.507438],[85.906150,44.507134],[85.903885,44.493547],[85.901224,44.491037],[85.898134,44.490792],[85.897104,44.483444],[85.895988,44.482587],[85.896589,44.481852],[85.896331,44.472788],[85.884058,44.462437],[85.884488,44.457842],[85.885604,44.456127],[85.892384,44.451961],[85.899164,44.451777],[85.901139,44.447917],[85.903027,44.446324],[85.905002,44.446262],[85.906289,44.446262],[85.907662,44.446507],[85.909121,44.447304],[85.910581,44.447610],[85.912040,44.447426],[85.912555,44.446875],[85.912297,44.446017],[85.912125,44.445159],[85.911439,44.443811],[85.912984,44.443750],[85.914958,44.443689],[85.915902,44.443137],[85.916675,44.442463],[85.916675,44.441850],[85.916160,44.441850],[85.914785,44.440747],[85.914443,44.439889],[85.913928,44.439338],[85.914529,44.438602],[85.913583,44.437439],[85.912811,44.437133],[85.911523,44.436397],[85.911351,44.435110],[85.911351,44.433946],[85.910922,44.432965],[85.908777,44.432046],[85.907918,44.431249],[85.908004,44.429839],[85.908605,44.429288],[85.908862,44.428308],[85.908433,44.427755],[85.908777,44.427142],[85.911008,44.426775],[85.912200,44.426513],[85.911694,44.420305],[85.911633,44.418637],[85.909721,44.419695],[85.907876,44.420218],[85.905558,44.420968],[85.899593,44.421137],[85.893242,44.421045],[85.893048,44.418133],[85.892834,44.415359],[85.892448,44.415251],[85.892147,44.414760],[85.891353,44.414516],[85.890881,44.414118],[85.890795,44.413872],[85.889980,44.413764],[85.889401,44.410101],[85.889208,44.408813],[85.889486,44.408384],[85.889465,44.407250],[85.889937,44.406468],[85.890109,44.406160],[85.887148,44.402681],[85.885538,44.401454],[85.887040,44.399431],[85.893949,44.397866],[85.894561,44.397292],[85.894303,44.397054],[85.895194,44.396250],[85.895430,44.395935],[85.896492,44.395360],[85.896847,44.395053],[85.897254,44.394823],[85.898648,44.392914],[85.900805,44.389891],[85.901073,44.389331],[85.900923,44.385450],[85.900869,44.383065],[85.900687,44.380871],[85.900913,44.380787],[85.901213,44.380848],[85.901813,44.381101],[85.902210,44.381339],[85.902629,44.381538],[85.903037,44.381584],[85.903412,44.381630],[85.904345,44.381937],[85.906643,44.382727],[85.909061,44.383669],[85.909091,44.382701],[85.908138,44.365723],[85.907885,44.361227],[85.907856,44.360704],[85.907322,44.354941],[85.905348,44.337542],[85.904866,44.333289],[85.904790,44.332618],[85.913792,44.328820],[85.918470,44.322706],[85.926113,44.319582],[85.932450,44.318095],[85.935470,44.317387],[85.931192,44.298281],[85.935385,44.297700],[85.943113,44.296629],[85.946737,44.311411],[85.954203,44.309632],[85.952610,44.294249],[85.955447,44.293538],[85.957940,44.290735],[85.959361,44.289277],[85.960150,44.288466],[85.960331,44.286116],[85.960014,44.285161],[85.960888,44.277256],[85.962271,44.264743],[85.962762,44.258983],[85.965474,44.258510],[85.965718,44.256035],[85.966107,44.252094],[85.966333,44.249807],[85.966426,44.249581],[85.967444,44.249332],[85.968486,44.248803],[85.970192,44.247447],[85.970843,44.246753],[85.971104,44.246047],[85.971156,44.245337],[85.971010,44.244606],[85.970666,44.243882],[85.969695,44.243548],[85.969399,44.243493],[85.969350,44.243483],[85.969341,44.243481],[85.966740,44.242992],[85.966370,44.243031],[85.966725,44.240965],[85.967410,44.240342],[85.967547,44.239817],[85.967440,44.238708],[85.968231,44.237496],[85.970034,44.235303],[85.969418,44.233682],[85.969485,44.232555],[85.970168,44.232135],[85.970747,44.231012],[85.972565,44.226674],[85.976131,44.216956],[85.976433,44.215936],[85.976695,44.214347],[85.976793,44.211509],[85.977047,44.210453],[85.978026,44.208730],[85.978466,44.207616],[85.978998,44.206879],[85.979515,44.205252],[85.979555,44.204642],[85.979210,44.203657],[85.979637,44.202837],[85.979327,44.201363],[85.978412,44.199617],[85.978434,44.198392],[85.978359,44.198110],[85.977199,44.196786],[85.977022,44.196417],[85.976956,44.195597],[85.977393,44.194783],[85.977547,44.194208],[85.977479,44.193530],[85.977024,44.193126],[85.975606,44.192347],[85.975072,44.191917],[85.974531,44.191309],[85.973856,44.190104],[85.973536,44.188800],[85.973489,44.187799],[85.973890,44.185043],[85.973960,44.183281],[85.974206,44.182871],[85.974933,44.182484],[85.975715,44.182408],[85.978984,44.182435],[85.979607,44.182321],[85.980178,44.182093],[85.980972,44.181572],[85.982042,44.180644],[85.982621,44.179935],[85.982969,44.179316],[85.983454,44.178004],[85.983792,44.175151],[85.984019,44.174391],[85.984600,44.173230],[85.985728,44.172075],[85.986214,44.171287],[85.986535,44.170282],[85.986553,44.169795],[85.986305,44.168619],[85.985581,44.167702],[85.985357,44.166921],[85.985615,44.164532],[85.986089,44.163236],[85.986049,44.162540],[85.985459,44.160070],[85.985493,44.159569],[85.985706,44.159236],[85.986762,44.158490],[85.986780,44.158364],[85.986468,44.158103],[85.985689,44.157830],[85.985709,44.157603],[85.985890,44.157330],[85.986430,44.157044],[85.987124,44.157107],[85.990362,44.156802],[85.991218,44.156421],[85.991900,44.156417],[85.992420,44.156483],[85.993416,44.156942],[85.995043,44.157230],[85.996864,44.157448],[85.998526,44.157424],[85.999532,44.156687],[86.000366,44.156508],[86.001463,44.156383],[86.002410,44.156126],[86.003826,44.156295],[86.005539,44.155087],[86.006827,44.155008],[86.008778,44.155358],[86.009906,44.155175],[86.012421,44.155066],[86.016577,44.154246],[86.018083,44.154160],[86.019259,44.154345],[86.019732,44.154693],[86.019841,44.155315],[86.019985,44.155628],[86.020266,44.155802],[86.021439,44.156190],[86.025078,44.156478],[86.026935,44.156135],[86.027913,44.156596],[86.028676,44.156763],[86.029141,44.156741],[86.030604,44.156433],[86.032281,44.156853],[86.032816,44.156836],[86.033893,44.156462],[86.035027,44.156193],[86.036455,44.156498],[86.037879,44.156171],[86.038591,44.156404],[86.039568,44.156524],[86.040442,44.156424],[86.041423,44.156660],[86.042016,44.156901],[86.042881,44.156893],[86.046134,44.156068],[86.050187,44.156303],[86.051296,44.156914],[86.052045,44.157197],[86.053257,44.157438],[86.054048,44.157445],[86.056399,44.156957],[86.058833,44.156648],[86.059751,44.156991],[86.060978,44.157649],[86.062350,44.158526],[86.063802,44.158420],[86.063900,44.158843],[86.064271,44.159372],[86.064853,44.159743],[86.065916,44.160232],[86.066673,44.160333],[86.067889,44.160298],[86.069542,44.160033],[86.070656,44.159631],[86.071360,44.158886],[86.074049,44.157353],[86.077231,44.156810],[86.078303,44.156717],[86.079622,44.156729],[86.081042,44.155840],[86.083606,44.155751],[86.085130,44.155933],[86.087734,44.155998],[86.088342,44.155801],[86.088883,44.155320],[86.089607,44.154503],[86.089939,44.153968],[86.089778,44.152714],[86.089596,44.152349],[86.088893,44.151423],[86.076788,44.143395],[86.074026,44.141361],[86.072938,44.140009],[86.072568,44.139386],[86.072581,44.138589],[86.072701,44.138100],[86.073245,44.137872],[86.073975,44.137906],[86.074827,44.138534],[86.078424,44.140603],[86.080140,44.141070],[86.081129,44.141144],[86.082057,44.140973],[86.082523,44.140748],[86.082838,44.140474],[86.082950,44.139996],[86.082221,44.138207],[86.077622,44.131812],[86.077460,44.131313],[86.077815,44.130294],[86.078490,44.129708],[86.079567,44.129430],[86.085156,44.128298],[86.094795,44.126348],[86.096184,44.125958],[86.095970,44.125664],[86.095436,44.124922],[86.094696,44.124179],[86.093956,44.123435],[86.093216,44.122681],[86.092483,44.121938],[86.091545,44.121184],[86.090605,44.120430],[86.089660,44.119819],[86.088720,44.119065],[86.087980,44.118321],[86.087049,44.117566],[86.086102,44.116956],[86.085362,44.116203],[86.084423,44.115448],[86.083690,44.114704],[86.083148,44.113962],[86.082407,44.113218],[86.081866,44.112475],[86.081331,44.111742],[86.081186,44.111021],[86.081041,44.110291],[86.080696,44.109560],[86.080353,44.108837],[86.080017,44.108106],[86.079277,44.107352],[86.078735,44.106619],[86.077994,44.105866],[86.077046,44.105254],[86.076115,44.104499],[86.075168,44.103888],[86.074228,44.103133],[86.073288,44.102378],[86.072341,44.101766],[86.071408,44.101011],[86.070453,44.100399],[86.069514,44.099788],[86.068558,44.099176],[86.067595,44.098852],[86.066640,44.098231],[86.066113,44.097893],[86.065693,44.097619],[86.064760,44.096863],[86.063797,44.096395],[86.062864,44.095640],[86.062123,44.094895],[86.061580,44.094152],[86.061045,44.093418],[86.060899,44.092688],[86.060792,44.092157],[86.060181,44.091461],[86.056584,44.087365],[86.053887,44.082511],[86.047794,44.074621],[86.042607,44.068116],[86.038036,44.062075],[86.035354,44.056768],[86.031347,44.052794],[86.026348,44.049948],[86.022027,44.046197],[86.015545,44.040119],[86.009664,44.035191],[86.003809,44.029353],[85.996969,44.024634],[85.991670,44.021318],[85.986366,44.018001],[85.981078,44.014685],[85.974545,44.010204],[85.971321,44.007185],[85.970547,44.006459],[85.967559,44.003613],[85.967407,44.003070],[85.967407,44.002320],[85.967674,44.001788],[85.968427,44.001161],[85.968840,44.000290],[85.968792,43.999612],[85.968500,43.999055],[85.967795,43.998641],[85.965487,43.998248],[85.964612,43.997738],[85.964175,43.996793],[85.963932,43.995921],[85.963568,43.995242],[85.962644,43.994489],[85.962365,43.993847],[85.962536,43.992782],[85.963021,43.991767],[85.963215,43.990896],[85.962875,43.990362],[85.962195,43.990095],[85.960738,43.989801],[85.958746,43.989602],[85.957532,43.988873],[85.956634,43.987443],[85.956634,43.986378],[85.957057,43.985423],[85.958030,43.984215],[85.958054,43.983489],[85.957738,43.982398],[85.957738,43.981043],[85.957641,43.980050],[85.955698,43.978351],[85.955383,43.977334],[85.955504,43.976366],[85.956672,43.974778],[85.957061,43.973888],[85.956886,43.972900],[85.956536,43.972086],[85.955526,43.971483],[85.954632,43.970784],[85.954399,43.969893],[85.954574,43.969157],[85.955322,43.968104],[85.955574,43.967504],[85.955419,43.967077],[85.954583,43.966572],[85.952835,43.965736],[85.951494,43.965229],[85.949766,43.964877],[85.949028,43.964624],[85.948950,43.964198],[85.949513,43.963405],[85.950484,43.962361],[85.951426,43.959739],[85.953641,43.958524],[85.955195,43.958081],[85.956011,43.957986],[85.957643,43.958552],[85.958323,43.958553],[85.959159,43.958226],[85.960072,43.957318],[85.960363,43.956389],[85.960470,43.953262],[85.961422,43.952082],[85.961850,43.951328],[85.961889,43.950554],[85.961539,43.949894],[85.959868,43.948690],[85.958915,43.947835],[85.958876,43.946712],[85.959284,43.945512],[85.959673,43.944777],[85.959751,43.943616],[85.960101,43.942958],[85.961144,43.942656],[85.962030,43.942581],[85.962668,43.942412],[85.963352,43.942011],[85.963803,43.941377],[85.964067,43.940448],[85.964253,43.939302],[85.964502,43.938822],[85.965046,43.938436],[85.966835,43.937790],[85.968949,43.937207],[85.969581,43.936935],[85.970288,43.936355],[85.970965,43.935422],[85.971120,43.934956],[85.971081,43.934272],[85.970804,43.933828],[85.970449,43.933258],[85.969707,43.932817],[85.968360,43.932658],[85.966174,43.931949],[85.965029,43.931720],[85.964080,43.931673],[85.962830,43.931767],[85.959417,43.932663],[85.957617,43.932786],[85.956272,43.932555],[85.955577,43.932368],[85.954877,43.932360],[85.954153,43.932642],[85.953216,43.933168],[85.952112,43.933480],[85.951512,43.933509],[85.949970,43.933168],[85.948950,43.933167],[85.946599,43.933164],[85.944226,43.933356],[85.940950,43.933813],[85.940225,43.933852],[85.938432,43.933617],[85.937834,43.933647],[85.935129,43.934194],[85.933851,43.934256],[85.931243,43.933972],[85.929349,43.933917],[85.925085,43.933989],[85.923856,43.934048],[85.921413,43.934374],[85.919719,43.934357],[85.919215,43.934262],[85.918689,43.934022],[85.918482,43.933841],[85.918491,43.933374],[85.919053,43.933151],[85.921080,43.932925],[85.922469,43.932397],[85.922983,43.932004],[85.923203,43.931584],[85.923305,43.931001],[85.923078,43.930550],[85.922734,43.930215],[85.922293,43.929961],[85.921718,43.929869],[85.920945,43.929909],[85.920244,43.930082],[85.918007,43.931449],[85.917432,43.931522],[85.916804,43.931327],[85.916563,43.931087],[85.916006,43.930219],[85.915675,43.929208],[85.915538,43.929033],[85.915232,43.928916],[85.914634,43.928910],[85.914133,43.929049],[85.912168,43.930068],[85.911474,43.930138],[85.910819,43.930044],[85.909939,43.929619],[85.909217,43.929014],[85.907902,43.927142],[85.907277,43.926598],[85.906565,43.926168],[85.905594,43.925753],[85.905150,43.925657],[85.904164,43.925655],[85.903132,43.926027],[85.903027,43.926350],[85.903117,43.926891],[85.903496,43.927938],[85.903441,43.928225],[85.903007,43.928437],[85.902591,43.928433],[85.901851,43.928066],[85.900436,43.926469],[85.899356,43.925668],[85.897428,43.924930],[85.896438,43.924669],[85.895749,43.924231],[85.895478,43.923864],[85.895292,43.923408],[85.895230,43.922679],[85.894937,43.921959],[85.894125,43.921188],[85.892722,43.921109],[85.891024,43.921341],[85.889333,43.921437],[85.888588,43.921223],[85.887581,43.920631],[85.886894,43.920493],[85.883888,43.920578],[85.883463,43.920153],[85.882816,43.918860],[85.882282,43.918172],[85.881399,43.917516],[85.880598,43.917046],[85.879921,43.916860],[85.878663,43.916709],[85.877923,43.916444],[85.877529,43.916105],[85.877406,43.915718],[85.877412,43.914452],[85.877250,43.913414],[85.875404,43.911133],[85.875180,43.909871],[85.875229,43.909493],[85.874948,43.909249],[85.874418,43.909049],[85.870624,43.909004],[85.868284,43.909307],[85.867788,43.909268],[85.867396,43.908977],[85.867069,43.907859],[85.866484,43.906516],[85.865978,43.905862],[85.865327,43.905396],[85.864589,43.905030],[85.863502,43.904698],[85.862862,43.904405],[85.862421,43.904077],[85.861429,43.902714],[85.860937,43.902559],[85.859520,43.902578],[85.858727,43.902463],[85.858334,43.902244],[85.857966,43.901873],[85.857704,43.901447],[85.857446,43.900765],[85.856951,43.899932],[85.855859,43.898542],[85.854789,43.898041],[85.853259,43.897560],[85.852574,43.897051],[85.852187,43.896472],[85.851944,43.895772],[85.851615,43.895244],[85.851104,43.894777],[85.850195,43.894671],[85.849739,43.894725],[85.848931,43.894946],[85.848086,43.895502],[85.847536,43.895678],[85.846937,43.895770],[85.846242,43.895719],[85.844912,43.895332],[85.844608,43.895120],[85.844271,43.894537],[85.844154,43.893763],[85.843905,43.893464],[85.843476,43.893282],[85.841632,43.893148],[85.840099,43.892701],[85.839561,43.892337],[85.839251,43.892014],[85.838659,43.891023],[85.838047,43.890318],[85.837398,43.889903],[85.836538,43.889506],[85.836098,43.889178],[85.835662,43.888635],[85.835473,43.888130],[85.835499,43.886799],[85.835956,43.886227],[85.838058,43.885366],[85.838212,43.885032],[85.838123,43.884482],[85.837823,43.883953],[85.837367,43.883563],[85.836510,43.883209],[85.835282,43.882330],[85.834868,43.882158],[85.834498,43.882077],[85.832953,43.882103],[85.831743,43.881958],[85.831228,43.881798],[85.830761,43.881508],[85.830301,43.880999],[85.829514,43.878988],[85.829221,43.878582],[85.827995,43.877647],[85.827816,43.877332],[85.827865,43.875227],[85.827502,43.874405],[85.826988,43.873813],[85.825596,43.872720],[85.825164,43.872141],[85.825300,43.870494],[85.825108,43.869874],[85.825194,43.868840],[85.825230,43.867693],[85.825142,43.867485],[85.824834,43.867034],[85.823497,43.865975],[85.822441,43.865367],[85.821335,43.864913],[85.815721,43.862814],[85.814402,43.861796],[85.813227,43.859995],[85.811875,43.859276],[85.811709,43.858608],[85.811035,43.857718],[85.809787,43.856919],[85.809255,43.856404],[85.809138,43.855821],[85.809122,43.854737],[85.808939,43.853937],[85.809156,43.853520],[85.809604,43.853102],[85.809854,43.852568],[85.809754,43.852085],[85.809271,43.851469],[85.808656,43.850987],[85.807957,43.850638],[85.807458,43.850589],[85.802641,43.851088],[85.801744,43.850990],[85.801243,43.850607],[85.800927,43.849991],[85.800812,43.849207],[85.800412,43.848958],[85.799913,43.848958],[85.799381,43.849226],[85.798299,43.850128],[85.797649,43.850279],[85.796984,43.850197],[85.795653,43.849365],[85.794986,43.849216],[85.794787,43.848949],[85.794837,43.847465],[85.794970,43.847082],[85.796035,43.846297],[85.796219,43.846013],[85.796152,43.845663],[85.795686,43.845330],[85.793997,43.844474],[85.793364,43.843841],[85.792648,43.843475],[85.791866,43.843243],[85.791184,43.843177],[85.790151,43.842778],[85.788936,43.841963],[85.788004,43.841214],[85.786905,43.840282],[85.786297,43.839590],[85.786048,43.838374],[85.785998,43.837557],[85.786147,43.836706],[85.786414,43.836056],[85.786580,43.835122],[85.786613,43.833521],[85.786006,43.832963],[85.785689,43.832347],[85.785689,43.830963],[85.785556,43.829663],[85.785306,43.828863],[85.785181,43.825820],[85.784815,43.825287],[85.784282,43.824804],[85.784116,43.824388],[85.784199,43.824004],[85.784698,43.823603],[85.785864,43.822185],[85.786047,43.821634],[85.785997,43.821151],[85.785664,43.820885],[85.784232,43.820469],[85.783741,43.820078],[85.783341,43.819663],[85.783141,43.818978],[85.782875,43.818462],[85.782559,43.818212],[85.781843,43.817963],[85.780460,43.817764],[85.778812,43.817382],[85.777829,43.816850],[85.777230,43.816267],[85.777029,43.815783],[85.777179,43.815299],[85.777747,43.814683],[85.777995,43.814166],[85.777920,43.813557],[85.777372,43.813107],[85.777038,43.812690],[85.776871,43.812174],[85.776938,43.811708],[85.777288,43.811106],[85.777371,43.810624],[85.776822,43.808739],[85.776962,43.805947],[85.776797,43.805413],[85.775448,43.804381],[85.774747,43.804182],[85.774082,43.804182],[85.773699,43.804282],[85.772349,43.804851],[85.771749,43.804934],[85.771266,43.804801],[85.770566,43.804185],[85.770067,43.803435],[85.769733,43.802751],[85.769633,43.802251],[85.769983,43.801367],[85.769958,43.800192],[85.769658,43.797958],[85.768958,43.794774],[85.768300,43.793699],[85.767850,43.791232],[85.768017,43.790598],[85.768567,43.789697],[85.769250,43.788163],[85.769899,43.787779],[85.770708,43.786903],[85.771424,43.785586],[85.771890,43.785452],[85.773306,43.784801],[85.774273,43.784116],[85.775689,43.782648],[85.775872,43.782164],[85.776005,43.781314],[85.776388,43.780730],[85.776346,43.779988],[85.776613,43.779387],[85.777029,43.778820],[85.777745,43.776986],[85.777595,43.776652],[85.776946,43.775953],[85.776846,43.775602],[85.777237,43.772826],[85.777437,43.772126],[85.778103,43.771358],[85.778470,43.770674],[85.778370,43.770107],[85.777720,43.768841],[85.777504,43.767607],[85.777895,43.766731],[85.778012,43.765998],[85.779027,43.764363],[85.779144,43.763696],[85.778961,43.763146],[85.778111,43.761863],[85.777712,43.760929],[85.777328,43.760346],[85.776920,43.760238],[85.776321,43.760238],[85.774455,43.760657],[85.774039,43.760607],[85.773506,43.760107],[85.772873,43.759141],[85.772273,43.758524],[85.771490,43.758075],[85.770540,43.757692],[85.769857,43.757242],[85.768657,43.756209],[85.765716,43.755585],[85.764717,43.755252],[85.764383,43.754836],[85.764000,43.754069],[85.763950,43.753202],[85.764082,43.752051],[85.764049,43.751251],[85.763583,43.750601],[85.762917,43.750034],[85.760391,43.748376],[85.759591,43.747676],[85.759058,43.746942],[85.758874,43.746226],[85.759000,43.745266],[85.759383,43.744532],[85.759868,43.744032],[85.761701,43.743097],[85.761851,43.742781],[85.761735,43.742531],[85.759767,43.741998],[85.757900,43.741714],[85.756883,43.741765],[85.754476,43.742256],[85.753871,43.742190],[85.753288,43.741981],[85.753017,43.741606],[85.752912,43.741043],[85.753037,43.740272],[85.753433,43.739564],[85.754361,43.738636],[85.755153,43.737677],[85.755341,43.737156],[85.755361,43.736739],[85.754820,43.736010],[85.754382,43.735614],[85.753214,43.735093],[85.752047,43.734780],[85.751609,43.734405],[85.751630,43.733905],[85.752318,43.733009],[85.753902,43.731987],[85.754444,43.731404],[85.754486,43.730924],[85.754277,43.730362],[85.753631,43.729778],[85.752861,43.729236],[85.752235,43.729132],[85.751421,43.729236],[85.750254,43.729840],[85.749118,43.730601],[85.747679,43.731393],[85.746907,43.731476],[85.744301,43.731183],[85.740630,43.731724],[85.739128,43.731827],[85.738335,43.731535],[85.737918,43.731014],[85.738001,43.730451],[85.738700,43.729649],[85.740014,43.728462],[85.740369,43.727774],[85.739931,43.727169],[85.738241,43.725793],[85.738220,43.725001],[85.738095,43.724292],[85.737427,43.723416],[85.736906,43.722499],[85.736874,43.721092],[85.736561,43.720300],[85.736144,43.719779],[85.734496,43.718860],[85.733932,43.718318],[85.733181,43.716400],[85.733057,43.715608],[85.733349,43.715170],[85.733808,43.714879],[85.735143,43.714359],[85.736478,43.713422],[85.737324,43.712370],[85.737908,43.711120],[85.737866,43.710119],[85.737532,43.708472],[85.736479,43.704584],[85.736103,43.703835],[85.736103,43.702626],[85.735790,43.702084],[85.735039,43.701332],[85.733912,43.699373],[85.733432,43.697684],[85.733401,43.695944],[85.733693,43.694548],[85.733630,43.693609],[85.733359,43.693088],[85.732900,43.692713],[85.729498,43.690521],[85.727891,43.688832],[85.727171,43.687799],[85.726503,43.685777],[85.726169,43.684234],[85.725939,43.683734],[85.725125,43.683066],[85.723559,43.682022],[85.722370,43.681395],[85.721179,43.679852],[85.719749,43.678818],[85.719728,43.677234],[85.719978,43.676067],[85.720438,43.674880],[85.721921,43.673777],[85.722673,43.673006],[85.722777,43.672506],[85.721941,43.670921],[85.721796,43.669691],[85.721377,43.668503],[85.720355,43.667105],[85.719436,43.666145],[85.718768,43.665185],[85.718705,43.664664],[85.719269,43.663018],[85.719520,43.661434],[85.720626,43.659747],[85.720730,43.658809],[85.720501,43.656141],[85.720710,43.655349],[85.721179,43.654589],[85.721973,43.653882],[85.722056,43.653319],[85.721826,43.651380],[85.721659,43.650879],[85.720929,43.650378],[85.720532,43.649752],[85.720532,43.649128],[85.720908,43.648232],[85.721033,43.647627],[85.720814,43.647033],[85.720271,43.646533],[85.718642,43.645489],[85.717911,43.644571],[85.717514,43.643715],[85.717702,43.642506],[85.717577,43.641673],[85.717723,43.640838],[85.718099,43.640173],[85.719289,43.639194],[85.719634,43.638538],[85.719571,43.637788],[85.718987,43.637120],[85.718047,43.636348],[85.716293,43.634574],[85.715040,43.634092],[85.714268,43.633612],[85.713850,43.632799],[85.713391,43.632381],[85.712555,43.631984],[85.709776,43.631646],[85.708566,43.631353],[85.707594,43.630820],[85.707114,43.630194],[85.706925,43.629526],[85.706967,43.628797],[85.706779,43.626441],[85.706550,43.626066],[85.706424,43.624127],[85.706027,43.623522],[85.702799,43.621630],[85.701943,43.621337],[85.700543,43.621335],[85.699498,43.621062],[85.698600,43.620435],[85.697994,43.619683],[85.697325,43.619370],[85.693814,43.619364],[85.691526,43.620079],[85.690355,43.620285],[85.689101,43.620429],[85.688015,43.620447],[85.686280,43.620715],[85.683939,43.620231],[85.683040,43.620376],[85.682403,43.620739],[85.681901,43.621218],[85.681420,43.622009],[85.681023,43.622467],[85.679560,43.623110],[85.678891,43.623567],[85.677679,43.624149],[85.676571,43.624834],[85.675777,43.625021],[85.675108,43.624998],[85.673875,43.624746],[85.672328,43.624138],[85.671105,43.623834],[85.664939,43.622926],[85.664793,43.622675],[85.664875,43.622300],[85.665273,43.621697],[85.665357,43.621113],[85.665127,43.620654],[85.663936,43.619297],[85.662828,43.618711],[85.659954,43.617549],[85.659097,43.616943],[85.658073,43.616066],[85.657948,43.615190],[85.657550,43.614230],[85.656694,43.613291],[85.655293,43.612058],[85.654207,43.611619],[85.653621,43.611493],[85.651009,43.612113],[85.650048,43.611966],[85.649358,43.611610],[85.648794,43.610796],[85.648387,43.609326],[85.648533,43.608638],[85.648993,43.607993],[85.648700,43.606200],[85.647906,43.604427],[85.647216,43.603821],[85.641596,43.602374],[85.640259,43.601851],[85.639455,43.600922],[85.638828,43.599879],[85.637136,43.597875],[85.636008,43.597186],[85.634839,43.596601],[85.633836,43.595891],[85.631873,43.593532],[85.631403,43.592292],[85.630421,43.591331],[85.627791,43.589848],[85.623950,43.588448],[85.622509,43.587467],[85.621632,43.586736],[85.621131,43.585903],[85.621058,43.585142],[85.622332,43.580953],[85.622353,43.580119],[85.622102,43.579390],[85.621434,43.578889],[85.620933,43.578346],[85.620474,43.577177],[85.620244,43.576949],[85.619034,43.576719],[85.617928,43.576697],[85.616738,43.576800],[85.614850,43.577372],[85.613368,43.577662],[85.612846,43.577620],[85.612200,43.577391],[85.611553,43.576870],[85.611198,43.575994],[85.610468,43.573117],[85.610322,43.571762],[85.609842,43.571199],[85.608862,43.570844],[85.607735,43.570677],[85.606484,43.570614],[85.605775,43.570385],[85.603971,43.570124],[85.602344,43.570061],[85.600822,43.570249],[85.598946,43.571187],[85.598258,43.571374],[85.594839,43.571104],[85.593797,43.570896],[85.593047,43.570250],[85.592630,43.569541],[85.592567,43.567185],[85.592244,43.565924],[85.591744,43.565341],[85.590494,43.564299],[85.588035,43.561986],[85.586889,43.560673],[85.585358,43.558267],[85.584837,43.557225],[85.584171,43.556641],[85.582338,43.555892],[85.581838,43.555413],[85.581609,43.554830],[85.581692,43.554246],[85.581900,43.553724],[85.582379,43.553224],[85.582733,43.552431],[85.582839,43.551326],[85.583150,43.550680],[85.583587,43.549804],[85.584441,43.548699],[85.584421,43.548115],[85.584025,43.547531],[85.583337,43.546802],[85.583193,43.546177],[85.583193,43.545364],[85.583025,43.545030],[85.581919,43.544225],[85.581237,43.543141],[85.580686,43.542625],[85.579704,43.540524],[85.579604,43.539975],[85.579854,43.539590],[85.580237,43.539256],[85.580737,43.538472],[85.581803,43.537787],[85.582910,43.537411],[85.584278,43.537110],[85.587611,43.536475],[85.588861,43.536390],[85.589877,43.536207],[85.590261,43.535956],[85.590378,43.535655],[85.590278,43.535305],[85.589577,43.534505],[85.589361,43.534106],[85.589477,43.533822],[85.589911,43.533504],[85.590711,43.533187],[85.592061,43.532219],[85.593295,43.531885],[85.595229,43.531801],[85.596396,43.531651],[85.596842,43.531517],[85.597201,43.531185],[85.597487,43.530785],[85.595048,43.529555],[85.594025,43.529238],[85.592875,43.529008],[85.592273,43.529003],[85.590830,43.529167],[85.588552,43.529591],[85.587148,43.529938],[85.584196,43.531051],[85.583274,43.531213],[85.581615,43.531274],[85.579946,43.531219],[85.578735,43.530962],[85.577363,43.530426],[85.576575,43.530384],[85.575274,43.530502],[85.573415,43.530528],[85.571924,43.530425],[85.567771,43.530544],[85.565411,43.530492],[85.562378,43.530614],[85.559803,43.530910],[85.557749,43.530904],[85.555978,43.531198],[85.554324,43.531641],[85.552998,43.532252],[85.548934,43.533161],[85.547117,43.533789],[85.544427,43.534022],[85.542421,43.534325],[85.541235,43.534357],[85.539876,43.534071],[85.536677,43.533664],[85.534127,43.533181],[85.533125,43.532901],[85.532138,43.532863],[85.531018,43.533086],[85.529817,43.533509],[85.528490,43.534260],[85.524051,43.535684],[85.521262,43.535847],[85.519683,43.536188],[85.518686,43.536056],[85.518076,43.535694],[85.515823,43.534807],[85.514452,43.534166],[85.513157,43.533130],[85.511467,43.532168],[85.509832,43.530827],[85.509127,43.529890],[85.508995,43.529123],[85.506898,43.526141],[85.506381,43.524797],[85.506118,43.523733],[85.505765,43.523260],[85.505322,43.523022],[85.504086,43.522636],[85.502429,43.522758],[85.499033,43.524038],[85.496882,43.524748],[85.494982,43.525174],[85.494762,43.525101],[85.493663,43.523712],[85.492447,43.522560],[85.490260,43.520917],[85.489751,43.520324],[85.489424,43.519653],[85.489412,43.519157],[85.489899,43.518430],[85.489877,43.518172],[85.488932,43.516613],[85.488624,43.515106],[85.487653,43.512530],[85.487663,43.512116],[85.487795,43.511757],[85.487998,43.511534],[85.488799,43.511056],[85.489177,43.510699],[85.489613,43.510056],[85.489811,43.509058],[85.489746,43.508625],[85.489562,43.508119],[85.488561,43.506731],[85.488378,43.506171],[85.488330,43.504144],[85.486731,43.502975],[85.485785,43.502425],[85.484695,43.502059],[85.483309,43.500696],[85.483239,43.500262],[85.483775,43.499342],[85.483809,43.499007],[85.483764,43.498692],[85.483462,43.498324],[85.482637,43.497941],[85.481644,43.497773],[85.478201,43.497298],[85.475491,43.497154],[85.474270,43.497330],[85.472271,43.498279],[85.471199,43.498337],[85.469271,43.497451],[85.466583,43.496505],[85.464164,43.496162],[85.462741,43.496128],[85.460891,43.496293],[85.459391,43.496622],[85.459018,43.496441],[85.458308,43.495595],[85.457921,43.494642],[85.457838,43.493629],[85.457663,43.492844],[85.457241,43.491983],[85.456758,43.491565],[85.455556,43.491119],[85.454553,43.490891],[85.450610,43.490771],[85.449694,43.490169],[85.448047,43.488611],[85.447232,43.487112],[85.446584,43.484706],[85.446341,43.484097],[85.446032,43.483691],[85.444592,43.482890],[85.443196,43.481825],[85.442385,43.481324],[85.439401,43.480321],[85.437025,43.479756],[85.434808,43.479048],[85.434037,43.478898],[85.430711,43.478691],[85.428506,43.478773],[85.425022,43.479599],[85.422238,43.480377],[85.420944,43.480456],[85.419833,43.480345],[85.418955,43.480118],[85.417778,43.480170],[85.415212,43.480926],[85.414776,43.480985],[85.413772,43.480531],[85.412266,43.480241],[85.409063,43.480314],[85.407546,43.480633],[85.405798,43.480767],[85.403336,43.480220],[85.401916,43.480181],[85.399287,43.480321],[85.396608,43.480785],[85.394294,43.481070],[85.390713,43.481226],[85.389869,43.481391],[85.389312,43.481713],[85.388467,43.481907],[85.387190,43.481821],[85.386126,43.481572],[85.385314,43.481058],[85.383614,43.481038],[85.381382,43.481280],[85.377070,43.482022],[85.373685,43.482360],[85.370924,43.483165],[85.369635,43.484020],[85.367918,43.484763],[85.365603,43.484862],[85.363415,43.485160],[85.360650,43.485107],[85.359444,43.484777],[85.359255,43.484504],[85.359197,43.483302],[85.358023,43.482091],[85.357684,43.481902],[85.357342,43.481835],[85.356177,43.482061],[85.355059,43.482501],[85.353996,43.482686],[85.349348,43.483030],[85.348033,43.483230],[85.345097,43.484202],[85.339893,43.484460],[85.339392,43.484566],[85.338953,43.484803],[85.337781,43.485043],[85.335506,43.485119],[85.334361,43.485307],[85.332659,43.485787],[85.330513,43.486539],[85.328765,43.486608],[85.328297,43.486711],[85.326799,43.487409],[85.325130,43.488357],[85.324592,43.488798],[85.323716,43.490002],[85.323337,43.491070],[85.323216,43.492921],[85.323537,43.493644],[85.324067,43.494125],[85.324380,43.494564],[85.324599,43.495818],[85.324534,43.496444],[85.324603,43.497074],[85.325147,43.498518],[85.325189,43.498978],[85.325072,43.500115],[85.324392,43.501457],[85.324460,43.502039],[85.324342,43.502672],[85.323988,43.503353],[85.323436,43.503801],[85.323199,43.504205],[85.323094,43.504703],[85.323156,43.505229],[85.324182,43.507009],[85.324768,43.508680],[85.325177,43.510629],[85.325917,43.512287],[85.326164,43.513275],[85.326106,43.515106],[85.326185,43.515538],[85.326857,43.516757],[85.327432,43.517549],[85.327357,43.518228],[85.327055,43.518985],[85.326722,43.519364],[85.325961,43.519951],[85.324932,43.520556],[85.323454,43.521171],[85.323096,43.521402],[85.322310,43.522879],[85.321703,43.524386],[85.321339,43.524723],[85.320644,43.525343],[85.319060,43.526443],[85.317145,43.527464],[85.316382,43.528525],[85.315222,43.529173],[85.314477,43.529173],[85.313995,43.529079],[85.311142,43.528114],[85.306077,43.526871],[85.304915,43.526759],[85.303837,43.526868],[85.303076,43.526801],[85.300536,43.524979],[85.299222,43.523764],[85.296999,43.522310],[85.296657,43.521862],[85.296697,43.520454],[85.296444,43.519471],[85.296401,43.518502],[85.297068,43.516502],[85.297854,43.515032],[85.297962,43.513818],[85.297895,43.512936],[85.297616,43.512080],[85.297617,43.511608],[85.297354,43.510358],[85.297278,43.509439],[85.297285,43.509182],[85.297652,43.508630],[85.297757,43.508280],[85.297682,43.507922],[85.296873,43.507324],[85.296420,43.507146],[85.295656,43.506442],[85.293994,43.505431],[85.293200,43.505048],[85.291978,43.504639],[85.290668,43.503566],[85.287454,43.502453],[85.286812,43.502404],[85.286407,43.502514],[85.284644,43.503255],[85.283172,43.504089],[85.281108,43.505955],[85.280858,43.506282],[85.280447,43.506567],[85.277006,43.507171],[85.274526,43.507905],[85.273779,43.508043],[85.270421,43.509213],[85.269343,43.510096],[85.268353,43.511514],[85.267953,43.511793],[85.267516,43.511906],[85.266179,43.511960],[85.262251,43.511413],[85.260446,43.511601],[85.259552,43.511838],[85.258707,43.512229],[85.257958,43.512741],[85.257015,43.512639],[85.256393,43.512737],[85.255445,43.513032],[85.253864,43.513768],[85.253235,43.514212],[85.252716,43.514964],[85.252646,43.515248],[85.252656,43.517062],[85.252311,43.517582],[85.251907,43.518452],[85.251494,43.519890],[85.251457,43.520576],[85.251281,43.520851],[85.250718,43.521044],[85.248828,43.521219],[85.245941,43.521746],[85.244958,43.521634],[85.243531,43.521273],[85.242780,43.521182],[85.241829,43.520893],[85.241402,43.520653],[85.240961,43.520220],[85.240180,43.519171],[85.238365,43.517241],[85.237245,43.515560],[85.236733,43.515130],[85.235841,43.514961],[85.235109,43.514992],[85.234449,43.515181],[85.232849,43.515942],[85.229555,43.517102],[85.228818,43.517126],[85.228368,43.517049],[85.226868,43.516528],[85.225269,43.515788],[85.223387,43.515478],[85.221528,43.514804],[85.218231,43.513806],[85.217080,43.513251],[85.215178,43.511424],[85.214532,43.510245],[85.214270,43.509512],[85.213955,43.509343],[85.213120,43.509523],[85.212010,43.510071],[85.209966,43.510775],[85.209513,43.510804],[85.207429,43.510368],[85.205640,43.510626],[85.204228,43.510626],[85.203296,43.510470],[85.202442,43.510626],[85.202197,43.510745],[85.201813,43.511266],[85.201468,43.511459],[85.201023,43.511577],[85.200036,43.511612],[85.198834,43.512066],[85.196799,43.511962],[85.195573,43.512044],[85.193096,43.512632],[85.191007,43.512524],[85.189709,43.512779],[85.189400,43.512898],[85.189097,43.513500],[85.188948,43.514976],[85.188144,43.516274],[85.187968,43.516469],[85.187694,43.516565],[85.186002,43.516343],[85.185632,43.516214],[85.185211,43.515514],[85.184594,43.515146],[85.182556,43.515167],[85.181406,43.514977],[85.179600,43.515175],[85.178721,43.515063],[85.177410,43.514599],[85.175419,43.513617],[85.174239,43.513303],[85.171297,43.512099],[85.170982,43.511835],[85.170735,43.511447],[85.170504,43.510824],[85.170338,43.510894],[85.169631,43.511825],[85.168393,43.512971],[85.167596,43.513418],[85.165608,43.514009],[85.165300,43.514181],[85.164914,43.514674],[85.164881,43.515173],[85.166118,43.517381],[85.167940,43.519416],[85.167956,43.519807],[85.167659,43.520331],[85.167470,43.520972],[85.166755,43.522150],[85.166746,43.522447],[85.166971,43.522871],[85.167023,43.523392],[85.166914,43.523639],[85.162478,43.525965],[85.161783,43.526475],[85.161007,43.527430],[85.160868,43.528086],[85.160952,43.528680],[85.160904,43.529150],[85.160830,43.529348],[85.160444,43.529738],[85.160370,43.530493],[85.160936,43.532011],[85.159486,43.532940],[85.158309,43.533589],[85.157514,43.533919],[85.157237,43.534089],[85.157164,43.534261],[85.156803,43.535659],[85.156308,43.536860],[85.156222,43.537294],[85.156353,43.538535],[85.156250,43.544819],[85.156879,43.545896],[85.157035,43.546296],[85.157061,43.546654],[85.156950,43.546866],[85.156324,43.547328],[85.155000,43.547770],[85.154039,43.547978],[85.152063,43.548280],[85.149814,43.548459],[85.149103,43.548374],[85.146944,43.547822],[85.145995,43.547709],[85.142381,43.547684],[85.138255,43.547948],[85.136981,43.547798],[85.133477,43.547819],[85.127976,43.548069],[85.120679,43.549053],[85.119471,43.549303],[85.117447,43.550121],[85.116521,43.550354],[85.115483,43.550858],[85.114333,43.551731],[85.112827,43.552512],[85.111688,43.552989],[85.111104,43.553153],[85.108814,43.553413],[85.107986,43.553746],[85.106970,43.554671],[85.105926,43.555372],[85.105470,43.555572],[85.104460,43.555397],[85.101858,43.554710],[85.098111,43.553966],[85.096220,43.553837],[85.093159,43.553312],[85.092306,43.553322],[85.091484,43.553432],[85.090865,43.553620],[85.089792,43.554097],[85.087633,43.555426],[85.086185,43.556548],[85.085529,43.556784],[85.084266,43.556812],[85.082246,43.555959],[85.081535,43.555797],[85.078071,43.555902],[85.077319,43.556012],[85.076465,43.556432],[85.075885,43.556447],[85.075289,43.556342],[85.074397,43.556475],[85.072632,43.557235],[85.070913,43.558133],[85.067602,43.560252],[85.066013,43.560792],[85.065687,43.561381],[85.065668,43.563572],[85.065373,43.564260],[85.064345,43.564873],[85.062722,43.565412],[85.061714,43.565963],[85.061086,43.566348],[85.060699,43.566712],[85.060410,43.567177],[85.060336,43.567374],[85.060394,43.567672],[85.060688,43.568098],[85.060952,43.568401],[85.062059,43.569016],[85.062122,43.569191],[85.061944,43.569386],[85.061530,43.569527],[85.060289,43.569875],[85.059647,43.569912],[85.057817,43.568382],[85.056967,43.568044],[85.055580,43.567824],[85.055466,43.567671],[85.056239,43.563944],[85.056195,43.563470],[85.055949,43.562799],[85.055265,43.561926],[85.054745,43.561507],[85.053194,43.560844],[85.051844,43.559970],[85.050196,43.558557],[85.049602,43.557885],[85.048630,43.556369],[85.048049,43.555748],[85.046903,43.554852],[85.045000,43.552675],[85.042300,43.551277],[85.040617,43.550290],[85.039218,43.549282],[85.038090,43.548357],[85.037689,43.547897],[85.037607,43.547702],[85.037617,43.547315],[85.038194,43.545617],[85.038123,43.545057],[85.037666,43.544069],[85.037554,43.542927],[85.037194,43.542146],[85.037050,43.542014],[85.036815,43.541966],[85.032852,43.541905],[85.032158,43.541810],[85.031643,43.541659],[85.031092,43.541070],[85.030633,43.539939],[85.030177,43.539265],[85.028019,43.536716],[85.027767,43.536238],[85.027636,43.535257],[85.027874,43.533452],[85.028092,43.531793],[85.027850,43.529842],[85.027139,43.528710],[85.026509,43.528009],[85.025225,43.526876],[85.022636,43.525090],[85.021635,43.524535],[85.021553,43.524296],[85.021630,43.523781],[85.021888,43.523142],[85.021836,43.522000],[85.021592,43.521771],[85.020247,43.521140],[85.019347,43.520499],[85.018490,43.519660],[85.017942,43.518909],[85.017829,43.518226],[85.017904,43.517648],[85.018229,43.517087],[85.018627,43.516786],[85.020499,43.514430],[85.020487,43.513843],[85.020358,43.513641],[85.019762,43.513247],[85.018355,43.512606],[85.017069,43.511898],[85.014644,43.510786],[85.012468,43.509373],[85.011757,43.508839],[85.010811,43.507906],[85.010678,43.506838],[85.010605,43.506712],[85.010344,43.506583],[85.004429,43.506955],[85.003678,43.506867],[85.001609,43.505851],[85.000096,43.504685],[84.996775,43.502559],[84.995735,43.501751],[84.995222,43.501157],[84.995011,43.499755],[84.994613,43.499232],[84.993257,43.498659],[84.991526,43.498142],[84.990337,43.497573],[84.989848,43.497233],[84.989614,43.496777],[84.990391,43.495291],[84.990869,43.493718],[84.990671,43.491575],[84.991329,43.490728],[84.992680,43.489727],[84.994203,43.487787],[84.994559,43.487100],[84.994527,43.486795],[84.994079,43.486517],[84.989988,43.486009],[84.988092,43.485377],[84.985416,43.484075],[84.983291,43.482883],[84.982073,43.481955],[84.981186,43.481092],[84.980572,43.480159],[84.980242,43.479870],[84.979857,43.479740],[84.976856,43.479885],[84.975519,43.480040],[84.974011,43.480340],[84.973130,43.480681],[84.970645,43.482089],[84.969869,43.482341],[84.966954,43.483794],[84.965879,43.484868],[84.965192,43.485325],[84.963663,43.486106],[84.962227,43.486705],[84.959997,43.487289],[84.959054,43.487428],[84.958294,43.487373],[84.957322,43.487229],[84.956033,43.486879],[84.954829,43.486310],[84.952325,43.484728],[84.951731,43.484500],[84.950699,43.484309],[84.950072,43.484344],[84.949282,43.484516],[84.947644,43.484895],[84.946513,43.485097],[84.945549,43.485243],[84.944412,43.485325],[84.943653,43.485340],[84.943127,43.485360],[84.942523,43.485221],[84.942025,43.485009],[84.941252,43.484680],[84.940303,43.484085],[84.939264,43.483563],[84.938368,43.483232],[84.937420,43.482929],[84.936742,43.482841],[84.936138,43.482797],[84.935884,43.482783],[84.935259,43.483056],[84.934455,43.483562],[84.934181,43.483836],[84.933629,43.484491],[84.933425,43.484844],[84.933015,43.485196],[84.932788,43.485449],[84.932352,43.485919],[84.930938,43.487378],[84.929692,43.488609],[84.929167,43.489305],[84.929072,43.489393],[84.927902,43.489957],[84.927857,43.489989],[84.927393,43.490310],[84.926963,43.490556],[84.926643,43.490711],[84.926516,43.490787],[84.925989,43.491054],[84.925186,43.491529],[84.924610,43.491909],[84.924315,43.492150],[84.923946,43.492608],[84.923583,43.493199],[84.923266,43.493879],[84.923059,43.494708],[84.923030,43.495340],[84.923095,43.495913],[84.923220,43.496508],[84.923363,43.496927],[84.923490,43.497334],[84.923798,43.498010],[84.924049,43.498546],[84.924120,43.498797],[84.924482,43.499230],[84.924762,43.499584],[84.925141,43.499919],[84.925213,43.499990],[84.914044,43.508003],[84.906036,43.514097],[84.905465,43.514747],[84.905569,43.514957],[84.905641,43.515358],[84.904803,43.516205],[84.902931,43.517615],[84.902260,43.518579],[84.901322,43.519562],[84.900608,43.520048],[84.900097,43.520540],[84.899133,43.521601],[84.898888,43.522385],[84.898965,43.522645],[84.898899,43.524797],[84.898722,43.525547],[84.898246,43.526553],[84.898092,43.527089],[84.897746,43.528735],[84.897447,43.531583],[84.897176,43.532084],[84.896401,43.532398],[84.894221,43.532858],[84.892807,43.533535],[84.891073,43.534521],[84.891021,43.534869],[84.891855,43.537081],[84.892065,43.537895],[84.892071,43.538198],[84.891888,43.538888],[84.891306,43.539889],[84.890923,43.541386],[84.890936,43.542634],[84.891049,43.543057],[84.891455,43.543758],[84.890687,43.544189],[84.890234,43.544559],[84.890144,43.544778],[84.889551,43.547971],[84.889520,43.548581],[84.889062,43.549754],[84.889022,43.550107],[84.889129,43.550253],[84.890238,43.550813],[84.891155,43.551412],[84.892344,43.552286],[84.893327,43.553804],[84.893630,43.555506],[84.893589,43.556057],[84.893431,43.556444],[84.892832,43.557237],[84.890980,43.558748],[84.890519,43.559265],[84.890185,43.559492],[84.889889,43.559927],[84.889988,43.560047],[84.891456,43.560537],[84.893710,43.561485],[84.894586,43.562049],[84.895028,43.562741],[84.895077,43.563557],[84.894949,43.564172],[84.894261,43.565900],[84.894176,43.567658],[84.894327,43.568094],[84.895333,43.569029],[84.897980,43.570085],[84.898225,43.570515],[84.898294,43.571386],[84.898479,43.571958],[84.898492,43.572563],[84.898367,43.573077],[84.897775,43.573991],[84.897484,43.575864],[84.897168,43.576285],[84.896557,43.576729],[84.895143,43.577159],[84.893402,43.577219],[84.890446,43.576824],[84.883633,43.576788],[84.883093,43.576955],[84.882212,43.577421],[84.881651,43.577535],[84.880896,43.577522],[84.880041,43.577341],[84.879394,43.577067],[84.878830,43.577444],[84.872553,43.576466],[84.863210,43.575394],[84.861609,43.574439],[84.860518,43.573907],[84.858407,43.572458],[84.857879,43.571938],[84.856301,43.571726],[84.855689,43.571782],[84.854617,43.571720],[84.852479,43.571426],[84.851292,43.571099],[84.850530,43.570779],[84.849537,43.570091],[84.847442,43.570382],[84.846182,43.570680],[84.844025,43.570840],[84.842876,43.571813],[84.842616,43.571867],[84.842192,43.571768],[84.841236,43.571853],[84.838269,43.572633],[84.837805,43.573037],[84.835265,43.574755],[84.834557,43.575401],[84.834221,43.576379],[84.834501,43.576725],[84.834924,43.578401],[84.834877,43.578578],[84.838579,43.578907],[84.839055,43.579078],[84.841647,43.579336],[84.842913,43.579627],[84.843767,43.579936],[84.845020,43.580618],[84.847262,43.581330],[84.850507,43.581700],[84.853124,43.582861],[84.853607,43.583286],[84.853879,43.583707],[84.853985,43.584047],[84.853971,43.584456],[84.853655,43.585329],[84.852977,43.586033],[84.852715,43.586500],[84.852773,43.587158],[84.852653,43.588227],[84.852295,43.589111],[84.851686,43.590172],[84.850919,43.591054],[84.849838,43.593887],[84.848465,43.595707],[84.847451,43.596801],[84.846690,43.598408],[84.844414,43.600777],[84.843847,43.601517],[84.843198,43.602597],[84.843049,43.603440],[84.843034,43.604367],[84.843232,43.605725],[84.843191,43.606780],[84.843442,43.607750],[84.843091,43.608926],[84.843073,43.609417],[84.843422,43.609823],[84.843517,43.610116],[84.843429,43.610672],[84.843519,43.612306],[84.843212,43.613233],[84.843237,43.613598],[84.843595,43.614355],[84.843545,43.615374],[84.843608,43.615611],[84.844045,43.616511],[84.844003,43.616686],[84.843611,43.617062],[84.843491,43.618184],[84.843044,43.618850],[84.843175,43.620626],[84.843344,43.621337],[84.843816,43.621911],[84.843566,43.623122],[84.843700,43.623574],[84.843197,43.624498],[84.843612,43.625084],[84.844149,43.626201],[84.843874,43.626817],[84.844024,43.627328],[84.843985,43.627726],[84.843856,43.627832],[84.844328,43.628556],[84.844848,43.630369],[84.844869,43.630772],[84.844701,43.631542],[84.844740,43.631983],[84.845504,43.634055],[84.845549,43.634877],[84.845769,43.635616],[84.845833,43.635734],[84.847154,43.636534],[84.847277,43.637590],[84.847500,43.637925],[84.847656,43.638837],[84.849006,43.640037],[84.849420,43.640908],[84.850161,43.641315],[84.851849,43.641913],[84.852128,43.642162],[84.852475,43.642737],[84.852817,43.643021],[84.854078,43.643486],[84.854653,43.643912],[84.855924,43.645439],[84.856641,43.645994],[84.857128,43.646258],[84.858949,43.646901],[84.860068,43.647424],[84.861034,43.648052],[84.861268,43.648416],[84.861701,43.649546],[84.862202,43.649960],[84.862494,43.650629],[84.863518,43.651290],[84.863977,43.652084],[84.864638,43.652177],[84.865072,43.652092],[84.865823,43.652116],[84.866693,43.652387],[84.867539,43.652413],[84.868824,43.653168],[84.870095,43.653462],[84.870286,43.653645],[84.870558,43.654326],[84.870968,43.654712],[84.870988,43.655030],[84.870798,43.655611],[84.870865,43.655839],[84.871349,43.656245],[84.872035,43.657271],[84.872665,43.657753],[84.872671,43.658305],[84.872882,43.658689],[84.873850,43.659212],[84.874413,43.660086],[84.875187,43.660603],[84.875797,43.661549],[84.876811,43.662287],[84.877910,43.663421],[84.878143,43.663821],[84.878169,43.664551],[84.879373,43.665617],[84.879519,43.665901],[84.879572,43.666735],[84.880398,43.667279],[84.880575,43.667858],[84.880942,43.668394],[84.881036,43.669017],[84.881359,43.669275],[84.881418,43.669586],[84.881723,43.669922],[84.881787,43.670312],[84.882244,43.670844],[84.882281,43.671479],[84.882796,43.672017],[84.882937,43.672346],[84.882807,43.673301],[84.883121,43.673950],[84.883939,43.674985],[84.886139,43.677201],[84.886883,43.677630],[84.888387,43.679164],[84.889557,43.680552],[84.889778,43.680946],[84.890002,43.682411],[84.889865,43.684225],[84.890004,43.684934],[84.889930,43.685401],[84.889972,43.685555],[84.890452,43.685892],[84.890524,43.686082],[84.890375,43.687013],[84.890936,43.688035],[84.891079,43.688825],[84.891538,43.689777],[84.891579,43.689987],[84.891415,43.691088],[84.891509,43.691595],[84.891668,43.691946],[84.892226,43.692598],[84.892885,43.693645],[84.892734,43.696074],[84.892909,43.696852],[84.893021,43.699665],[84.893133,43.700023],[84.893443,43.700531],[84.893914,43.701121],[84.894031,43.701430],[84.894066,43.702249],[84.894146,43.702407],[84.895122,43.703365],[84.895086,43.703912],[84.895194,43.704206],[84.896536,43.706404],[84.896625,43.706693],[84.896659,43.707105],[84.896372,43.708273],[84.896356,43.708703],[84.896815,43.709888],[84.896472,43.711080],[84.896454,43.711583],[84.896592,43.711910],[84.897019,43.712457],[84.898512,43.713503],[84.898721,43.713859],[84.898816,43.714286],[84.898875,43.715128],[84.898749,43.715867],[84.898019,43.717455],[84.897987,43.717848],[84.898166,43.719256],[84.898131,43.720667],[84.897856,43.721662],[84.897879,43.721899],[84.898450,43.722593],[84.899971,43.723561],[84.900135,43.724605],[84.900774,43.725694],[84.900901,43.726308],[84.901149,43.726880],[84.901472,43.727447],[84.901907,43.727968],[84.902150,43.728601],[84.902900,43.729600],[84.903946,43.731544],[84.904323,43.732546],[84.904585,43.732955],[84.905736,43.734200],[84.905791,43.734469],[84.906160,43.735162],[84.906236,43.735523],[84.907174,43.737251],[84.908451,43.739074],[84.909653,43.740493],[84.909784,43.740856],[84.909854,43.741582],[84.910225,43.742506],[84.911465,43.743433],[84.913991,43.744696],[84.914178,43.744844],[84.914561,43.745541],[84.914996,43.745777],[84.916427,43.746309],[84.918309,43.746600],[84.920380,43.746833],[84.921639,43.746683],[84.922724,43.746736],[84.923692,43.747220],[84.923994,43.747802],[84.924956,43.748453],[84.925480,43.748992],[84.925736,43.749902],[84.925704,43.750502],[84.925471,43.751300],[84.924481,43.753457],[84.924315,43.754045],[84.924391,43.754401],[84.924844,43.755030],[84.925017,43.755593],[84.925063,43.756111],[84.924946,43.756751],[84.925198,43.757453],[84.925342,43.758409],[84.925340,43.758784],[84.925148,43.759230],[84.925280,43.759882],[84.925258,43.760202],[84.924645,43.761271],[84.924685,43.762990],[84.925110,43.764488],[84.926130,43.766377],[84.926153,43.766986],[84.925558,43.768245],[84.925527,43.768986],[84.925680,43.770101],[84.925337,43.770984],[84.925252,43.771983],[84.924830,43.772658],[84.923203,43.774132],[84.923015,43.774447],[84.922996,43.774680],[84.923054,43.774921],[84.923395,43.775312],[84.923465,43.775518],[84.923460,43.777180],[84.923546,43.777613],[84.923437,43.778568],[84.923035,43.779315],[84.923052,43.779442],[84.923217,43.779810],[84.923862,43.780703],[84.923881,43.782058],[84.924712,43.783359],[84.924723,43.783671],[84.924562,43.783844],[84.924437,43.784266],[84.924484,43.784804],[84.924666,43.785329],[84.924860,43.786429],[84.924686,43.786650],[84.924586,43.786977],[84.924312,43.787228],[84.923272,43.787496],[84.922899,43.787713],[84.922444,43.788330],[84.922005,43.789515],[84.921185,43.790444],[84.921053,43.791058],[84.921219,43.792023],[84.921382,43.792472],[84.921307,43.793190],[84.921140,43.793343],[84.921096,43.793546],[84.921168,43.794375],[84.920477,43.795245],[84.920389,43.795499],[84.920457,43.796454],[84.920782,43.797261],[84.920970,43.797597],[84.923075,43.799583],[84.923340,43.799916],[84.923591,43.800690],[84.925321,43.802565],[84.925398,43.802875],[84.925355,43.803835],[84.925581,43.804657],[84.925891,43.804959],[84.926391,43.805257],[84.926777,43.805657],[84.927626,43.807051],[84.927712,43.807789],[84.927929,43.808226],[84.929092,43.809210],[84.929765,43.809959],[84.929913,43.810819],[84.930131,43.811240],[84.931076,43.811823],[84.931024,43.812351],[84.931086,43.812472],[84.932527,43.813137],[84.933733,43.813889],[84.935622,43.815704],[84.935887,43.816069],[84.936914,43.816554],[84.937781,43.817124],[84.938609,43.817901],[84.938713,43.818098],[84.938662,43.818531],[84.938419,43.819104],[84.938590,43.819692],[84.940029,43.820591],[84.942366,43.822236],[84.944264,43.823967],[84.945734,43.825048],[84.946663,43.825570],[84.947539,43.826199],[84.947777,43.826527],[84.948477,43.828355],[84.948817,43.828753],[84.949968,43.829568],[84.950841,43.829925],[84.951395,43.830285],[84.951621,43.830776],[84.951618,43.831345],[84.951902,43.832346],[84.952027,43.834211],[84.952384,43.835227],[84.953096,43.836285],[84.953510,43.837301],[84.954693,43.838960],[84.954913,43.840027],[84.955054,43.840282],[84.955584,43.840832],[84.956124,43.841095],[84.958575,43.840929],[84.959521,43.840984],[84.961207,43.841305],[84.961940,43.841788],[84.962060,43.842654],[84.961704,43.844302],[84.961660,43.845115],[84.961236,43.845391],[84.959909,43.845837],[84.959604,43.846312],[84.959299,43.847315],[84.959419,43.848676],[84.960055,43.849853],[84.960042,43.850183],[84.958557,43.851382],[84.957416,43.852555],[84.956461,43.853385],[84.954664,43.854788],[84.952291,43.855549],[84.950660,43.856364],[84.948824,43.856473],[84.948306,43.856605],[84.947684,43.857065],[84.947047,43.857778],[84.945802,43.859743],[84.945377,43.860165],[84.944092,43.860810],[84.943720,43.861126],[84.943309,43.861866],[84.943204,43.862222],[84.942846,43.862551],[84.942394,43.864017],[84.941758,43.864717],[84.940380,43.865559],[84.939943,43.865888],[84.939692,43.866205],[84.939294,43.867565],[84.938500,43.868515],[84.937811,43.869782],[84.936710,43.870599],[84.936339,43.871021],[84.935863,43.872474],[84.935518,43.873966],[84.935439,43.874798],[84.935518,43.875921],[84.935849,43.876661],[84.936459,43.877481],[84.936591,43.877904],[84.936538,43.878802],[84.936631,43.879304],[84.937134,43.879860],[84.938035,43.880495],[84.938274,43.880839],[84.938287,43.881301],[84.938088,43.881710],[84.937267,43.882554],[84.936790,43.883254],[84.936697,43.883676],[84.936883,43.884165],[84.938062,43.885554],[84.938088,43.885937],[84.937930,43.886307],[84.937386,43.886900],[84.937188,43.887283],[84.937174,43.887627],[84.939997,43.888925],[84.940368,43.889296],[84.940977,43.890591],[84.941017,43.891265],[84.941163,43.891767],[84.941401,43.891979],[84.941865,43.892046],[84.942925,43.891942],[84.943535,43.891983],[84.944065,43.892169],[84.946305,43.893361],[84.947352,43.893614],[84.948890,43.893749],[84.949871,43.894002],[84.951064,43.894441],[84.952695,43.895395],[84.953716,43.895661],[84.955215,43.895902],[84.955878,43.896141],[84.956978,43.897082],[84.957575,43.897387],[84.958570,43.897653],[84.959923,43.898158],[84.960440,43.898516],[84.960745,43.899098],[84.960785,43.899957],[84.960652,43.901000],[84.959777,43.902279],[84.959658,43.902741],[84.959764,43.903111],[84.960202,43.903720],[84.960334,43.904130],[84.960440,43.904936],[84.960759,43.906007],[84.960772,43.906839],[84.960971,43.908213],[84.960825,43.908715],[84.960241,43.909479],[84.960228,43.909823],[84.960692,43.911079],[84.961959,43.911907],[84.962291,43.912225],[84.962371,43.912608],[84.962172,43.913242],[84.961376,43.914759],[84.961455,43.915050],[84.962702,43.915674],[84.962888,43.915859],[84.962834,43.916136],[84.962450,43.916413],[84.962039,43.916874],[84.961986,43.917112],[84.962450,43.917839],[84.962517,43.918183],[84.962397,43.918539],[84.962065,43.919014],[84.961986,43.919357],[84.962065,43.919648],[84.962570,43.920072],[84.963856,43.920841],[84.965196,43.922245],[84.965661,43.923144],[84.965740,43.924016],[84.965595,43.924874],[84.965209,43.925639],[84.963525,43.927616],[84.963306,43.928138],[84.963293,43.929776],[84.963134,43.930197],[84.962709,43.930474],[84.961899,43.930697],[84.961436,43.931051],[84.960665,43.931434],[84.957403,43.932113],[84.956846,43.932428],[84.956408,43.932929],[84.956348,43.933451],[84.956468,43.934310],[84.956481,43.935300],[84.956362,43.935974],[84.956096,43.936449],[84.955460,43.937332],[84.950706,43.942850],[84.948081,43.944839],[84.947737,43.945446],[84.946809,43.946462],[84.946385,43.947108],[84.945947,43.948785],[84.945112,43.950580],[84.945112,43.950936],[84.945430,43.951756],[84.945324,43.953341],[84.945126,43.954199],[84.945139,43.955005],[84.945232,43.955375],[84.946107,43.956776],[84.946186,43.958058],[84.946107,43.959564],[84.945895,43.960593],[84.945934,43.961558],[84.946173,43.962998],[84.946067,43.963698],[84.945749,43.964688],[84.945789,43.965203],[84.946325,43.966611],[84.945901,43.968750],[84.945477,43.970268],[84.945252,43.972949],[84.945132,43.973517],[84.945278,43.974257],[84.944906,43.976700],[84.945451,43.977982],[84.945503,43.979026],[84.945675,43.979409],[84.946590,43.980124],[84.946895,43.980943],[84.947466,43.981816],[84.948704,43.983278],[84.948943,43.983781],[84.949130,43.984613],[84.949447,43.985221],[84.950136,43.985989],[84.951847,43.986943],[84.953391,43.989291],[84.955513,43.991383],[84.955858,43.991951],[84.957244,43.993335],[84.957483,43.993930],[84.957880,43.995899],[84.958278,43.996798],[84.958371,43.997432],[84.958060,43.998692],[84.958347,44.000572],[84.958571,44.001213],[84.959061,44.002078],[84.959940,44.004081],[84.959986,44.006367],[84.960392,44.006941],[84.963830,44.010060],[84.965691,44.013901],[84.969750,44.018022],[84.974638,44.024129],[84.979103,44.029104],[84.984728,44.031926],[84.986522,44.032052],[84.988713,44.031891],[84.990714,44.032597],[84.992553,44.035009],[84.999397,44.038819],[85.001190,44.039233],[85.006762,44.039050],[85.010165,44.040028],[85.013997,44.042435],[85.016648,44.045700],[85.020487,44.048530],[85.021883,44.048666],[85.022473,44.048372],[85.023867,44.048220],[85.025476,44.049062],[85.025889,44.049915],[85.028104,44.051192],[85.031491,44.051160],[85.034095,44.052282],[85.036293,44.052694],[85.039510,44.054242],[85.042542,44.056648],[85.042757,44.057363],[85.041194,44.059230],[85.040812,44.059951],[85.040850,44.061814],[85.041470,44.063094],[85.041509,44.064668],[85.043124,44.065941],[85.045322,44.066353],[85.046325,44.066912],[85.046746,44.067909],[85.047948,44.068616],[85.051148,44.069298],[85.051960,44.070150],[85.052182,44.071152],[85.056391,44.072977],[85.063851,44.077767],[85.067653,44.079015],[85.070245,44.079279],[85.072057,44.080409],[85.072463,44.080974],[85.078685,44.083919],[85.079686,44.084188],[85.089145,44.090389],[85.094010,44.095338],[85.095468,44.096501],[85.095611,44.097052],[85.095685,44.097932],[85.095638,44.099773],[85.095499,44.100892],[85.095511,44.101975],[85.095923,44.106301],[85.096191,44.107783],[85.096270,44.108935],[85.096569,44.110116],[85.096698,44.112056],[85.096588,44.116567],[85.095940,44.123395],[85.095884,44.125137],[85.095357,44.128089],[85.094830,44.132503],[85.094015,44.136052],[85.092759,44.139984],[85.092445,44.142306],[85.092366,44.144361],[85.091799,44.147880],[85.092762,44.148959],[85.092835,44.149277],[85.092709,44.149556],[85.092357,44.149920],[85.092099,44.151295],[85.092127,44.151741],[85.092340,44.152178],[85.092393,44.152658],[85.092210,44.153021],[85.091147,44.154156],[85.091319,44.154795],[85.091080,44.156220],[85.090828,44.156991],[85.090313,44.157852],[85.090373,44.158763],[85.090578,44.159037],[85.090913,44.159276],[85.090967,44.159717],[85.090762,44.160113],[85.089092,44.161335],[85.088674,44.161971],[85.087842,44.163884],[85.087852,44.164234],[85.088054,44.164702],[85.088483,44.165091],[85.089041,44.166972],[85.089126,44.167775],[85.089078,44.168442],[85.088728,44.168993],[85.088577,44.169430],[85.088558,44.169761],[85.088653,44.169991],[85.088599,44.170211],[85.087581,44.171915],[85.087625,44.173708],[85.087745,44.173853],[85.087705,44.175065],[85.087848,44.176192],[85.088648,44.177808],[85.089104,44.178394],[85.089545,44.179416],[85.089874,44.179722],[85.090054,44.180091],[85.090070,44.180403],[85.091141,44.181943],[85.091348,44.182563],[85.091359,44.182871],[85.091495,44.183165],[85.091792,44.183497],[85.092105,44.184275],[85.092235,44.185551],[85.092522,44.186080],[85.092380,44.186826],[85.092453,44.187201],[85.092834,44.187805],[85.092998,44.188343],[85.093052,44.189445],[85.093195,44.189934],[85.094219,44.191400],[85.094217,44.191796],[85.093911,44.192138],[85.093877,44.192321],[85.093765,44.193868],[85.093425,44.194603],[85.093643,44.195519],[85.093536,44.197257],[85.093577,44.197574],[85.093792,44.197940],[85.094514,44.198571],[85.094772,44.198985],[85.094595,44.199691],[85.094739,44.200660],[85.094523,44.201210],[85.094112,44.201732],[85.094069,44.202008],[85.094100,44.202365],[85.094372,44.202689],[85.094488,44.203739],[85.094679,44.204050],[85.094945,44.207089],[85.095305,44.207461],[85.095148,44.207809],[85.095162,44.208012],[85.095534,44.208842],[85.095547,44.209100],[85.095440,44.209246],[85.095051,44.209353],[85.095116,44.209859],[85.094853,44.210318],[85.095024,44.210589],[85.095031,44.210767],[85.094565,44.211801],[85.094365,44.212831],[85.094405,44.213336],[85.094702,44.213928],[85.094905,44.214946],[85.095175,44.215448],[85.095119,44.216139],[85.095347,44.216361],[85.095479,44.216892],[85.095352,44.218329],[85.095546,44.218643],[85.095522,44.219374],[85.095618,44.219588],[85.096370,44.220446],[85.096461,44.220829],[85.097575,44.222117],[85.097801,44.222788],[85.098532,44.224305],[85.098894,44.224709],[85.099175,44.225320],[85.099338,44.225473],[85.099324,44.225749],[85.099898,44.226211],[85.099779,44.226725],[85.100192,44.227276],[85.100144,44.227688],[85.099811,44.228051],[85.099850,44.228239],[85.100691,44.228945],[85.100716,44.229237],[85.100458,44.229544],[85.100248,44.230099],[85.100655,44.230856],[85.100662,44.231327],[85.100361,44.231924],[85.100645,44.233580],[85.100365,44.234568],[85.100375,44.234925],[85.100641,44.235434],[85.100900,44.236935],[85.100883,44.237725],[85.101184,44.239292],[85.101324,44.240659],[85.102024,44.241777],[85.101664,44.243106],[85.102185,44.243831],[85.101989,44.244183],[85.102050,44.244412],[85.103039,44.245333],[85.103222,44.246042],[85.103892,44.246647],[85.104173,44.247061],[85.104652,44.248685],[85.104484,44.249392],[85.105287,44.249778],[85.105402,44.249915],[85.105376,44.250178],[85.105034,44.250579],[85.104934,44.250892],[85.105376,44.251578],[85.106049,44.253550],[85.106386,44.254899],[85.106480,44.255725],[85.106614,44.256120],[85.106616,44.256277],[85.106660,44.259908],[85.106703,44.263531],[85.106721,44.263730],[85.106989,44.267352],[85.107251,44.270974],[85.107510,44.274601],[85.107780,44.278223],[85.107597,44.279481],[85.107431,44.280690],[85.107536,44.280880],[85.107590,44.282676],[85.107807,44.283372],[85.109164,44.284445],[85.109647,44.284647],[85.110066,44.285019],[85.111278,44.285672],[85.111779,44.286609],[85.111797,44.286846],[85.112135,44.287257],[85.112238,44.288292],[85.112451,44.288606],[85.112487,44.289363],[85.112256,44.290536],[85.112421,44.291680],[85.112680,44.292139],[85.112760,44.292838],[85.112391,44.293681],[85.112383,44.293932],[85.112552,44.294381],[85.112497,44.294651],[85.112037,44.295218],[85.111985,44.295800],[85.112084,44.296968],[85.112018,44.297570],[85.112088,44.297928],[85.112282,44.298137],[85.112031,44.298880],[85.112051,44.299058],[85.112309,44.299422],[85.112320,44.299754],[85.111960,44.300431],[85.111953,44.300643],[85.112270,44.301315],[85.112390,44.302498],[85.111985,44.303115],[85.111626,44.304444],[85.111321,44.304863],[85.110608,44.305479],[85.110338,44.306538],[85.110330,44.307052],[85.109790,44.308386],[85.109658,44.309555],[85.110381,44.309715],[85.110816,44.309952],[85.111571,44.310528],[85.111795,44.311163],[85.111818,44.311902],[85.112016,44.312436],[85.112487,44.314565],[85.112499,44.316352],[85.113248,44.317866],[85.113546,44.319254],[85.113423,44.320546],[85.113427,44.321816],[85.113468,44.322071],[85.113778,44.322547],[85.113702,44.323477],[85.113913,44.325047],[85.113684,44.326015],[85.113241,44.327311],[85.113210,44.327699],[85.113295,44.327989],[85.113994,44.328650],[85.114226,44.329628],[85.114830,44.330551],[85.114815,44.330973],[85.114993,44.331606],[85.115114,44.332756],[85.114960,44.333526],[85.115222,44.334115],[85.115221,44.334766],[85.114760,44.336329],[85.114396,44.340056],[85.113921,44.343148],[85.113340,44.343750],[85.124855,44.340133],[85.133719,44.337536],[85.161171,44.329269],[85.161580,44.329186],[85.161927,44.329041],[85.168845,44.326956],[85.171304,44.326131],[85.173998,44.325387],[85.175152,44.325239],[85.175831,44.325230],[85.176984,44.325227],[85.177627,44.325206],[85.178418,44.325195],[85.179745,44.325241],[85.179814,44.325269],[85.179864,44.325273],[85.180065,44.325595],[85.180732,44.327346],[85.180765,44.329619],[85.181379,44.331157],[85.181906,44.332115],[85.181692,44.333686],[85.182130,44.334909],[85.181549,44.336313],[85.181829,44.337965],[85.181903,44.338282],[85.182212,44.339575],[85.181755,44.341691],[85.182204,44.343227],[85.181949,44.346135],[85.183462,44.350597],[85.184568,44.355643],[85.185115,44.358844],[85.185835,44.362121],[85.185742,44.363090],[85.186298,44.364815],[85.187019,44.367935],[85.187342,44.371519],[85.187592,44.372151],[85.188857,44.379185],[85.189222,44.380614],[85.189977,44.383573],[85.190139,44.385707],[85.191176,44.389292],[85.191023,44.390079],[85.191650,44.393530],[85.192440,44.395919],[85.192320,44.397562],[85.193748,44.401788],[85.194039,44.404711],[85.195096,44.407433],[85.196140,44.413111],[85.197590,44.419459],[85.197933,44.420399],[85.197807,44.422292],[85.198288,44.424572],[85.198328,44.425658],[85.198358,44.426483],[85.198590,44.427566],[85.198671,44.428752],[85.199210,44.431363],[85.199449,44.432945],[85.199675,44.434439],[85.200814,44.435767],[85.203656,44.438263],[85.204135,44.439963],[85.204464,44.442677],[85.205108,44.444739],[85.205945,44.446855],[85.206082,44.447547],[85.205925,44.449979],[85.207125,44.451379],[85.207829,44.453394],[85.208213,44.455049],[85.208728,44.455799],[85.209205,44.459861],[85.210161,44.461303],[85.210747,44.461576],[85.210575,44.463801],[85.210262,44.465253],[85.210343,44.465967],[85.210492,44.466519],[85.210850,44.467029],[85.211121,44.469008],[85.211369,44.469680],[85.211846,44.470355],[85.212429,44.472079],[85.212495,44.472830],[85.212357,44.473304],[85.212391,44.474210],[85.212541,44.474717],[85.212666,44.476056],[85.213200,44.478118],[85.212901,44.479214],[85.214039,44.479312],[85.215244,44.479545],[85.222711,44.480200],[85.228603,44.479298],[85.230229,44.479203],[85.236035,44.478605],[85.241914,44.478716],[85.250275,44.477610],[85.254648,44.476697],[85.254885,44.478553],[85.253328,44.480283],[85.253335,44.480572],[85.254152,44.481277],[85.254205,44.483563],[85.253633,44.484858],[85.255526,44.488845],[85.255762,44.490559],[85.254992,44.491707],[85.251641,44.493608],[85.246468,44.494393],[85.245491,44.495403],[85.243377,44.499150],[85.243005,44.500161],[85.243057,44.502447],[85.242477,44.503311],[85.240532,44.505486],[85.239968,44.507061],[85.239625,44.509646],[85.240037,44.510210],[85.240067,44.511353],[85.235728,44.513844],[85.235949,44.514702],[85.238389,44.516672],[85.238610,44.517521],[85.237215,44.517689],[85.236208,44.517413],[85.234424,44.517720],[85.233868,44.519592],[85.233974,44.524308],[85.234828,44.526731],[85.234851,44.527874],[85.234066,44.528457],[85.233745,44.531754],[85.233151,44.532186],[85.231565,44.532495],[85.230201,44.533941],[85.229454,44.536243],[85.229492,44.538097],[85.230117,44.539239],[85.229201,44.542681],[85.229438,44.544250],[85.230041,44.544671],[85.230269,44.545674],[85.228912,44.547696],[85.229342,44.549180],[85.229781,44.550687],[85.230390,44.551109],[85.232189,44.551226],[85.232418,44.552651],[85.231634,44.553234],[85.231442,44.553671],[85.233073,44.554937],[85.233875,44.555066],[85.234484,44.555490],[85.234934,44.557628],[85.234156,44.558498],[85.234789,44.560208],[85.235414,44.561198],[85.234240,44.562215],[85.233691,44.564654],[85.233928,44.566079],[85.236566,44.567765],[85.236779,44.568623],[85.236391,44.569058],[85.235407,44.569637],[85.235818,44.570345],[85.236833,44.570909],[85.237275,44.572472],[85.239509,44.574161],[85.238762,44.576606],[85.238800,44.578325],[85.239607,44.579297],[85.239256,44.581451],[85.239881,44.582297],[85.239737,44.584877],[85.240972,44.586434],[85.240819,44.588294],[85.241430,44.589005],[85.241072,44.590872],[85.240492,44.591448],[85.240508,44.592168],[85.241117,44.592591],[85.241139,44.593878],[85.239973,44.595174],[85.238655,44.598771],[85.235004,44.601181],[85.235100,44.601465],[85.235075,44.601972],[85.234797,44.602215],[85.234408,44.602403],[85.233566,44.602471],[85.232949,44.602624],[85.232327,44.602997],[85.231613,44.602631],[85.231019,44.603619],[85.230112,44.604224],[85.229934,44.605040],[85.229658,44.605333],[85.229724,44.605663],[85.229517,44.606235],[85.228969,44.606664],[85.228523,44.607449],[85.226963,44.608519],[85.226258,44.609139],[85.226242,44.609602],[85.226498,44.609988],[85.226835,44.610236],[85.226828,44.610429],[85.225847,44.612106],[85.225063,44.612737],[85.223000,44.613214],[85.222776,44.613419],[85.222687,44.613914],[85.222846,44.614674],[85.223158,44.615253],[85.223146,44.615645],[85.222926,44.615900],[85.222658,44.616113],[85.222198,44.616262],[85.220314,44.616778],[85.220525,44.616998],[85.220518,44.617215],[85.219411,44.617215],[85.219077,44.617490],[85.218529,44.617652],[85.218347,44.617929],[85.218015,44.618157],[85.217320,44.618132],[85.217144,44.618222],[85.216790,44.619327],[85.216500,44.620508],[85.216888,44.621122],[85.216986,44.622323],[85.216915,44.623387],[85.214819,44.623971],[85.213883,44.624739],[85.212863,44.624882],[85.212453,44.624925],[85.212097,44.625650],[85.212141,44.626430],[85.211290,44.627041],[85.210327,44.627227],[85.210228,44.627497],[85.210129,44.627759],[85.210334,44.628050],[85.210384,44.628604],[85.209775,44.628931],[85.209364,44.629371],[85.208789,44.629787],[85.208486,44.630181],[85.208060,44.630537],[85.208046,44.630948],[85.207863,44.631318],[85.207847,44.631928],[85.207649,44.632538],[85.206615,44.632994],[85.205892,44.633577],[85.204858,44.634047],[85.204094,44.634573],[85.203805,44.634945],[85.203017,44.636107],[85.200738,44.636182],[85.198712,44.635504],[85.186756,44.635918],[85.179893,44.634708],[85.163080,44.631525],[85.160811,44.630891],[85.150190,44.629718],[85.141647,44.629405],[85.131447,44.628820],[85.119820,44.628072],[85.118269,44.627823],[85.116080,44.627825],[85.112368,44.627467],[85.103316,44.627693],[85.099190,44.627796],[85.093608,44.627935],[85.081814,44.627963],[85.078864,44.627371],[85.068360,44.626379],[85.065200,44.625716],[85.055088,44.624382],[85.046780,44.623117],[85.018256,44.619649],[85.019509,44.632371],[85.021783,44.650311],[85.022113,44.653035],[85.023643,44.665647],[85.023623,44.666221],[85.023852,44.668079],[85.024220,44.670030],[85.024406,44.674495],[85.024615,44.675593],[85.024834,44.678200],[85.024998,44.678793],[85.025254,44.681588],[85.025102,44.682601],[85.025452,44.685603],[85.025342,44.686690],[85.026042,44.688199],[85.026816,44.689256],[85.027517,44.690473],[85.028989,44.691688],[85.030225,44.692450],[85.033308,44.693531],[85.037886,44.694735],[85.039937,44.695185],[85.041838,44.695915],[85.043487,44.696058],[85.045317,44.696576],[85.052880,44.698130],[85.052348,44.701721],[85.050423,44.712878],[85.050493,44.713131],[85.050676,44.713225],[85.051897,44.713341],[85.052025,44.714299],[85.052654,44.716137],[85.053116,44.717064],[85.054008,44.718185],[85.054130,44.718957],[85.054792,44.723165],[85.054406,44.723351],[85.053518,44.724483],[85.053245,44.726642],[85.050844,44.732733],[85.049385,44.736003],[85.047629,44.739195],[85.046596,44.740205],[85.041371,44.742551],[85.038746,44.743350],[85.035508,44.744528],[85.031624,44.745585],[85.026679,44.748397],[85.023985,44.749693],[85.021954,44.750606],[85.019371,44.751548],[85.015326,44.752852],[85.012936,44.754010],[85.010856,44.754854],[85.010403,44.755283],[85.018808,44.757822],[85.026635,44.760479],[85.030590,44.761620],[85.037218,44.763799],[85.037578,44.764140],[85.044666,44.768493],[85.046778,44.769790],[85.047406,44.770204],[85.047462,44.770456],[85.047130,44.772961],[85.046793,44.778013],[85.046436,44.783362],[85.045999,44.787391],[85.045993,44.788962],[85.045888,44.790155],[85.045709,44.790904],[85.045593,44.791031],[85.045308,44.791105],[85.043430,44.791420],[85.042722,44.791619],[85.042320,44.791987],[85.040997,44.793641],[85.040200,44.794198],[85.038823,44.794882],[85.036606,44.796309],[85.035627,44.796666],[85.034891,44.796827],[85.034321,44.797137],[85.033552,44.797720],[85.031953,44.799343],[85.031055,44.801804],[85.030205,44.802882],[85.029226,44.803756],[85.026490,44.806690],[85.025988,44.807716],[85.024218,44.810535],[85.023682,44.811222],[85.022984,44.812466],[85.022501,44.813840],[85.022072,44.814475],[85.021555,44.815956],[85.020815,44.818792],[85.020669,44.820306],[85.019950,44.822665],[85.019627,44.826579],[85.019797,44.831581],[85.020152,44.834827],[85.020519,44.836126],[85.020494,44.837199],[85.020607,44.838551],[85.026359,44.845931],[85.029880,44.850269],[85.032055,44.859636],[85.031793,44.860567],[85.031645,44.862136],[85.030300,44.870911],[85.028567,44.880982],[85.027668,44.884617],[85.027148,44.886207],[85.027135,44.886595],[85.027639,44.887889],[85.028984,44.890515],[85.029335,44.891638],[85.030204,44.893678],[85.030616,44.895258],[85.031359,44.896840],[85.032748,44.900542],[85.033225,44.901662],[85.033645,44.902649],[85.034211,44.904407],[85.034510,44.904802],[85.035474,44.907684],[85.036131,44.909013],[85.036549,44.910434],[85.037240,44.912174],[85.038199,44.913301],[85.039514,44.915061],[85.041896,44.918481],[85.043612,44.920946],[85.050074,44.929865],[85.051032,44.931351],[85.051536,44.931816],[85.059956,44.934462],[85.064982,44.936216],[85.075248,44.939567],[85.080286,44.941384],[85.084797,44.942755],[85.091080,44.945296],[85.107115,44.951383],[85.114493,44.954270],[85.120092,44.956269],[85.127893,44.959379],[85.131258,44.960567],[85.136432,44.962660],[85.147987,44.967630],[85.155480,44.970699],[85.156033,44.971025],[85.158234,44.977861],[85.160298,44.985372],[85.161621,44.989570],[85.162767,44.993741],[85.165361,45.001585],[85.171715,45.022676],[85.194987,45.029618],[85.213365,45.027982],[85.214271,45.027970],[85.220349,45.024715],[85.221705,45.024300],[85.225116,45.023597],[85.239602,45.020017],[85.240849,45.019709],[85.242026,45.020877],[85.242910,45.020999],[85.255355,45.028892],[85.258432,45.031577],[85.259699,45.034432],[85.260157,45.037436],[85.257874,45.044474],[85.254577,45.051515],[85.253395,45.052820],[85.251600,45.054124],[85.251440,45.055985],[85.253333,45.060118],[85.253555,45.061408],[85.251593,45.064285],[85.250327,45.071745],[85.249548,45.073047],[85.248549,45.073626],[85.248006,45.074238],[85.247480,45.074595],[85.246852,45.074729],[85.246270,45.074720],[85.245750,45.074916],[85.242687,45.076564],[85.240869,45.077999],[85.238461,45.080225],[85.238438,45.081004],[85.238758,45.083625],[85.239115,45.085444],[85.238877,45.085875],[85.237932,45.086329],[85.237042,45.086934],[85.236782,45.087307],[85.236699,45.087723],[85.236683,45.088258],[85.237056,45.091423],[85.237913,45.101902],[85.238419,45.110001],[85.238608,45.116106],[85.238911,45.117397],[85.239144,45.119014],[85.241022,45.127803],[85.241211,45.129703],[85.242005,45.133435],[85.242457,45.134102],[85.243213,45.135994],[85.244411,45.138536],[85.245272,45.140071],[85.246683,45.142943],[85.247173,45.144346],[85.248618,45.149968],[85.248622,45.150963],[85.248999,45.151763],[85.249430,45.154122],[85.250023,45.156355],[85.250398,45.158363],[85.250295,45.158629],[85.249954,45.158974],[85.248378,45.160112],[85.245216,45.163073],[85.241755,45.166139],[85.239344,45.168092],[85.238688,45.168692],[85.238392,45.169093],[85.232566,45.174252],[85.221620,45.187666],[85.216641,45.194055],[85.210834,45.201268],[85.206125,45.206910],[85.205924,45.207300],[85.206035,45.210912],[85.205905,45.213936],[85.205916,45.220707],[85.205719,45.224724],[85.205751,45.227826],[85.205623,45.228927],[85.204830,45.232368],[85.204280,45.234313],[85.203528,45.236971],[85.202069,45.242630],[85.201666,45.243456],[85.201925,45.244200],[85.204178,45.248214],[85.205368,45.250931],[85.206504,45.252711],[85.208624,45.254797],[85.209387,45.255318],[85.213197,45.258490],[85.214806,45.259951],[85.216823,45.261552],[85.218338,45.262969],[85.220014,45.264189],[85.222480,45.266590],[85.224339,45.268005],[85.225152,45.269212],[85.225820,45.270525],[85.226496,45.271221],[85.227582,45.273184],[85.235796,45.285600],[85.235987,45.285981],[85.237697,45.289396],[85.239406,45.292803],[85.239485,45.293054],[85.240553,45.296587],[85.241619,45.300129],[85.242687,45.303670],[85.243051,45.306136],[85.243573,45.309734],[85.244093,45.313336],[85.244632,45.315980],[85.245369,45.319561],[85.245465,45.321739],[85.245639,45.325355],[85.245813,45.328971],[85.244937,45.331679],[85.243799,45.335204],[85.242664,45.338734],[85.241917,45.340895],[85.240719,45.344412],[85.240250,45.346382],[85.239409,45.349951],[85.238576,45.353519],[85.238395,45.354938],[85.237960,45.358546],[85.239020,45.360754],[85.240668,45.364182],[85.242326,45.367606],[85.244245,45.369155],[85.244982,45.369752],[85.239926,45.375002],[85.239505,45.375559],[85.241500,45.378890],[85.244613,45.383676],[85.245674,45.385790],[85.247209,45.387894],[85.249430,45.391262],[85.251098,45.394121],[85.252486,45.396039],[85.274884,45.410564],[85.276601,45.411877],[85.277421,45.413005],[85.280180,45.417282],[85.280690,45.417901],[85.280968,45.418135],[85.281360,45.418167],[85.281746,45.418336],[85.282504,45.418845],[85.282845,45.419549],[85.282994,45.420712],[85.283475,45.421363],[85.285904,45.421648],[85.287875,45.422052],[85.288327,45.422074],[85.289425,45.421933],[85.292132,45.421369],[85.294252,45.420714],[85.296977,45.420444],[85.297917,45.420034],[85.298515,45.419629],[85.299382,45.419349],[85.302359,45.419296],[85.304240,45.418837],[85.304967,45.418522],[85.305372,45.418466],[85.306152,45.418660],[85.306890,45.419217],[85.307868,45.419714],[85.311911,45.421042],[85.313383,45.421876],[85.314344,45.421992],[85.315424,45.422276],[85.316573,45.422390],[85.318510,45.423041],[85.320416,45.423478],[85.321419,45.423481],[85.323169,45.423247],[85.350596,45.427984],[85.353714,45.428770],[85.363444,45.430923],[85.382025,45.434854],[85.388119,45.436233],[85.389236,45.436642],[85.391743,45.437899],[85.394499,45.439577],[85.397776,45.441321],[85.410459,45.448403],[85.413079,45.450202],[85.419635,45.453808],[85.421020,45.454754],[85.423533,45.455673],[85.426076,45.456767],[85.429133,45.457717],[85.430738,45.458423],[85.432724,45.459041],[85.433684,45.459471],[85.434431,45.459881],[85.438952,45.464425],[85.443933,45.468998],[85.447196,45.472287],[85.451448,45.476207],[85.461911,45.486429],[85.463990,45.488349],[85.473224,45.496681],[85.475864,45.498849],[85.478668,45.501536],[85.483167,45.505238],[85.491699,45.512643],[85.492423,45.513461],[85.492907,45.514376],[85.493936,45.516617],[85.498315,45.525474],[85.501974,45.533638],[85.502431,45.534166],[85.509050,45.544458],[85.510246,45.546683],[85.511350,45.548152],[85.511720,45.548477],[85.514186,45.549914],[85.516084,45.550893],[85.522878,45.555230],[85.529052,45.558918],[85.531373,45.560542],[85.532807,45.562811],[85.533685,45.563915],[85.534494,45.565368],[85.536554,45.568174],[85.538421,45.571067],[85.540626,45.574230],[85.541017,45.574927],[85.541248,45.575627],[85.543435,45.586875],[85.543583,45.587774],[85.543541,45.588985],[85.543893,45.589344],[85.544263,45.589469],[85.545157,45.589557],[85.545343,45.589668],[85.545755,45.590712],[85.546096,45.590837],[85.546446,45.591304],[85.547013,45.592270],[85.547335,45.593113],[85.547775,45.593318],[85.548414,45.593346],[85.549316,45.593159],[85.550272,45.593111],[85.552804,45.593539],[85.553237,45.593752],[85.553431,45.594063],[85.553557,45.595380],[85.553770,45.595670],[85.556310,45.597001],[85.556444,45.597299],[85.556215,45.597672],[85.556218,45.598014],[85.556452,45.598184],[85.556670,45.598266],[85.558005,45.598268],[85.558423,45.598347],[85.561943,45.600165],[85.563808,45.600352],[85.564699,45.600584],[85.565672,45.601037],[85.566396,45.601751],[85.566762,45.602709],[85.566627,45.604317],[85.566925,45.604993],[85.566394,45.605354],[85.566016,45.605480],[85.565547,45.605930],[85.564685,45.606505],[85.564288,45.607340],[85.564341,45.607582],[85.564574,45.607819],[85.565605,45.608064],[85.568145,45.608134],[85.568136,45.608522],[85.566842,45.609402],[85.566243,45.610092],[85.565665,45.611343],[85.565793,45.612351],[85.566548,45.613023],[85.567071,45.613354],[85.567389,45.613861],[85.567352,45.614314],[85.567208,45.614561],[85.566198,45.615614],[85.566144,45.615841],[85.566165,45.615986],[85.566930,45.616817],[85.566997,45.617204],[85.567230,45.617357],[85.567646,45.617376],[85.570295,45.616982],[85.570819,45.617059],[85.571710,45.617545],[85.572311,45.618086],[85.573470,45.618851],[85.573695,45.619290],[85.574954,45.619548],[85.575126,45.619859],[85.575074,45.620681],[85.575288,45.620915],[85.575457,45.621334],[85.576967,45.623104],[85.577869,45.624534],[85.580065,45.627006],[85.587104,45.633628],[85.590981,45.637499],[85.592552,45.638888],[85.594667,45.639974],[85.595959,45.640432],[85.596793,45.641140],[85.596916,45.641458],[85.596723,45.641895],[85.595377,45.643271],[85.594897,45.644121],[85.594809,45.647016],[85.595481,45.648132],[85.595346,45.648519],[85.594543,45.649486],[85.594199,45.650382],[85.593968,45.650722],[85.591969,45.651627],[85.591807,45.651800],[85.591828,45.651907],[85.592194,45.652164],[85.591943,45.652393],[85.591601,45.652516],[85.590601,45.652554],[85.590122,45.652770],[85.590070,45.652934],[85.590376,45.653330],[85.590632,45.653467],[85.591315,45.653602],[85.591509,45.653964],[85.591597,45.654420],[85.598573,45.674787],[85.602715,45.687632],[85.605036,45.693723],[85.606565,45.698336],[85.610951,45.710015],[85.612308,45.713974],[85.613258,45.718980],[85.614121,45.722615],[85.616244,45.738141],[85.616817,45.742924],[85.617840,45.747004],[85.619031,45.752431],[85.619466,45.753655],[85.620548,45.758705],[85.621361,45.763049],[85.623848,45.764384],[85.626155,45.765851],[85.629469,45.767639],[85.635886,45.771674],[85.637292,45.772361],[85.640834,45.773736],[85.642495,45.775236],[85.642808,45.775641],[85.642632,45.776515],[85.642265,45.777329],[85.642255,45.777729],[85.642368,45.778015],[85.642924,45.778774],[85.643857,45.779254],[85.644430,45.779303],[85.645935,45.779875],[85.646768,45.780554],[85.647726,45.781510],[85.647936,45.782198],[85.647929,45.782507],[85.647769,45.782688],[85.647056,45.782988],[85.645335,45.783407],[85.643615,45.784261],[85.643342,45.784700],[85.643230,45.785826],[85.642984,45.786615],[85.642047,45.787246],[85.641690,45.787659],[85.641650,45.788351],[85.642287,45.789195],[85.648832,45.794134],[85.649649,45.794951],[85.651549,45.796334],[85.652594,45.796891],[85.653672,45.797623],[85.655407,45.799104],[85.656661,45.799751],[85.657648,45.800737],[85.659419,45.802252],[85.659857,45.802479],[85.661501,45.802543],[85.662173,45.802987],[85.662803,45.803688],[85.663275,45.803983],[85.663761,45.804156],[85.665216,45.804151],[85.665800,45.804259],[85.666376,45.804722],[85.666458,45.805295],[85.666654,45.805598],[85.666949,45.805765],[85.668292,45.805963],[85.669751,45.806534],[85.670061,45.806839],[85.670074,45.807027],[85.669786,45.807829],[85.669907,45.808006],[85.670174,45.808088],[85.671695,45.808084],[85.672698,45.807956],[85.673043,45.808035],[85.673557,45.808351],[85.673730,45.808354],[85.673892,45.808348],[85.674342,45.808045],[85.674952,45.807832],[85.675929,45.808033],[85.676270,45.808313],[85.676408,45.808544],[85.676281,45.809085],[85.676317,45.809595],[85.677272,45.809971],[85.678896,45.810415],[85.679789,45.810890],[85.681068,45.810974],[85.681353,45.811078],[85.681795,45.811615],[85.681852,45.812000],[85.682068,45.812224],[85.684363,45.812376],[85.684593,45.812525],[85.684845,45.812791],[85.684892,45.813301],[85.684326,45.813966],[85.684396,45.814309],[85.684708,45.814501],[85.686134,45.815217],[85.687856,45.815307],[85.688076,45.815410],[85.688288,45.815797],[85.688298,45.816127],[85.688468,45.816297],[85.689287,45.816353],[85.690339,45.816167],[85.690655,45.816225],[85.691009,45.816706],[85.691108,45.817041],[85.691094,45.817659],[85.691224,45.817736],[85.691668,45.817700],[85.692214,45.817386],[85.693105,45.817176],[85.693399,45.817389],[85.693518,45.817666],[85.693512,45.817946],[85.692901,45.818476],[85.692752,45.818675],[85.692779,45.818830],[85.693625,45.819237],[85.694201,45.819708],[85.694564,45.819813],[85.695479,45.819846],[85.695667,45.819995],[85.695708,45.820271],[85.694989,45.821055],[85.694953,45.821309],[85.695582,45.821551],[85.695675,45.821707],[85.695760,45.822138],[85.695559,45.822565],[85.695628,45.822909],[85.695912,45.823079],[85.697083,45.823182],[85.699151,45.822821],[85.699701,45.822854],[85.699888,45.823044],[85.699883,45.823253],[85.699552,45.823845],[85.699546,45.824087],[85.699701,45.824357],[85.700625,45.824774],[85.701167,45.825181],[85.701796,45.825398],[85.704072,45.825595],[85.704702,45.825812],[85.704754,45.826134],[85.703979,45.826763],[85.703835,45.827049],[85.703926,45.827225],[85.704712,45.827403],[85.705273,45.827740],[85.705686,45.827770],[85.706063,45.827742],[85.706848,45.827464],[85.707657,45.827428],[85.707762,45.827550],[85.707677,45.827850],[85.707340,45.828201],[85.706991,45.828789],[85.707081,45.829036],[85.707298,45.829202],[85.708200,45.829314],[85.708340,45.829462],[85.708292,45.829958],[85.708373,45.830088],[85.708863,45.830141],[85.709518,45.829740],[85.709934,45.829603],[85.710723,45.829676],[85.711101,45.829881],[85.711174,45.830082],[85.711091,45.830323],[85.710422,45.831046],[85.710460,45.831443],[85.710755,45.831643],[85.711559,45.831832],[85.712029,45.832214],[85.712905,45.832609],[85.713294,45.832869],[85.713506,45.833281],[85.713677,45.833404],[85.714023,45.833454],[85.714612,45.833349],[85.716369,45.833417],[85.716555,45.833649],[85.716502,45.833895],[85.715573,45.834213],[85.715218,45.834563],[85.715154,45.834750],[85.715211,45.834843],[85.715635,45.835026],[85.717916,45.835115],[85.718874,45.835335],[85.719422,45.835718],[85.719436,45.836403],[85.719734,45.836465],[85.721396,45.836486],[85.722460,45.836298],[85.723659,45.836434],[85.723667,45.836856],[85.722496,45.837601],[85.722101,45.838106],[85.722074,45.838778],[85.722564,45.839314],[85.723192,45.839589],[85.724271,45.839468],[85.726044,45.838872],[85.726738,45.838860],[85.726908,45.838991],[85.727015,45.839293],[85.726975,45.839489],[85.725282,45.841059],[85.725355,45.841281],[85.725652,45.841351],[85.726846,45.841191],[85.727287,45.841284],[85.727610,45.841521],[85.727944,45.841555],[85.728679,45.841355],[85.729517,45.841311],[85.729706,45.841434],[85.729825,45.841690],[85.729724,45.841923],[85.729158,45.842388],[85.729121,45.842696],[85.729262,45.842798],[85.729626,45.842823],[85.729988,45.842686],[85.731052,45.841939],[85.731958,45.841803],[85.732106,45.842135],[85.731946,45.843636],[85.732099,45.843993],[85.732329,45.844150],[85.733411,45.843920],[85.733679,45.843945],[85.733974,45.844115],[85.734195,45.844414],[85.734008,45.844755],[85.732866,45.845768],[85.732839,45.846189],[85.734333,45.846482],[85.734695,45.846620],[85.734911,45.846865],[85.734907,45.847019],[85.734648,45.847379],[85.733670,45.847777],[85.733653,45.847986],[85.733776,45.848087],[85.734656,45.848352],[85.734884,45.848810],[85.735116,45.848888],[85.735373,45.848891],[85.735549,45.848772],[85.736021,45.848268],[85.736323,45.848130],[85.736670,45.848113],[85.736908,45.848157],[85.737496,45.848607],[85.739238,45.848527],[85.740742,45.849141],[85.741806,45.849717],[85.742208,45.850144],[85.742265,45.850541],[85.742135,45.850761],[85.741276,45.851477],[85.741316,45.851812],[85.741570,45.851936],[85.742059,45.851975],[85.742601,45.851826],[85.743752,45.851927],[85.743987,45.851863],[85.744279,45.851612],[85.745014,45.851357],[85.745958,45.851376],[85.746308,45.851514],[85.746507,45.851704],[85.746520,45.851904],[85.746000,45.852449],[85.746026,45.852604],[85.746292,45.852728],[85.746850,45.852660],[85.747589,45.852764],[85.747698,45.852945],[85.747610,45.853916],[85.747722,45.854026],[85.748883,45.854461],[85.749376,45.854884],[85.749371,45.855084],[85.749033,45.855489],[85.749077,45.855665],[85.750781,45.855651],[85.751208,45.855789],[85.751483,45.856055],[85.751522,45.856431],[85.751354,45.857018],[85.751409,45.857228],[85.751550,45.857329],[85.752687,45.857268],[85.752979,45.857003],[85.754552,45.856135],[85.755116,45.856049],[85.755433,45.856278],[85.755425,45.856654],[85.755226,45.857002],[85.754423,45.857611],[85.754356,45.857945],[85.754532,45.858097],[85.755794,45.858294],[85.755968,45.859089],[85.755728,45.860189],[85.755998,45.860417],[85.756417,45.860423],[85.757595,45.860076],[85.758346,45.860194],[85.758940,45.860825],[85.759178,45.861422],[85.758914,45.862012],[85.757632,45.862749],[85.757329,45.863456],[85.757573,45.863767],[85.757859,45.863812],[85.758267,45.863708],[85.760193,45.862585],[85.760634,45.862589],[85.761821,45.863462],[85.762533,45.863670],[85.763260,45.863744],[85.763724,45.864342],[85.763899,45.865095],[85.764523,45.865544],[85.764481,45.865761],[85.763735,45.866597],[85.763825,45.866865],[85.764168,45.866952],[85.765500,45.866682],[85.766169,45.866689],[85.766394,45.866775],[85.765386,45.868067],[85.765751,45.868271],[85.766858,45.868458],[85.767036,45.869061],[85.767533,45.869241],[85.769099,45.868639],[85.769446,45.868685],[85.769440,45.868885],[85.769042,45.869674],[85.768974,45.870033],[85.769157,45.870360],[85.769522,45.870589],[85.770034,45.870678],[85.772885,45.870264],[85.773325,45.870319],[85.773656,45.871074],[85.773936,45.871335],[85.774242,45.871497],[85.775101,45.871530],[85.775345,45.871858],[85.775183,45.872166],[85.774467,45.872693],[85.774377,45.872960],[85.774460,45.873069],[85.774874,45.873182],[85.775725,45.873082],[85.777155,45.872611],[85.777598,45.872591],[85.777917,45.872753],[85.777874,45.873061],[85.776083,45.874121],[85.776080,45.874279],[85.777014,45.874681],[85.777389,45.875044],[85.777718,45.875798],[85.778000,45.875993],[85.779617,45.875792],[85.780605,45.875317],[85.780952,45.875337],[85.781105,45.875431],[85.780942,45.875780],[85.779606,45.876276],[85.779597,45.876677],[85.779976,45.876856],[85.780357,45.876835],[85.780986,45.876515],[85.782252,45.876435],[85.782532,45.876789],[85.782791,45.878035],[85.783062,45.878673],[85.783496,45.879036],[85.784030,45.879191],[85.785212,45.879737],[85.785431,45.880065],[85.785516,45.880533],[85.786048,45.880822],[85.787310,45.880926],[85.788005,45.880841],[85.791054,45.880009],[85.791742,45.880216],[85.791828,45.880593],[85.791727,45.880834],[85.790442,45.881791],[85.790314,45.882215],[85.790389,45.882633],[85.790703,45.882945],[85.791297,45.883059],[85.792094,45.882649],[85.793168,45.882634],[85.794321,45.883421],[85.795417,45.884024],[85.796395,45.884017],[85.797186,45.883849],[85.797686,45.883962],[85.798283,45.884476],[85.798319,45.885512],[85.798429,45.885997],[85.798706,45.886417],[85.799514,45.887093],[85.799787,45.887755],[85.800125,45.888134],[85.800467,45.888270],[85.801696,45.888281],[85.801979,45.888443],[85.802013,45.888551],[85.801656,45.889033],[85.801613,45.889408],[85.801798,45.889652],[85.802292,45.889923],[85.803175,45.889973],[85.804441,45.889876],[85.804591,45.890161],[85.804618,45.890537],[85.804839,45.890806],[85.805551,45.891013],[85.805889,45.891350],[85.806009,45.891877],[85.805784,45.892359],[85.805837,45.892694],[85.807429,45.893501],[85.808461,45.893802],[85.808933,45.894049],[85.809858,45.894850],[85.810521,45.895098],[85.813021,45.894744],[85.813617,45.894749],[85.813924,45.894927],[85.814204,45.895197],[85.814140,45.895397],[85.813277,45.896182],[85.813319,45.896959],[85.814537,45.897479],[85.815918,45.897600],[85.816235,45.897861],[85.816346,45.898221],[85.815703,45.899318],[85.815313,45.899715],[85.815426,45.900000],[85.815685,45.900136],[85.816663,45.900103],[85.818198,45.900333],[85.821633,45.902041],[85.821972,45.902378],[85.821872,45.902594],[85.820615,45.902809],[85.820095,45.903138],[85.820160,45.903448],[85.821533,45.903944],[85.823105,45.904066],[85.823351,45.904285],[85.823571,45.904579],[85.823529,45.904862],[85.823111,45.905477],[85.822806,45.906359],[85.823048,45.906762],[85.823713,45.906918],[85.824118,45.906921],[85.824718,45.906751],[85.825613,45.906717],[85.826555,45.906725],[85.827781,45.906869],[85.828063,45.907088],[85.828004,45.908173],[85.828286,45.908376],[85.829792,45.908740],[85.830770,45.908790],[85.831645,45.909173],[85.832407,45.909246],[85.832653,45.909423],[85.833266,45.910364],[85.833955,45.910478],[85.834616,45.910834],[85.834610,45.911101],[85.834371,45.911717],[85.834386,45.912711],[85.834840,45.913182],[85.835809,45.913675],[85.836313,45.914122],[85.836705,45.914743],[85.837171,45.915273],[85.837316,45.915783],[85.837020,45.916265],[85.836477,45.918248],[85.837005,45.918678],[85.838918,45.919045],[85.839296,45.919223],[85.839444,45.919558],[85.839417,45.919733],[85.838701,45.920320],[85.838532,45.920962],[85.838559,45.921405],[85.838992,45.921826],[85.839719,45.921857],[85.844881,45.920881],[85.848151,45.921460],[85.848613,45.922199],[85.849906,45.923712],[85.850433,45.924134],[85.850813,45.924271],[85.851184,45.924232],[85.851606,45.924052],[85.852106,45.924081],[85.852136,45.924391],[85.851825,45.925557],[85.852044,45.925918],[85.852448,45.926005],[85.852831,45.925991],[85.853974,45.925533],[85.855098,45.924833],[85.856171,45.924341],[85.857166,45.924082],[85.858592,45.923852],[85.860759,45.924088],[85.862513,45.924704],[85.864471,45.924696],[85.865959,45.924926],[85.866837,45.925200],[85.867237,45.925513],[85.867743,45.927020],[85.868023,45.927373],[85.868960,45.927690],[85.869491,45.928004],[85.869650,45.928364],[85.869699,45.928916],[85.869103,45.930063],[85.868712,45.930452],[85.868707,45.930719],[85.868932,45.930829],[85.870759,45.930828],[85.871175,45.930941],[85.871361,45.931184],[85.870825,45.932282],[85.870376,45.932654],[85.870406,45.932896],[85.870655,45.933007],[85.873880,45.933018],[85.875296,45.933273],[85.875765,45.933694],[85.875971,45.934180],[85.876344,45.934610],[85.877700,45.934930],[85.879694,45.934990],[85.881448,45.935715],[85.881532,45.936284],[85.880703,45.936527],[85.880602,45.936785],[85.880656,45.937052],[85.880878,45.937322],[85.880870,45.937714],[85.880729,45.938180],[85.880341,45.938444],[85.879932,45.938591],[85.879674,45.938947],[85.879814,45.939700],[85.881168,45.940105],[85.883255,45.939748],[85.884089,45.939271],[85.885400,45.938907],[85.886214,45.938806],[85.886882,45.938895],[85.887352,45.939300],[85.887688,45.939854],[85.888394,45.941030],[85.888571,45.941699],[85.888369,45.942249],[85.887811,45.943279],[85.886570,45.943735],[85.885772,45.943569],[85.884360,45.943047],[85.883037,45.942885],[85.881554,45.942939],[85.879542,45.943739],[85.878029,45.945295],[85.877678,45.945484],[85.875816,45.945401],[85.875298,45.945580],[85.875042,45.945837],[85.875038,45.946062],[85.876426,45.947711],[85.876764,45.948173],[85.876853,45.948483],[85.876787,45.948791],[85.875288,45.949621],[85.875283,45.949888],[85.875490,45.950266],[85.875866,45.950620],[85.876806,45.950829],[85.878668,45.950912],[85.879274,45.951109],[85.879387,45.951444],[85.879411,45.952021],[85.879808,45.952483],[85.880276,45.952955],[85.881120,45.953188],[85.882171,45.953239],[85.882730,45.953378],[85.883842,45.953405],[85.884290,45.953100],[85.886076,45.952297],[85.886618,45.952110],[85.887285,45.952200],[85.887587,45.952670],[85.886523,45.953830],[85.886577,45.954139],[85.886898,45.954234],[85.888285,45.954221],[85.889163,45.954605],[85.890588,45.954510],[85.891472,45.954559],[85.891943,45.954898],[85.892586,45.955672],[85.892904,45.955900],[85.893979,45.956019],[85.895021,45.955937],[85.895495,45.956141],[85.895737,45.956611],[85.895630,45.957203],[85.895163,45.958418],[85.895601,45.958639],[85.895985,45.958601],[85.897130,45.958169],[85.900917,45.957278],[85.902975,45.957339],[85.903377,45.957569],[85.904236,45.958946],[85.903907,45.959820],[85.903576,45.960259],[85.901386,45.960798],[85.899058,45.961719],[85.898282,45.962263],[85.897353,45.963248],[85.897047,45.964155],[85.897291,45.964533],[85.898117,45.964516],[85.899323,45.964085],[85.902532,45.963414],[85.907337,45.962575],[85.908997,45.962191],[85.910351,45.962162],[85.911116,45.962262],[85.911362,45.962548],[85.911308,45.963432],[85.910607,45.963776],[85.909899,45.964454],[85.909307,45.965308],[85.909709,45.966197],[85.910608,45.966782],[85.911651,45.967318],[85.913685,45.966854],[85.914954,45.966917],[85.916243,45.967172],[85.917956,45.967189],[85.918373,45.967277],[85.918776,45.967507],[85.919171,45.968471],[85.919375,45.969387],[85.919612,45.969523],[85.919971,45.969527],[85.920646,45.969379],[85.926581,45.967453],[85.928206,45.967136],[85.929141,45.966528],[85.930014,45.965385],[85.930562,45.964974],[85.931070,45.964762],[85.932252,45.964399],[85.933780,45.964173],[85.935829,45.963635],[85.940102,45.962295],[85.940510,45.962300],[85.940865,45.962571],[85.943159,45.963715],[85.943905,45.964257],[85.943991,45.964768],[85.943621,45.965933],[85.942939,45.967077],[85.941644,45.968257],[85.941122,45.968577],[85.939378,45.968800],[85.938796,45.969128],[85.938320,45.969524],[85.938175,45.970223],[85.938038,45.970447],[85.937374,45.970682],[85.936071,45.972305],[85.933704,45.973098],[85.932487,45.973986],[85.931922,45.975308],[85.932307,45.976506],[85.933207,45.977710],[85.936404,45.979973],[85.939606,45.981928],[85.939908,45.982458],[85.939762,45.983207],[85.938262,45.986949],[85.937940,45.987454],[85.937515,45.987734],[85.937044,45.987846],[85.936717,45.988034],[85.935745,45.989268],[85.935898,45.991273],[85.936300,45.991586],[85.937221,45.991797],[85.938330,45.992184],[85.939468,45.992289],[85.941369,45.992702],[85.942276,45.993004],[85.943156,45.993431],[85.946220,45.995218],[85.949251,45.997565],[85.951829,45.999097],[85.954629,46.001292],[85.954572,46.001842],[85.953434,46.004183],[85.952155,46.006373],[85.952039,46.007416],[85.952021,46.009603],[85.952203,46.013980],[85.952083,46.018371],[85.952169,46.018948],[85.952694,46.019747],[85.955592,46.022894],[85.960603,46.028787],[85.961183,46.029938],[85.961456,46.030759],[85.961583,46.032306],[85.961561,46.033524],[85.962103,46.038565],[85.962491,46.044799],[85.964009,46.045325],[85.966541,46.046373],[85.973524,46.049460],[85.985687,46.054479],[85.986665,46.055000],[85.988283,46.055462],[86.002288,46.058699],[86.004789,46.059147],[86.005770,46.059517],[86.010262,46.061641],[86.013931,46.063161],[86.016021,46.064188],[86.024301,46.067948],[86.024510,46.068392],[86.024289,46.070001],[86.022811,46.072498],[86.019954,46.074060],[86.016426,46.076625],[86.014609,46.078549],[86.013748,46.080125],[86.013017,46.081954],[86.011924,46.086408],[86.011520,46.087464],[86.011306,46.088631],[86.010502,46.090449],[86.009489,46.091857],[86.006574,46.094725],[86.003419,46.097238],[86.002943,46.097963],[86.002722,46.098867],[86.002846,46.099666],[86.004132,46.100787],[86.004795,46.101497],[86.005155,46.102236],[86.004890,46.103288],[86.004232,46.104300],[86.003548,46.105072],[86.002356,46.106056],[86.000671,46.106925],[85.999572,46.107623],[85.998567,46.108563],[85.998438,46.110331],[85.997772,46.112502],[85.996813,46.114111],[85.995786,46.116219],[85.993150,46.123896],[85.992572,46.124482],[85.990004,46.126471],[85.979606,46.133229],[85.955583,46.149150],[85.932525,46.163944],[85.926932,46.167917],[85.922256,46.170884],[85.909065,46.179001],[85.905907,46.181238],[85.905342,46.181541],[85.902921,46.181839],[85.898403,46.182168],[85.892298,46.182257],[85.887940,46.182460],[85.884824,46.182464],[85.879360,46.182657],[85.873784,46.183581],[85.868340,46.184285],[85.863022,46.185100],[85.862753,46.185064],[85.862522,46.184920],[85.860274,46.183122],[85.859208,46.182483],[85.858347,46.181758],[85.856673,46.180662],[85.855212,46.180019],[85.854519,46.179871],[85.853692,46.179898],[85.852993,46.180067],[85.851324,46.180187],[85.850067,46.180398],[85.846746,46.181242],[85.845543,46.182017],[85.844119,46.181905],[85.843509,46.182130],[85.842205,46.182286],[85.841909,46.182129],[85.841586,46.181805],[85.841218,46.181029],[85.840802,46.180575],[85.839542,46.180076],[85.839112,46.179997],[85.838609,46.180014],[85.837915,46.180484],[85.837518,46.180556],[85.836218,46.180536],[85.833291,46.180950],[85.830131,46.181278],[85.828417,46.181285],[85.827851,46.181159],[85.826593,46.180551],[85.825908,46.180612],[85.824920,46.180879],[85.823747,46.180794],[85.823038,46.180049],[85.822105,46.179653],[85.817634,46.179636],[85.817037,46.179530],[85.814658,46.178132],[85.814168,46.178040],[85.813860,46.178146],[85.809281,46.183154],[85.806874,46.186072],[85.806611,46.186278],[85.804527,46.187287],[85.798150,46.190123],[85.793030,46.192230],[85.792143,46.192731],[85.791455,46.192892],[85.783818,46.192840],[85.764816,46.193001],[85.752604,46.192935],[85.741937,46.192673],[85.716814,46.192893],[85.713002,46.193121],[85.711919,46.193095],[85.706253,46.192163],[85.705043,46.192113],[85.704482,46.192139],[85.701176,46.193104],[85.698065,46.193158],[85.696236,46.193025],[85.694054,46.192266],[85.692632,46.192247],[85.688646,46.191813],[85.683151,46.191216],[85.680261,46.190814],[85.679874,46.190841],[85.677226,46.192188],[85.671311,46.194712],[85.662781,46.198651],[85.660750,46.199354],[85.660119,46.199763],[85.660015,46.200096],[85.660058,46.200292],[85.660442,46.200874],[85.660426,46.201041],[85.660042,46.201707],[85.658826,46.201867],[85.656766,46.202523],[85.655670,46.202973],[85.654225,46.204125],[85.653121,46.205392],[85.652367,46.206882],[85.651557,46.208177],[85.651249,46.208946],[85.651152,46.209708],[85.650783,46.210517],[85.650468,46.210814],[85.648288,46.211946],[85.647172,46.211972],[85.646251,46.211651],[85.645862,46.211302],[85.644061,46.210782],[85.640992,46.210324],[85.639991,46.210097],[85.636782,46.209745],[85.632306,46.209443],[85.631047,46.209447],[85.630667,46.209455],[85.630248,46.209591],[85.629539,46.209991],[85.627727,46.210464],[85.624170,46.211061],[85.620231,46.211319],[85.619714,46.211541],[85.619209,46.211978],[85.618663,46.212158],[85.614965,46.212199],[85.614648,46.212119],[85.613709,46.211644],[85.608913,46.211120],[85.607837,46.210852],[85.607524,46.210626],[85.606646,46.208692],[85.606070,46.208145],[85.605403,46.207673],[85.604032,46.206905],[85.603010,46.206437],[85.602490,46.206309],[85.601903,46.206203],[85.601439,46.206229],[85.600074,46.206922],[85.599432,46.207136],[85.597636,46.207055],[85.594562,46.207106],[85.593531,46.207007],[85.592868,46.206810],[85.591761,46.205936],[85.590757,46.205945],[85.588520,46.205764],[85.588017,46.205683],[85.587309,46.205407],[85.586529,46.205345],[85.584129,46.205470],[85.583668,46.205398],[85.583139,46.204942],[85.582989,46.204471],[85.582925,46.202750],[85.582866,46.202509],[85.582667,46.202292],[85.581663,46.201871],[85.580252,46.201605],[85.577428,46.200257],[85.576578,46.199938],[85.574269,46.199612],[85.573440,46.199635],[85.572825,46.199507],[85.571643,46.199019],[85.570904,46.198822],[85.570219,46.198405],[85.569369,46.198066],[85.567914,46.197740],[85.567171,46.197698],[85.565769,46.197858],[85.564332,46.198210],[85.562582,46.198366],[85.561477,46.198187],[85.558096,46.198117],[85.557528,46.198035],[85.553373,46.196213],[85.551501,46.195575],[85.549304,46.195229],[85.548410,46.194798],[85.547120,46.194387],[85.545966,46.193857],[85.542751,46.191925],[85.540017,46.189717],[85.538702,46.189130],[85.536870,46.188870],[85.534510,46.188888],[85.532994,46.188675],[85.531844,46.188229],[85.530666,46.187269],[85.529212,46.185409],[85.527007,46.184338],[85.526013,46.183685],[85.524371,46.182842],[85.521605,46.181929],[85.520358,46.181782],[85.519227,46.181528],[85.517579,46.181370],[85.514560,46.180567],[85.510688,46.179213],[85.507253,46.177850],[85.506350,46.177390],[85.505453,46.176032],[85.504831,46.174887],[85.504569,46.174620],[85.504100,46.174494],[85.502493,46.174475],[85.501735,46.174285],[85.501179,46.173803],[85.499228,46.172936],[85.498609,46.172387],[85.497778,46.171439],[85.497572,46.171329],[85.495673,46.170720],[85.495238,46.170453],[85.494047,46.170011],[85.492567,46.169640],[85.490412,46.168557],[85.490170,46.167980],[85.488641,46.167445],[85.487678,46.167206],[85.483481,46.167271],[85.482991,46.167220],[85.482220,46.166949],[85.481995,46.166670],[85.481714,46.165761],[85.481564,46.164908],[85.481368,46.164644],[85.480776,46.164194],[85.480582,46.163825],[85.480683,46.163650],[85.482161,46.163436],[85.482522,46.163148],[85.482558,46.162706],[85.482325,46.162043],[85.481964,46.161885],[85.481351,46.161778],[85.480015,46.162032],[85.479621,46.162007],[85.474997,46.160133],[85.473490,46.159640],[85.470263,46.158370],[85.467360,46.157445],[85.461619,46.155878],[85.459148,46.155374],[85.457256,46.154271],[85.455352,46.153794],[85.453903,46.153548],[85.452036,46.152817],[85.451083,46.152840],[85.449834,46.153368],[85.449082,46.153458],[85.448239,46.153173],[85.447575,46.152480],[85.446633,46.152093],[85.445952,46.152019],[85.444662,46.151635],[85.441763,46.151560],[85.441197,46.151452],[85.439854,46.150575],[85.437993,46.150231],[85.437294,46.149713],[85.435830,46.148280],[85.433416,46.146672],[85.433021,46.146015],[85.432997,46.145163],[85.433294,46.144220],[85.434080,46.142740],[85.434159,46.141622],[85.435908,46.140428],[85.436472,46.139555],[85.436466,46.139153],[85.436131,46.138685],[85.434194,46.136995],[85.433544,46.136035],[85.433361,46.135094],[85.433132,46.134694],[85.432152,46.133522],[85.431261,46.131944],[85.431019,46.131621],[85.430812,46.131497],[85.430021,46.131474],[85.428919,46.131574],[85.427083,46.131860],[85.426253,46.131445],[85.422960,46.131204],[85.419386,46.128108],[85.416709,46.127865],[85.414879,46.128749],[85.414468,46.128753],[85.413651,46.128760],[85.412408,46.128491],[85.411798,46.128788],[85.410853,46.131806],[85.408641,46.133692],[85.406611,46.134437],[85.406247,46.134443],[85.405774,46.134720],[85.402324,46.136236],[85.398798,46.136186],[85.397561,46.136544],[85.394876,46.137699],[85.394722,46.138052],[85.394884,46.138882],[85.394987,46.140298],[85.394693,46.140678],[85.394381,46.140861],[85.391402,46.142199],[85.390818,46.142621],[85.390332,46.143219],[85.390020,46.144433],[85.389912,46.145643],[85.389521,46.146280],[85.388307,46.146245],[85.385659,46.145454],[85.384207,46.144898],[85.382487,46.144055],[85.380092,46.143605],[85.377789,46.144252],[85.363059,46.147772],[85.347789,46.151552],[85.343242,46.152096],[85.338034,46.151355],[85.335696,46.151541],[85.333766,46.153026],[85.333132,46.154992],[85.331957,46.155856],[85.330437,46.156265],[85.328197,46.156573],[85.324778,46.157374],[85.323309,46.158864],[85.321971,46.159192],[85.319492,46.158936],[85.319071,46.158649],[85.316814,46.159106],[85.313723,46.159137],[85.312705,46.159722],[85.312108,46.160728],[85.310670,46.160597],[85.309201,46.159898],[85.308176,46.160053],[85.307373,46.160776],[85.307632,46.163065],[85.307029,46.163496],[85.304566,46.164093],[85.303143,46.164970],[85.298799,46.164304],[85.296328,46.164616],[85.296780,46.166044],[85.297200,46.166321],[85.296627,46.168190],[85.293790,46.170078],[85.293216,46.171940],[85.292811,46.172230],[85.290135,46.172402],[85.287864,46.172150],[85.287253,46.172436],[85.287520,46.175004],[85.287329,46.175442],[85.286106,46.176168],[85.281971,46.175499],[85.278677,46.175823],[85.277462,46.176550],[85.277065,46.177129],[85.276690,46.178850],[85.275468,46.179433],[85.270739,46.179627],[85.269583,46.179889],[85.268073,46.180232],[85.264828,46.182278],[85.261949,46.182304],[85.261330,46.182169],[85.259857,46.181192],[85.257795,46.181070],[85.256162,46.181523],[85.252910,46.183271],[85.249622,46.183455],[85.245486,46.182654],[85.242404,46.182689],[85.240970,46.182991],[85.238942,46.184310],[85.231584,46.185971],[85.229320,46.186002],[85.227478,46.184494],[85.224551,46.184955],[85.220511,46.185952],[85.215623,46.187157],[85.214357,46.187583],[85.209686,46.189151],[85.205016,46.190725],[85.201655,46.191950],[85.197055,46.193624],[85.196579,46.193759],[85.191771,46.195120],[85.186965,46.196484],[85.182158,46.197842],[85.178720,46.198178],[85.173585,46.198687],[85.171446,46.198934],[85.166328,46.199537],[85.166190,46.199533],[85.161011,46.199539],[85.155822,46.199542],[85.156775,46.199685],[85.151743,46.199862],[85.146562,46.200049],[85.143521,46.199936],[85.138339,46.199744],[85.137463,46.200132],[85.133086,46.202064],[85.128691,46.203994],[85.127755,46.204179],[85.122769,46.205173],[85.117773,46.206169],[85.116836,46.206257],[85.111690,46.206724],[85.106526,46.207195],[85.103965,46.207629],[85.098911,46.208484],[85.096288,46.209007],[85.091284,46.209996],[85.087721,46.210675],[85.082697,46.211625],[85.077680,46.212581],[85.077480,46.212645],[85.072748,46.214150],[85.068024,46.215658],[85.066762,46.216341],[85.062662,46.218560],[85.062419,46.218695],[85.058362,46.220956],[85.054313,46.223214],[85.050254,46.225475],[85.048991,46.226157],[85.044888,46.228375],[85.041394,46.230918],[85.037813,46.233530],[85.036313,46.235136],[85.033489,46.238171],[85.030674,46.241192],[85.029332,46.242277],[85.025924,46.245003],[85.024023,46.245787],[85.019559,46.247654],[85.017048,46.249508],[85.013481,46.252131],[85.009748,46.253878],[85.005431,46.255900],[85.003792,46.256632],[84.999414,46.258585],[84.995036,46.260542],[84.994914,46.260607],[84.990771,46.262794],[84.986629,46.264986],[84.986062,46.265367],[84.982304,46.267860],[84.978538,46.270349],[84.978050,46.270612],[84.973927,46.272818],[84.969803,46.275016],[84.969411,46.275349],[84.966057,46.278101],[84.962702,46.280857],[84.961012,46.282450],[84.957945,46.285359],[84.956726,46.286632],[84.953860,46.289642],[84.951596,46.292037],[84.948749,46.295056],[84.947478,46.296980],[84.945310,46.300257],[84.943804,46.301197],[84.939922,46.303611],[84.937251,46.306115],[84.934153,46.309014],[84.933327,46.309859],[84.930413,46.312846],[84.927882,46.314444],[84.924030,46.316871],[84.923126,46.317565],[84.919607,46.320227],[84.917765,46.322873],[84.915497,46.326114],[84.914959,46.327224],[84.913299,46.330639],[84.911659,46.334064],[84.911355,46.336173],[84.910843,46.339762],[84.909888,46.341992],[84.908385,46.345442],[84.907343,46.347122],[84.905252,46.350473],[84.902708,46.353620],[84.900165,46.356766],[84.899948,46.358923],[84.899610,46.362521],[84.899264,46.366124],[84.899307,46.367092],[84.899481,46.370694],[84.900054,46.372877],[84.900992,46.376431],[84.901045,46.377620],[84.901202,46.381224],[84.901550,46.382708],[84.902401,46.386267],[84.902453,46.387296],[84.902653,46.390898],[84.902845,46.394505],[84.902620,46.395782],[84.901960,46.399363],[84.901318,46.402939],[84.899765,46.406099],[84.898099,46.409515],[84.896424,46.412932],[84.894568,46.414096],[84.890707,46.416519],[84.889310,46.419246],[84.887567,46.422651],[84.885704,46.425252],[84.883380,46.428483],[84.881056,46.431810],[84.880961,46.435413],[84.880866,46.439020],[84.881197,46.441385],[84.881700,46.444970],[84.881648,46.445761],[84.881414,46.449364],[84.881172,46.452962],[84.880062,46.454496],[84.877731,46.457723],[84.878121,46.459429],[84.878928,46.462992],[84.880871,46.465391],[84.883420,46.468531],[84.884418,46.469768],[84.886951,46.472917],[84.887601,46.473702],[84.890171,46.476839],[84.890613,46.478996],[84.891342,46.482568],[84.891412,46.482855],[84.892211,46.486418],[84.893018,46.489982],[84.893818,46.493545],[84.891996,46.496121],[84.889697,46.499356],[84.887528,46.502374],[84.885213,46.505610],[84.882924,46.507187],[84.879239,46.509739],[84.876153,46.511031],[84.871689,46.512900],[84.870164,46.513279],[84.865259,46.514493],[84.863145,46.515195],[84.858442,46.516760],[84.858303,46.516908],[84.855471,46.519938],[84.852639,46.522969],[84.849755,46.525001],[84.846101,46.527577],[84.842438,46.530154],[84.837841,46.531817],[84.833226,46.533484],[84.828827,46.535246],[84.824307,46.537052],[84.821424,46.538659],[84.817363,46.540919],[84.816238,46.543765],[84.814862,46.547249],[84.814689,46.547275],[84.809571,46.547983],[84.804461,46.548695],[84.803898,46.548821],[84.798943,46.549936],[84.793978,46.551051],[84.789342,46.552116],[84.784385,46.553255],[84.779435,46.554389],[84.777146,46.555720],[84.773159,46.558050],[84.772152,46.558667],[84.768257,46.561070],[84.767434,46.561426],[84.763018,46.563351],[84.758593,46.565276],[84.757846,46.565845],[84.754314,46.568506],[84.750789,46.571164],[84.749366,46.572145],[84.745667,46.574692],[84.741967,46.577239],[84.740873,46.577990],[84.737180,46.580541],[84.733488,46.583091],[84.730124,46.585050],[84.726136,46.587378],[84.724718,46.588427],[84.721163,46.591067],[84.719667,46.592390],[84.716476,46.595239],[84.714510,46.596591],[84.710814,46.599134],[84.708874,46.601536],[84.706343,46.604684],[84.703716,46.607619],[84.700984,46.610689],[84.698235,46.613753],[84.695659,46.616840],[84.693040,46.619957],[84.692048,46.621749],[84.690186,46.625114],[84.688316,46.628476],[84.688159,46.629101],[84.687245,46.632646],[84.686332,46.636192],[84.687002,46.639471],[84.687725,46.643037],[84.688458,46.646612],[84.689067,46.647871],[84.690730,46.651292],[84.691670,46.652566],[84.694029,46.655792],[84.694325,46.656152],[84.696901,46.659296],[84.699477,46.662439],[84.700818,46.663775],[84.703794,46.666749],[84.704813,46.667593],[84.708163,46.670372],[84.709807,46.671495],[84.713539,46.674036],[84.715061,46.675453],[84.718184,46.678354],[84.718462,46.678788],[84.720524,46.682104],[84.722593,46.685419],[84.723298,46.687660],[84.724395,46.691191],[84.725491,46.694709],[84.725743,46.696537],[84.726247,46.700124],[84.726743,46.703711],[84.726109,46.706299],[84.725232,46.709845],[84.725432,46.712460],[84.725711,46.716060],[84.725841,46.716372],[84.727311,46.719834],[84.728780,46.723296],[84.728867,46.723453],[84.730877,46.726789],[84.732885,46.730116],[84.733537,46.730929],[84.736092,46.734079],[84.738629,46.737233],[84.738872,46.737412],[84.742356,46.740105],[84.745849,46.742794],[84.749444,46.745322],[84.753109,46.747897],[84.756816,46.750164],[84.760731,46.752560],[84.761226,46.753636],[84.762814,46.757071],[84.764402,46.760500],[84.764473,46.761960],[84.764647,46.765560],[84.764586,46.766372],[84.764283,46.769967],[84.763988,46.773567],[84.764049,46.776159],[84.764146,46.779767],[84.764119,46.779902],[84.763494,46.783476],[84.762871,46.787058],[84.762654,46.787910],[84.762288,46.789365],[84.762300,46.790082],[84.761476,46.790948],[84.761927,46.792802],[84.761317,46.794095],[84.762377,46.794944],[84.767190,46.797196],[84.769896,46.797598],[84.772396,46.797582],[84.775536,46.798172],[84.781155,46.800118],[84.789512,46.802435],[84.792429,46.803118],[84.799716,46.804337],[84.801376,46.804466],[84.803264,46.805588],[84.803691,46.806163],[84.808328,46.810404],[84.813353,46.812931],[84.820020,46.814297],[84.821276,46.815282],[84.821504,46.816420],[84.819678,46.818729],[84.819701,46.820160],[84.820766,46.823456],[84.821650,46.825432],[84.820977,46.826416],[84.820725,46.826506],[84.820656,46.826664],[84.822050,46.832166],[84.828378,46.832553],[84.830443,46.832828],[84.832617,46.833261],[84.834206,46.833887],[84.835072,46.834591],[84.836130,46.835460],[84.836467,46.836195],[84.836596,46.837038],[84.836485,46.837765],[84.836579,46.838467],[84.836959,46.839175],[84.837277,46.840357],[84.837866,46.841937],[84.838174,46.842391],[84.839150,46.843417],[84.841084,46.844992],[84.842798,46.845947],[84.844119,46.846530],[84.845255,46.846634],[84.848353,46.846603],[84.852002,46.846022],[84.853263,46.846071],[84.856093,46.846625],[84.858080,46.846663],[84.859605,46.846860],[84.861775,46.847301],[84.862994,46.847803],[84.868031,46.850433],[84.871797,46.851569],[84.873452,46.852499],[84.876104,46.853352],[84.878343,46.854942],[84.879403,46.855503],[84.880945,46.855903],[84.884447,46.855810],[84.886333,46.855471],[84.887425,46.855274],[84.891116,46.853852],[84.893172,46.853812],[84.895246,46.853322],[84.895924,46.853319],[84.897474,46.853533],[84.900883,46.853596],[84.903509,46.853752],[84.905778,46.853515],[84.907212,46.853263],[84.908662,46.853181],[84.910921,46.852634],[84.913900,46.851605],[84.915542,46.851248],[84.916610,46.851129],[84.917537,46.851131],[84.918549,46.851274],[84.921871,46.852531],[84.923360,46.852844],[84.924648,46.852884],[84.925715,46.852812],[84.928723,46.852281],[84.930391,46.852452],[84.933853,46.853078],[84.934545,46.853339],[84.935999,46.854406],[84.938110,46.856618],[84.938469,46.857308],[84.938763,46.858476],[84.939076,46.859180],[84.939510,46.859685],[84.940624,46.860172],[84.943604,46.861920|84.795312,46.972533],[84.810272,46.968792],[84.822742,46.967024],[84.829011,46.966136],[84.849394,46.956940],[84.850909,46.950750],[84.859059,46.936879],[84.866942,46.927531],[84.883690,46.916913],[84.900625,46.903286],[84.914633,46.889593],[84.929915,46.869272],[84.934473,46.863985],[84.940460,46.862148],[84.943604,46.861920],[84.940624,46.860172],[84.939510,46.859685],[84.939076,46.859180],[84.938763,46.858476],[84.938469,46.857308],[84.938110,46.856618],[84.935999,46.854406],[84.934545,46.853339],[84.933853,46.853078],[84.930391,46.852452],[84.928723,46.852281],[84.925715,46.852812],[84.924648,46.852884],[84.923360,46.852844],[84.921871,46.852531],[84.918549,46.851274],[84.917537,46.851131],[84.916610,46.851129],[84.915542,46.851248],[84.913900,46.851605],[84.910921,46.852634],[84.908662,46.853181],[84.907212,46.853263],[84.905778,46.853515],[84.903509,46.853752],[84.900883,46.853596],[84.897474,46.853533],[84.895924,46.853319],[84.895246,46.853322],[84.893172,46.853812],[84.891116,46.853852],[84.887425,46.855274],[84.886333,46.855471],[84.884447,46.855810],[84.880945,46.855903],[84.879403,46.855503],[84.878343,46.854942],[84.876104,46.853352],[84.873452,46.852499],[84.871797,46.851569],[84.868031,46.850433],[84.862994,46.847803],[84.861775,46.847301],[84.859605,46.846860],[84.858080,46.846663],[84.856093,46.846625],[84.853263,46.846071],[84.852002,46.846022],[84.848353,46.846603],[84.845255,46.846634],[84.844119,46.846530],[84.842798,46.845947],[84.841084,46.844992],[84.839150,46.843417],[84.838174,46.842391],[84.837866,46.841937],[84.837277,46.840357],[84.836959,46.839175],[84.836579,46.838467],[84.836485,46.837765],[84.836596,46.837038],[84.836467,46.836195],[84.836130,46.835460],[84.835072,46.834591],[84.834206,46.833887],[84.832617,46.833261],[84.830443,46.832828],[84.828378,46.832553],[84.822050,46.832166],[84.820656,46.826664],[84.820725,46.826506],[84.820977,46.826416],[84.821650,46.825432],[84.820766,46.823456],[84.819701,46.820160],[84.819678,46.818729],[84.821504,46.816420],[84.821276,46.815282],[84.820020,46.814297],[84.813353,46.812931],[84.808328,46.810404],[84.803691,46.806163],[84.803264,46.805588],[84.801376,46.804466],[84.799716,46.804337],[84.792429,46.803118],[84.789512,46.802435],[84.781155,46.800118],[84.775536,46.798172],[84.772396,46.797582],[84.769896,46.797598],[84.767190,46.797196],[84.762377,46.794944],[84.761317,46.794095],[84.761927,46.792802],[84.761476,46.790948],[84.762300,46.790082],[84.762288,46.789365],[84.762654,46.787910],[84.762871,46.787058],[84.763494,46.783476],[84.764119,46.779902],[84.764146,46.779767],[84.764049,46.776159],[84.763988,46.773567],[84.764283,46.769967],[84.764586,46.766372],[84.764647,46.765560],[84.764473,46.761960],[84.764402,46.760500],[84.762814,46.757071],[84.761226,46.753636],[84.760731,46.752560],[84.756816,46.750164],[84.753109,46.747897],[84.749444,46.745322],[84.745849,46.742794],[84.742356,46.740105],[84.738872,46.737412],[84.738629,46.737233],[84.736092,46.734079],[84.733537,46.730929],[84.732885,46.730116],[84.730877,46.726789],[84.728867,46.723453],[84.728780,46.723296],[84.727311,46.719834],[84.725841,46.716372],[84.725711,46.716060],[84.725432,46.712460],[84.725232,46.709845],[84.726109,46.706299],[84.726743,46.703711],[84.726247,46.700124],[84.725743,46.696537],[84.725491,46.694709],[84.724395,46.691191],[84.723298,46.687660],[84.722593,46.685419],[84.720524,46.682104],[84.718462,46.678788],[84.718184,46.678354],[84.715061,46.675453],[84.713539,46.674036],[84.709807,46.671495],[84.708163,46.670372],[84.704813,46.667593],[84.703794,46.666749],[84.700818,46.663775],[84.699477,46.662439],[84.696901,46.659296],[84.694325,46.656152],[84.694029,46.655792],[84.691670,46.652566],[84.690730,46.651292],[84.689067,46.647871],[84.688458,46.646612],[84.687725,46.643037],[84.687002,46.639471],[84.686332,46.636192],[84.687245,46.632646],[84.688159,46.629101],[84.688316,46.628476],[84.690186,46.625114],[84.692048,46.621749],[84.693040,46.619957],[84.695659,46.616840],[84.698235,46.613753],[84.700984,46.610689],[84.703716,46.607619],[84.706343,46.604684],[84.708874,46.601536],[84.710814,46.599134],[84.714510,46.596591],[84.716476,46.595239],[84.719667,46.592390],[84.721163,46.591067],[84.724718,46.588427],[84.726136,46.587378],[84.730124,46.585050],[84.733488,46.583091],[84.737180,46.580541],[84.740873,46.577990],[84.741967,46.577239],[84.745667,46.574692],[84.749366,46.572145],[84.750789,46.571164],[84.754314,46.568506],[84.757846,46.565845],[84.758593,46.565276],[84.763018,46.563351],[84.767434,46.561426],[84.768257,46.561070],[84.772152,46.558667],[84.773159,46.558050],[84.777146,46.555720],[84.779435,46.554389],[84.784385,46.553255],[84.789342,46.552116],[84.793978,46.551051],[84.798943,46.549936],[84.803898,46.548821],[84.804461,46.548695],[84.809571,46.547983],[84.814689,46.547275],[84.814862,46.547249],[84.816238,46.543765],[84.817363,46.540919],[84.821424,46.538659],[84.824307,46.537052],[84.828827,46.535246],[84.833226,46.533484],[84.837841,46.531817],[84.842438,46.530154],[84.846101,46.527577],[84.849755,46.525001],[84.852639,46.522969],[84.855471,46.519938],[84.858303,46.516908],[84.858442,46.516760],[84.863145,46.515195],[84.865259,46.514493],[84.870164,46.513279],[84.871689,46.512900],[84.876153,46.511031],[84.879239,46.509739],[84.882924,46.507187],[84.885213,46.505610],[84.887528,46.502374],[84.889697,46.499356],[84.891996,46.496121],[84.893818,46.493545],[84.893018,46.489982],[84.892211,46.486418],[84.891412,46.482855],[84.891342,46.482568],[84.890613,46.478996],[84.890171,46.476839],[84.887601,46.473702],[84.886951,46.472917],[84.884418,46.469768],[84.883420,46.468531],[84.880871,46.465391],[84.878928,46.462992],[84.878121,46.459429],[84.877731,46.457723],[84.880062,46.454496],[84.881172,46.452962],[84.881414,46.449364],[84.881648,46.445761],[84.881700,46.444970],[84.881197,46.441385],[84.880866,46.439020],[84.880961,46.435413],[84.881056,46.431810],[84.883380,46.428483],[84.885704,46.425252],[84.887567,46.422651],[84.889310,46.419246],[84.890707,46.416519],[84.894568,46.414096],[84.896424,46.412932],[84.898099,46.409515],[84.899765,46.406099],[84.901318,46.402939],[84.901960,46.399363],[84.902620,46.395782],[84.902845,46.394505],[84.902653,46.390898],[84.902453,46.387296],[84.902401,46.386267],[84.901550,46.382708],[84.901202,46.381224],[84.901045,46.377620],[84.900992,46.376431],[84.900054,46.372877],[84.899481,46.370694],[84.899307,46.367092],[84.899264,46.366124],[84.899610,46.362521],[84.899948,46.358923],[84.900165,46.356766],[84.902708,46.353620],[84.905252,46.350473],[84.907343,46.347122],[84.908385,46.345442],[84.909888,46.341992],[84.910843,46.339762],[84.911355,46.336173],[84.911659,46.334064],[84.913299,46.330639],[84.914959,46.327224],[84.915497,46.326114],[84.917765,46.322873],[84.919607,46.320227],[84.923126,46.317565],[84.924030,46.316871],[84.927882,46.314444],[84.930413,46.312846],[84.933327,46.309859],[84.934153,46.309014],[84.937251,46.306115],[84.939922,46.303611],[84.943804,46.301197],[84.945310,46.300257],[84.947478,46.296980],[84.948749,46.295056],[84.951596,46.292037],[84.953860,46.289642],[84.956726,46.286632],[84.957945,46.285359],[84.961012,46.282450],[84.962702,46.280857],[84.966057,46.278101],[84.969411,46.275349],[84.969803,46.275016],[84.973927,46.272818],[84.978050,46.270612],[84.978538,46.270349],[84.982304,46.267860],[84.986062,46.265367],[84.986629,46.264986],[84.990771,46.262794],[84.994914,46.260607],[84.995036,46.260542],[84.999414,46.258585],[85.003792,46.256632],[85.005431,46.255900],[85.009748,46.253878],[85.013481,46.252131],[85.017048,46.249508],[85.019559,46.247654],[85.024023,46.245787],[85.025924,46.245003],[85.029332,46.242277],[85.030674,46.241192],[85.033489,46.238171],[85.036313,46.235136],[85.037813,46.233530],[85.041394,46.230918],[85.044888,46.228375],[85.048991,46.226157],[85.050254,46.225475],[85.054313,46.223214],[85.058362,46.220956],[85.062419,46.218695],[85.062662,46.218560],[85.066762,46.216341],[85.068024,46.215658],[85.072748,46.214150],[85.077480,46.212645],[85.077680,46.212581],[85.082697,46.211625],[85.087721,46.210675],[85.091284,46.209996],[85.096288,46.209007],[85.098911,46.208484],[85.103965,46.207629],[85.106526,46.207195],[85.111690,46.206724],[85.116836,46.206257],[85.117773,46.206169],[85.122769,46.205173],[85.127755,46.204179],[85.128691,46.203994],[85.133086,46.202064],[85.137463,46.200132],[85.138339,46.199744],[85.143521,46.199936],[85.146562,46.200049],[85.151743,46.199862],[85.156775,46.199685],[85.155822,46.199542],[85.161011,46.199539],[85.166190,46.199533],[85.166328,46.199537],[85.171446,46.198934],[85.173585,46.198687],[85.178720,46.198178],[85.182158,46.197842],[85.186965,46.196484],[85.191771,46.195120],[85.196579,46.193759],[85.197055,46.193624],[85.201655,46.191950],[85.205016,46.190725],[85.209686,46.189151],[85.214357,46.187583],[85.215623,46.187157],[85.220511,46.185952],[85.224551,46.184955],[85.227478,46.184494],[85.229320,46.186002],[85.231584,46.185971],[85.238942,46.184310],[85.240970,46.182991],[85.242404,46.182689],[85.245486,46.182654],[85.249622,46.183455],[85.252910,46.183271],[85.256162,46.181523],[85.257795,46.181070],[85.259857,46.181192],[85.261330,46.182169],[85.261949,46.182304],[85.264828,46.182278],[85.268073,46.180232],[85.269583,46.179889],[85.270739,46.179627],[85.275468,46.179433],[85.276690,46.178850],[85.277065,46.177129],[85.277462,46.176550],[85.278677,46.175823],[85.281971,46.175499],[85.286106,46.176168],[85.287329,46.175442],[85.287520,46.175004],[85.287253,46.172436],[85.287864,46.172150],[85.290135,46.172402],[85.292811,46.172230],[85.293216,46.171940],[85.293790,46.170078],[85.296627,46.168190],[85.297200,46.166321],[85.296780,46.166044],[85.296328,46.164616],[85.298799,46.164304],[85.303143,46.164970],[85.304566,46.164093],[85.307029,46.163496],[85.307632,46.163065],[85.307373,46.160776],[85.308176,46.160053],[85.309201,46.159898],[85.310670,46.160597],[85.312108,46.160728],[85.312705,46.159722],[85.313723,46.159137],[85.316814,46.159106],[85.319071,46.158649],[85.319492,46.158936],[85.321971,46.159192],[85.323309,46.158864],[85.324778,46.157374],[85.328197,46.156573],[85.330437,46.156265],[85.331957,46.155856],[85.333132,46.154992],[85.333766,46.153026],[85.335696,46.151541],[85.338034,46.151355],[85.343242,46.152096],[85.347789,46.151552],[85.363059,46.147772],[85.377789,46.144252],[85.380092,46.143605],[85.378118,46.142818],[85.377721,46.142411],[85.376800,46.140193],[85.376243,46.138656],[85.376025,46.138277],[85.375251,46.137606],[85.371407,46.136228],[85.368666,46.135158],[85.367275,46.134960],[85.365797,46.134035],[85.360518,46.129751],[85.358830,46.129415],[85.357586,46.128736],[85.355990,46.128510],[85.353728,46.128448],[85.352913,46.128327],[85.349590,46.127456],[85.347625,46.127089],[85.344589,46.127106],[85.343240,46.126692],[85.341885,46.126093],[85.341157,46.125881],[85.337426,46.125729],[85.336449,46.125386],[85.335894,46.125018],[85.334119,46.123537],[85.332183,46.122243],[85.330795,46.121139],[85.327964,46.119945],[85.326714,46.119644],[85.326045,46.119608],[85.325235,46.119565],[85.325015,46.119453],[85.324946,46.119151],[85.324968,46.118216],[85.324582,46.117458],[85.322786,46.112744],[85.322660,46.112157],[85.322449,46.111169],[85.321546,46.109183],[85.319755,46.104319],[85.319190,46.103100],[85.318666,46.102514],[85.315908,46.100965],[85.314170,46.100294],[85.312925,46.099680],[85.310044,46.099015],[85.308286,46.098235],[85.305248,46.098376],[85.301442,46.098030],[85.298361,46.097645],[85.296689,46.097225],[85.290816,46.094524],[85.288044,46.093544],[85.286410,46.093075],[85.285504,46.092426],[85.284441,46.091807],[85.283786,46.091596],[85.282944,46.090839],[85.282446,46.088268],[85.282479,46.085855],[85.282237,46.085522],[85.281179,46.084753],[85.281019,46.084300],[85.281206,46.083882],[85.281913,46.083007],[85.282177,46.081855],[85.282188,46.080924],[85.281977,46.080546],[85.281307,46.080050],[85.279536,46.079780],[85.279647,46.079318],[85.281177,46.078633],[85.281988,46.078074],[85.282112,46.077775],[85.282136,46.077367],[85.281907,46.077201],[85.281347,46.077245],[85.277177,46.079287],[85.276876,46.079328],[85.276685,46.079258],[85.276691,46.079070],[85.277842,46.078404],[85.278445,46.077587],[85.279817,46.076382],[85.280570,46.075158],[85.280583,46.074749],[85.280253,46.074543],[85.277795,46.075477],[85.276870,46.075463],[85.276238,46.075307],[85.276115,46.075195],[85.276046,46.074906],[85.276383,46.074306],[85.276818,46.073098],[85.276752,46.072696],[85.276615,46.072464],[85.275800,46.071996],[85.275697,46.071840],[85.275715,46.071665],[85.276305,46.071244],[85.276439,46.070980],[85.276359,46.070473],[85.275825,46.069655],[85.275173,46.068797],[85.274766,46.068556],[85.273642,46.068396],[85.272633,46.068577],[85.272314,46.068572],[85.272143,46.068473],[85.272283,46.067060],[85.271739,46.065252],[85.271564,46.065103],[85.271361,46.065066],[85.270124,46.065047],[85.269319,46.064838],[85.269288,46.064691],[85.269787,46.064478],[85.270294,46.064014],[85.270463,46.063804],[85.270343,46.063606],[85.269579,46.063063],[85.268939,46.062222],[85.268564,46.061920],[85.268237,46.061828],[85.266930,46.061928],[85.266762,46.061737],[85.267010,46.061486],[85.268070,46.061006],[85.268156,46.060766],[85.268017,46.059240],[85.268118,46.058523],[85.267860,46.058143],[85.267531,46.057892],[85.266451,46.057491],[85.266311,46.057367],[85.266278,46.056878],[85.266702,46.056568],[85.268248,46.055907],[85.268976,46.055485],[85.269176,46.055233],[85.269199,46.054870],[85.269113,46.054539],[85.268871,46.054226],[85.268260,46.053996],[85.267673,46.053940],[85.265517,46.054328],[85.264883,46.054272],[85.264203,46.053723],[85.263337,46.053388],[85.263294,46.053233],[85.263492,46.053049],[85.264100,46.052816],[85.264934,46.052649],[85.265606,46.051887],[85.265992,46.051255],[85.265953,46.050590],[85.266105,46.050317],[85.266234,46.049668],[85.266086,46.049411],[85.264702,46.048350],[85.264583,46.048126],[85.264621,46.047864],[85.264963,46.047681],[85.265874,46.047550],[85.266406,46.047237],[85.267429,46.046017],[85.268008,46.045731],[85.269475,46.045686],[85.270997,46.045777],[85.271740,46.045455],[85.271653,46.045169],[85.270728,46.044027],[85.270413,46.042962],[85.270078,46.042514],[85.269937,46.042044],[85.269350,46.041618],[85.267953,46.041353],[85.267706,46.041191],[85.267749,46.040974],[85.268866,46.040575],[85.269225,46.040246],[85.269277,46.039721],[85.269154,46.039427],[85.268887,46.039139],[85.268828,46.038712],[85.269063,46.038520],[85.269805,46.038201],[85.269919,46.038015],[85.269865,46.034754],[85.270065,46.034319],[85.270717,46.033799],[85.271149,46.033230],[85.271073,46.032611],[85.270952,46.032442],[85.270989,46.032200],[85.271281,46.032071],[85.272426,46.031956],[85.275652,46.031898],[85.276506,46.031678],[85.277569,46.031069],[85.279073,46.029749],[85.279184,46.029559],[85.279174,46.029304],[85.278966,46.028847],[85.278209,46.027514],[85.276720,46.025762],[85.276695,46.025607],[85.277147,46.025359],[85.277672,46.025280],[85.279882,46.025249],[85.280030,46.025143],[85.279990,46.024875],[85.279542,46.024404],[85.277853,46.023505],[85.276130,46.023314],[85.275943,46.023144],[85.276042,46.023033],[85.276442,46.022931],[85.277619,46.022916],[85.283100,46.023944],[85.283990,46.023912],[85.284208,46.023653],[85.284170,46.023352],[85.283319,46.022511],[85.282462,46.022055],[85.281005,46.021802],[85.280634,46.021541],[85.279776,46.020367],[85.279966,46.020061],[85.280367,46.019888],[85.283703,46.020397],[85.284178,46.020371],[85.284453,46.020200],[85.284574,46.020002],[85.284554,46.019680],[85.284307,46.019313],[85.283502,46.018723],[85.282310,46.018253],[85.282249,46.018085],[85.282331,46.017957],[85.282817,46.017765],[85.282934,46.016915],[85.283206,46.016853],[85.284806,46.017146],[85.285330,46.017121],[85.285729,46.017014],[85.285957,46.016467],[85.285819,46.016256],[85.284583,46.015652],[85.284199,46.015224],[85.282676,46.014393],[85.281572,46.014376],[85.279086,46.013972],[85.278986,46.013716],[85.279148,46.013539],[85.279884,46.013422],[85.284615,46.013064],[85.284856,46.012825],[85.284865,46.012537],[85.284538,46.011873],[85.283168,46.010911],[85.282024,46.010450],[85.281138,46.010357],[85.280265,46.010422],[85.279740,46.010334],[85.279216,46.009795],[85.278485,46.009366],[85.277197,46.008916],[85.275997,46.008099],[85.275414,46.007539],[85.274724,46.007173],[85.274480,46.006906],[85.274502,46.006773],[85.274709,46.006688],[85.275392,46.006733],[85.279492,46.008664],[85.281093,46.009287],[85.282337,46.009637],[85.282811,46.009645],[85.283675,46.009496],[85.283871,46.009365],[85.283906,46.009186],[85.283683,46.008853],[85.283687,46.008711],[85.283993,46.008516],[85.284274,46.008553],[85.284557,46.008733],[85.285047,46.009393],[85.285790,46.010027],[85.286740,46.011165],[85.287828,46.011880],[85.288298,46.012042],[85.288953,46.012019],[85.289019,46.011832],[85.288907,46.011380],[85.288394,46.010090],[85.288359,46.009693],[85.288441,46.009539],[85.288865,46.009621],[85.291018,46.010529],[85.291876,46.010531],[85.293120,46.010342],[85.293348,46.010150],[85.293472,46.009818],[85.293398,46.009495],[85.292118,46.007762],[85.291799,46.006830],[85.291381,46.005951],[85.291092,46.005583],[85.289690,46.004500],[85.289381,46.004395],[85.288037,46.004548],[85.286774,46.004440],[85.286443,46.004259],[85.286497,46.004081],[85.286985,46.003625],[85.287955,46.003136],[85.288173,46.002893],[85.288587,46.001432],[85.289071,46.000393],[85.289010,45.999265],[85.288775,45.998710],[85.288782,45.998484],[85.288905,45.998403],[85.289289,45.998409],[85.290484,45.998980],[85.291236,45.999142],[85.291524,45.999147],[85.292232,45.998766],[85.292244,45.998391],[85.291422,45.997400],[85.291187,45.996845],[85.291254,45.996604],[85.291566,45.996609],[85.292621,45.997470],[85.293000,45.997626],[85.293504,45.997660],[85.293858,45.997465],[85.293868,45.997156],[85.293385,45.996439],[85.293495,45.994812],[85.293430,45.993818],[85.293037,45.993319],[85.291874,45.992882],[85.290142,45.992570],[85.289466,45.992668],[85.285738,45.994018],[85.284091,45.994852],[85.282714,45.995138],[85.282559,45.995094],[85.282567,45.994852],[85.284445,45.993914],[85.284453,45.993647],[85.284173,45.993375],[85.283771,45.993193],[85.283412,45.993146],[85.283142,45.992958],[85.283112,45.992740],[85.283433,45.992461],[85.285603,45.992187],[85.285994,45.991968],[85.286035,45.990641],[85.284641,45.989517],[85.283385,45.988987],[85.282881,45.988979],[85.280859,45.989547],[85.280607,45.989543],[85.280416,45.989490],[85.280234,45.989178],[85.280186,45.988802],[85.280037,45.988557],[85.279503,45.988348],[85.274953,45.988409],[85.270890,45.988637],[85.269468,45.989232],[85.268926,45.989307],[85.268717,45.989087],[85.268580,45.988483],[85.267886,45.988055],[85.267442,45.988048],[85.266774,45.988305],[85.265715,45.988422],[85.265367,45.988416],[85.265154,45.988321],[85.264936,45.988009],[85.264869,45.987106],[85.264718,45.986928],[85.264374,45.986806],[85.263871,45.986798],[85.263190,45.987096],[85.262877,45.987141],[85.262015,45.987078],[85.261712,45.986814],[85.261596,45.986303],[85.261354,45.985990],[85.260858,45.985741],[85.260638,45.985512],[85.260682,45.985229],[85.261373,45.984221],[85.261723,45.984159],[85.262485,45.984347],[85.263224,45.984851],[85.263640,45.984982],[85.265066,45.985005],[85.265608,45.984930],[85.266992,45.984417],[85.267104,45.983893],[85.266610,45.983200],[85.266628,45.982625],[85.266329,45.982219],[85.266140,45.982108],[85.265364,45.982388],[85.264217,45.982654],[85.263208,45.982705],[85.262947,45.982609],[85.262955,45.982350],[85.263566,45.981207],[85.263386,45.980829],[85.261502,45.979363],[85.259966,45.978629],[85.259129,45.978174],[85.258909,45.977953],[85.259048,45.977713],[85.260563,45.976810],[85.260610,45.976452],[85.260424,45.976257],[85.260103,45.976185],[85.258653,45.976179],[85.258428,45.976067],[85.258472,45.975784],[85.259246,45.975220],[85.260331,45.975036],[85.261096,45.975090],[85.261472,45.975321],[85.261900,45.975837],[85.262242,45.976035],[85.262779,45.976110],[85.264402,45.975960],[85.266093,45.975527],[85.268615,45.975074],[85.269612,45.974656],[85.269931,45.974411],[85.269917,45.974101],[85.269601,45.973854],[85.268667,45.973397],[85.268485,45.973085],[85.268400,45.972733],[85.268769,45.972054],[85.272023,45.970402],[85.272251,45.970406],[85.272302,45.970674],[85.272236,45.970890],[85.271838,45.971351],[85.271732,45.971659],[85.271815,45.972061],[85.272433,45.972638],[85.273691,45.973084],[85.275252,45.973042],[85.277845,45.972199],[85.279185,45.971953],[85.279980,45.971857],[85.281824,45.971979],[85.282546,45.971898],[85.283192,45.971600],[85.284312,45.971459],[85.284894,45.971277],[85.287176,45.970053],[85.287902,45.969463],[85.288279,45.968543],[85.288463,45.967644],[85.288432,45.967468],[85.287845,45.967058],[85.287116,45.966954],[85.286835,45.966707],[85.286665,45.966020],[85.286397,45.965757],[85.285607,45.965677],[85.284768,45.966039],[85.284072,45.966028],[85.283790,45.965840],[85.283856,45.965649],[85.284846,45.965465],[85.285554,45.965059],[85.285564,45.964741],[85.284090,45.963131],[85.282364,45.961534],[85.279988,45.960393],[85.278633,45.959971],[85.276928,45.959634],[85.276365,45.959609],[85.276014,45.959712],[85.275659,45.959948],[85.274471,45.961123],[85.274025,45.961200],[85.273022,45.961785],[85.272696,45.962289],[85.272581,45.963673],[85.271921,45.965583],[85.271328,45.966551],[85.270632,45.967308],[85.270341,45.967437],[85.269136,45.967618],[85.267830,45.967581],[85.267582,45.967460],[85.267458,45.967199],[85.267473,45.966732],[85.267695,45.965742],[85.267567,45.964855],[85.267291,45.964475],[85.267300,45.964191],[85.267545,45.963644],[85.267706,45.963487],[85.268497,45.963500],[85.269067,45.963684],[85.269474,45.963691],[85.269983,45.963523],[85.271090,45.962639],[85.271339,45.961958],[85.272247,45.961305],[85.274348,45.960061],[85.274585,45.959772],[85.274721,45.959248],[85.275486,45.958200],[85.275436,45.957865],[85.274629,45.957210],[85.273517,45.957083],[85.272953,45.957116],[85.271685,45.957781],[85.271399,45.958110],[85.271269,45.959194],[85.270844,45.959362],[85.270026,45.959441],[85.269733,45.959628],[85.269398,45.959982],[85.269002,45.960769],[85.268711,45.960856],[85.268427,45.960760],[85.268411,45.960100],[85.267984,45.959584],[85.267731,45.959622],[85.266248,45.960258],[85.265841,45.960235],[85.265754,45.959967],[85.266403,45.959534],[85.266906,45.958766],[85.267512,45.958558],[85.267839,45.958079],[85.268650,45.957449],[85.269786,45.956782],[85.269795,45.956473],[85.269645,45.956254],[85.268481,45.955943],[85.267666,45.955538],[85.266823,45.955299],[85.266009,45.954886],[85.265957,45.954601],[85.266157,45.954362],[85.266783,45.954280],[85.269198,45.955253],[85.270211,45.955444],[85.270559,45.955450],[85.270875,45.955296],[85.270984,45.954881],[85.270404,45.954254],[85.269931,45.954046],[85.268799,45.953811],[85.268056,45.953423],[85.267639,45.953350],[85.266942,45.953406],[85.265951,45.953649],[85.264585,45.953653],[85.261976,45.953127],[85.261599,45.952921],[85.261415,45.952693],[85.261461,45.952368],[85.261624,45.952145],[85.262475,45.952117],[85.263619,45.952352],[85.267863,45.952310],[85.269249,45.951697],[85.269912,45.951574],[85.270172,45.951712],[85.270317,45.952040],[85.270624,45.952203],[85.271163,45.952187],[85.272035,45.951933],[85.272696,45.951902],[85.273169,45.952085],[85.274370,45.953189],[85.274998,45.953441],[85.276208,45.954254],[85.276622,45.954394],[85.277417,45.954340],[85.277865,45.954197],[85.277977,45.953689],[85.277794,45.953394],[85.277142,45.952766],[85.277340,45.952569],[85.277980,45.952429],[85.278495,45.952061],[85.278731,45.951781],[85.278747,45.951272],[85.278394,45.950273],[85.278404,45.949981],[85.279048,45.949682],[85.279652,45.949558],[85.281745,45.949750],[85.282574,45.949697],[85.282773,45.949500],[85.282684,45.949256],[85.282440,45.949010],[85.280671,45.948431],[85.280075,45.947511],[85.279567,45.947261],[85.278582,45.947337],[85.277940,45.947527],[85.277331,45.947843],[85.276036,45.947822],[85.275406,45.947637],[85.274266,45.946516],[85.272907,45.946253],[85.272183,45.946016],[85.271423,45.946179],[85.271131,45.946333],[85.270616,45.947452],[85.270301,45.948332],[85.270225,45.948840],[85.269921,45.949361],[85.269706,45.949316],[85.269486,45.949046],[85.269344,45.948642],[85.268879,45.948176],[85.267216,45.947707],[85.266993,45.947545],[85.266526,45.947538],[85.265909,45.947712],[85.265755,45.947617],[85.265996,45.947245],[85.267471,45.946450],[85.268471,45.946266],[85.269104,45.945967],[85.269971,45.945847],[85.270966,45.945470],[85.271067,45.945296],[85.271048,45.944720],[85.270613,45.944446],[85.269230,45.944224],[85.266848,45.944119],[85.266540,45.944006],[85.265983,45.943421],[85.265697,45.943333],[85.262946,45.943223],[85.262254,45.943104],[85.261878,45.942873],[85.261862,45.942630],[85.262144,45.942417],[85.264524,45.942563],[85.265227,45.942307],[85.265515,45.942287],[85.266937,45.942426],[85.268437,45.941982],[85.269244,45.941469],[85.269848,45.941720],[85.270700,45.941684],[85.270958,45.941496],[85.271104,45.941030],[85.271832,45.941134],[85.272575,45.941538],[85.273054,45.941529],[85.274783,45.941064],[85.274673,45.940361],[85.273072,45.939049],[85.272795,45.938653],[85.272679,45.938183],[85.272818,45.937918],[85.274979,45.937869],[85.276035,45.937443],[85.276268,45.937272],[85.276204,45.937020],[85.275901,45.936731],[85.274579,45.936468],[85.274490,45.936225],[85.274767,45.935436],[85.274277,45.934985],[85.273073,45.934766],[85.272725,45.934785],[85.271768,45.935096],[85.271133,45.935111],[85.270595,45.935061],[85.270122,45.934853],[85.269969,45.934742],[85.270038,45.934476],[85.271028,45.934249],[85.271290,45.933894],[85.271251,45.933234],[85.270941,45.932787],[85.270596,45.932714],[85.269992,45.932863],[85.269575,45.933166],[85.269285,45.933245],[85.268938,45.933223],[85.268560,45.933058],[85.268162,45.932743],[85.268195,45.932476],[85.269160,45.932274],[85.269480,45.931987],[85.269494,45.931553],[85.268973,45.930944],[85.267895,45.930175],[85.267287,45.930057],[85.266818,45.930133],[85.265745,45.930717],[85.265176,45.930909],[85.264304,45.930453],[85.263443,45.930347],[85.263199,45.930143],[85.263112,45.929858],[85.263410,45.929512],[85.263395,45.928844],[85.263167,45.928114],[85.262961,45.927776],[85.262587,45.927512],[85.261606,45.927471],[85.260170,45.926656],[85.259581,45.926313],[85.258784,45.925399],[85.258376,45.925434],[85.258106,45.925630],[85.257810,45.926285],[85.257724,45.926726],[85.257529,45.926832],[85.257217,45.926869],[85.256911,45.926689],[85.256799,45.926052],[85.256526,45.925581],[85.256223,45.925334],[85.255875,45.925370],[85.254831,45.926197],[85.253808,45.926357],[85.251785,45.927307],[85.251497,45.927315],[85.251106,45.927209],[85.250260,45.926491],[85.248587,45.925835],[85.248200,45.925587],[85.247941,45.925274],[85.247989,45.924698],[85.248242,45.924602],[85.248778,45.924689],[85.249740,45.925335],[85.250085,45.925402],[85.250575,45.925402],[85.251552,45.925195],[85.252102,45.924828],[85.254274,45.922782],[85.255356,45.922060],[85.256841,45.920162],[85.257378,45.919265],[85.257915,45.918722],[85.257927,45.918346],[85.258292,45.917788],[85.258340,45.917380],[85.258268,45.917037],[85.257882,45.916709],[85.257812,45.916499],[85.257836,45.915702],[85.258372,45.915239],[85.258351,45.914950],[85.258102,45.914826],[85.257211,45.914853],[85.256638,45.914991],[85.256546,45.914810],[85.256906,45.914627],[85.257815,45.913903],[85.257680,45.913625],[85.257269,45.913552],[85.256455,45.913760],[85.254555,45.914771],[85.253230,45.915623],[85.251994,45.916088],[85.251501,45.916147],[85.251206,45.916022],[85.252398,45.915023],[85.254262,45.914023],[85.255092,45.913309],[85.256108,45.912770],[85.257332,45.912471],[85.257608,45.912309],[85.257706,45.911847],[85.257364,45.911478],[85.256214,45.910939],[85.254998,45.910765],[85.253981,45.910950],[85.253757,45.910847],[85.253671,45.910703],[85.253953,45.910307],[85.254836,45.909849],[85.255162,45.909511],[85.255272,45.908515],[85.254915,45.907850],[85.254682,45.907692],[85.254290,45.907586],[85.252627,45.907531],[85.252365,45.907882],[85.251565,45.908613],[85.251295,45.908621],[85.251031,45.908450],[85.250907,45.907822],[85.251029,45.907578],[85.251952,45.906974],[85.252134,45.906689],[85.252143,45.905841],[85.251956,45.905684],[85.251216,45.905627],[85.249705,45.906839],[85.248754,45.907422],[85.248322,45.907440],[85.248221,45.907259],[85.248419,45.907041],[85.249954,45.905996],[85.250299,45.905633],[85.250337,45.905392],[85.250202,45.905135],[85.249921,45.904943],[85.249311,45.904771],[85.247957,45.904629],[85.247619,45.903760],[85.246622,45.903294],[85.246587,45.902884],[85.246748,45.902168],[85.246702,45.901725],[85.246488,45.901522],[85.245982,45.901439],[85.245401,45.901793],[85.244829,45.902327],[85.244416,45.902354],[85.244246,45.902239],[85.244212,45.901809],[85.244625,45.900224],[85.244736,45.899211],[85.244890,45.898846],[85.245056,45.898728],[85.245773,45.898563],[85.245955,45.898257],[85.245945,45.898048],[85.245674,45.897689],[85.245508,45.897499],[85.245317,45.897450],[85.244586,45.897518],[85.243577,45.897812],[85.243312,45.897720],[85.243285,45.897632],[85.243738,45.897305],[85.244201,45.897212],[85.244447,45.897007],[85.244379,45.896497],[85.244113,45.896396],[85.243736,45.896399],[85.243290,45.896505],[85.241926,45.896551],[85.241096,45.896902],[85.240665,45.896917],[85.237318,45.896679],[85.236896,45.896605],[85.236710,45.896448],[85.236683,45.896327],[85.236861,45.896187],[85.239581,45.896195],[85.240892,45.895784],[85.242323,45.895484],[85.243965,45.894657],[85.245173,45.893903],[85.246407,45.893083],[85.246695,45.892853],[85.246877,45.892572],[85.246959,45.892077],[85.246871,45.891796],[85.246777,45.891761],[85.246265,45.891845],[85.245387,45.892216],[85.245020,45.892277],[85.244608,45.892271],[85.244295,45.892145],[85.244221,45.892002],[85.245088,45.891627],[85.245471,45.891048],[85.245505,45.890573],[85.245301,45.890369],[85.244639,45.890326],[85.243874,45.890515],[85.243167,45.890383],[85.242026,45.890353],[85.241777,45.890283],[85.241609,45.890126],[85.241596,45.889950],[85.241354,45.889658],[85.241007,45.889645],[85.240382,45.889919],[85.239580,45.889820],[85.238921,45.889622],[85.238832,45.889458],[85.239003,45.888972],[85.238866,45.888740],[85.238263,45.888364],[85.237901,45.887874],[85.237265,45.887401],[85.236774,45.886864],[85.236971,45.886654],[85.237354,45.886659],[85.238905,45.887138],[85.239312,45.887131],[85.239648,45.887094],[85.240180,45.886702],[85.240461,45.885361],[85.240044,45.884007],[85.240051,45.883422],[85.240761,45.882844],[85.240994,45.882497],[85.240904,45.881911],[85.240764,45.881817],[85.240429,45.881846],[85.240052,45.882216],[85.239754,45.882211],[85.239681,45.882068],[85.239847,45.881716],[85.239854,45.881486],[85.239752,45.881330],[85.239434,45.881359],[85.238054,45.881898],[85.236659,45.882574],[85.235691,45.882706],[85.234018,45.883119],[85.233293,45.882967],[85.233242,45.882699],[85.233502,45.881855],[85.233225,45.881175],[85.233343,45.881035],[85.233704,45.880919],[85.234453,45.880876],[85.235109,45.880518],[85.235416,45.879884],[85.235293,45.878721],[85.235502,45.878161],[85.236006,45.877726],[85.236582,45.877405],[85.237164,45.876574],[85.237231,45.875978],[85.236984,45.875331],[85.236381,45.875281],[85.236157,45.875365],[85.235412,45.876105],[85.234836,45.876130],[85.234715,45.875995],[85.234739,45.875799],[85.235257,45.875527],[85.235273,45.875352],[85.234852,45.875237],[85.233415,45.875203],[85.233057,45.874977],[85.233113,45.874723],[85.233860,45.874700],[85.234655,45.874504],[85.234792,45.874142],[85.234862,45.873467],[85.234757,45.873169],[85.234367,45.873042],[85.232995,45.872955],[85.232607,45.872741],[85.232568,45.872473],[85.232844,45.872289],[85.233584,45.872300],[85.234317,45.872169],[85.235098,45.871483],[85.235043,45.871140],[85.232688,45.870245],[85.232351,45.870315],[85.231529,45.870779],[85.231284,45.871164],[85.231022,45.871335],[85.230723,45.871331],[85.230504,45.871248],[85.230526,45.871119],[85.230833,45.870869],[85.230834,45.870314],[85.230492,45.870146],[85.228947,45.870077],[85.228662,45.870019],[85.228560,45.869884],[85.228573,45.869796],[85.230235,45.869746],[85.231082,45.869424],[85.231704,45.869433],[85.233772,45.869952],[85.235607,45.869934],[85.236172,45.869433],[85.236210,45.868803],[85.236074,45.868538],[85.235907,45.868360],[85.235581,45.868309],[85.233726,45.868348],[85.233130,45.868118],[85.232203,45.868004],[85.232005,45.867826],[85.231981,45.867638],[85.232881,45.867530],[85.233298,45.867348],[85.233305,45.866764],[85.233076,45.866473],[85.232403,45.866229],[85.231300,45.865173],[85.230875,45.865012],[85.229613,45.863582],[85.229734,45.863163],[85.230007,45.863012],[85.230191,45.862718],[85.230231,45.862352],[85.230088,45.861986],[85.229830,45.861661],[85.228870,45.861572],[85.228589,45.861447],[85.228544,45.861333],[85.228752,45.861182],[85.230138,45.861369],[85.230728,45.861211],[85.230739,45.860869],[85.230353,45.860587],[85.229728,45.860336],[85.229580,45.860146],[85.229551,45.859891],[85.230241,45.859262],[85.230396,45.858701],[85.230385,45.858083],[85.230248,45.857893],[85.229979,45.857877],[85.229695,45.857993],[85.229236,45.858538],[85.228826,45.858866],[85.228401,45.858880],[85.228310,45.858712],[85.228961,45.858204],[85.229083,45.857897],[85.229042,45.857124],[85.228579,45.857225],[85.227782,45.858074],[85.227465,45.858061],[85.227039,45.857934],[85.225668,45.856941],[85.223873,45.856693],[85.223828,45.856592],[85.223997,45.856386],[85.224472,45.856238],[85.225696,45.856478],[85.226098,45.856383],[85.226287,45.856253],[85.226330,45.856024],[85.226289,45.855823],[85.225978,45.855643],[85.223826,45.855177],[85.223365,45.855195],[85.222590,45.855393],[85.222338,45.855402],[85.222134,45.855265],[85.222122,45.855077],[85.222365,45.854939],[85.223733,45.854712],[85.223915,45.854431],[85.223923,45.854197],[85.223429,45.853760],[85.223625,45.853617],[85.223999,45.853668],[85.225750,45.854378],[85.227170,45.854433],[85.227500,45.854329],[85.227998,45.854090],[85.228051,45.853903],[85.227840,45.853582],[85.227791,45.853281],[85.228272,45.852958],[85.228427,45.852618],[85.226887,45.851260],[85.226230,45.851083],[85.224436,45.851003],[85.223446,45.851339],[85.222530,45.851847],[85.222037,45.851928],[85.220741,45.851412],[85.219622,45.851283],[85.219443,45.851105],[85.219489,45.850985],[85.220066,45.850839],[85.222244,45.850870],[85.223059,45.850561],[85.223978,45.850002],[85.224278,45.849973],[85.225152,45.850249],[85.225814,45.850271],[85.226876,45.850120],[85.228015,45.850157],[85.228286,45.850107],[85.228532,45.849868],[85.228542,45.849572],[85.228361,45.849223],[85.228022,45.849009],[85.226924,45.848651],[85.226261,45.848257],[85.225305,45.847512],[85.224911,45.846379],[85.224549,45.845978],[85.223764,45.846275],[85.223405,45.846679],[85.222903,45.847047],[85.222517,45.847205],[85.221300,45.846757],[85.221241,45.846568],[85.221421,45.846374],[85.222588,45.846425],[85.222954,45.846384],[85.223324,45.846202],[85.223408,45.845994],[85.223293,45.845671],[85.223079,45.845434],[85.222119,45.845399],[85.220339,45.845695],[85.218203,45.845852],[85.217779,45.845846],[85.217650,45.845765],[85.217655,45.845602],[85.217948,45.845393],[85.221914,45.844920],[85.222617,45.844613],[85.222652,45.844426],[85.222340,45.843900],[85.222501,45.843772],[85.223659,45.843568],[85.223789,45.843390],[85.223800,45.843027],[85.223368,45.842382],[85.221958,45.842424],[85.221758,45.842313],[85.221733,45.842158],[85.221921,45.842061],[85.222987,45.841976],[85.223319,45.841839],[85.223451,45.841620],[85.223356,45.841242],[85.222725,45.840615],[85.221921,45.840570],[85.221697,45.840688],[85.221525,45.841228],[85.221364,45.841213],[85.220815,45.840629],[85.220672,45.840619],[85.220168,45.840753],[85.219970,45.840964],[85.219730,45.841014],[85.218499,45.841030],[85.218133,45.841112],[85.215715,45.842647],[85.214897,45.842677],[85.214788,45.842521],[85.214989,45.842215],[85.216906,45.841403],[85.218005,45.840655],[85.218833,45.839916],[85.218956,45.839609],[85.218966,45.839291],[85.218653,45.838636],[85.216227,45.838567],[85.215824,45.838328],[85.215876,45.838207],[85.216021,45.838155],[85.216823,45.838208],[85.217088,45.838125],[85.217239,45.837905],[85.217244,45.837743],[85.217004,45.837393],[85.216576,45.837023],[85.216356,45.836448],[85.216672,45.836407],[85.217281,45.836624],[85.217661,45.836663],[85.218121,45.836616],[85.218378,45.836452],[85.218695,45.835829],[85.219015,45.835430],[85.219083,45.835099],[85.218944,45.834932],[85.218719,45.834912],[85.215486,45.835438],[85.214998,45.835389],[85.214925,45.835267],[85.215053,45.835169],[85.215779,45.834842],[85.217410,45.834639],[85.217967,45.834359],[85.218072,45.834051],[85.217951,45.833540],[85.217397,45.832956],[85.217057,45.832759],[85.216044,45.832761],[85.215869,45.832583],[85.215890,45.831941],[85.215639,45.831628],[85.215179,45.831429],[85.213392,45.830978],[85.212433,45.830371],[85.211744,45.829167],[85.211815,45.828834],[85.212109,45.828571],[85.212273,45.828290],[85.212356,45.827940],[85.212271,45.827647],[85.211931,45.827425],[85.211230,45.827323],[85.210116,45.826739],[85.210060,45.826621],[85.210164,45.826406],[85.210706,45.826188],[85.210685,45.825962],[85.210288,45.825497],[85.209856,45.825166],[85.209861,45.825007],[85.211545,45.824589],[85.211315,45.823967],[85.210730,45.823208],[85.210384,45.822476],[85.210049,45.822137],[85.209447,45.821928],[85.209430,45.821736],[85.209530,45.821579],[85.210252,45.821372],[85.210521,45.821175],[85.210498,45.820774],[85.209794,45.820055],[85.209555,45.819684],[85.209511,45.819190],[85.208991,45.818674],[85.208087,45.818243],[85.207786,45.817579],[85.206497,45.816500],[85.205695,45.816247],[85.204900,45.816119],[85.204715,45.815189],[85.204564,45.815078],[85.202823,45.815079],[85.202351,45.814938],[85.201350,45.813822],[85.200090,45.813712],[85.199785,45.813574],[85.199602,45.813304],[85.199707,45.812997],[85.200986,45.812531],[85.201024,45.812089],[85.200911,45.811887],[85.200086,45.811967],[85.198151,45.812465],[85.197438,45.812773],[85.196899,45.812849],[85.196557,45.812735],[85.196465,45.812625],[85.196473,45.812400],[85.196959,45.812098],[85.197555,45.812106],[85.198322,45.811984],[85.199984,45.811064],[85.199983,45.810371],[85.199452,45.810188],[85.199406,45.809769],[85.199564,45.809680],[85.200292,45.809632],[85.200742,45.809371],[85.200811,45.809080],[85.200597,45.808701],[85.200111,45.808235],[85.200059,45.807992],[85.200322,45.807595],[85.201358,45.806900],[85.201465,45.806550],[85.201436,45.806333],[85.201191,45.806171],[85.199352,45.806278],[85.199144,45.806075],[85.199212,45.805792],[85.200205,45.805322],[85.200702,45.804686],[85.200517,45.804508],[85.199794,45.804381],[85.198274,45.804585],[85.197839,45.804403],[85.197810,45.804227],[85.199298,45.803121],[85.199594,45.802833],[85.199602,45.802616],[85.199358,45.802371],[85.199132,45.802367],[85.198233,45.802881],[85.197829,45.802858],[85.197207,45.802557],[85.196154,45.802701],[85.195637,45.802468],[85.194936,45.802416],[85.194743,45.802480],[85.194726,45.802990],[85.195036,45.804472],[85.194860,45.804753],[85.194486,45.804907],[85.194071,45.804834],[85.193258,45.803804],[85.191688,45.803364],[85.191443,45.803185],[85.191446,45.803094],[85.192024,45.802926],[85.193631,45.802949],[85.193826,45.802843],[85.193802,45.802467],[85.193440,45.801861],[85.192708,45.801283],[85.192239,45.801051],[85.191648,45.800909],[85.190904,45.800347],[85.188543,45.800380],[85.188454,45.800229],[85.188675,45.799982],[85.189485,45.799642],[85.189743,45.799379],[85.189752,45.799137],[85.189440,45.798807],[85.189038,45.798709],[85.187584,45.798780],[85.187529,45.798579],[85.187849,45.798291],[85.187855,45.798099],[85.187590,45.797803],[85.186098,45.797164],[85.185412,45.796645],[85.184374,45.794869],[85.183276,45.793810],[85.181990,45.793441],[85.181470,45.792949],[85.180898,45.792206],[85.180190,45.791645],[85.179528,45.791485],[85.177806,45.791344],[85.177240,45.791144],[85.177128,45.790942],[85.177194,45.790743],[85.177580,45.790598],[85.180213,45.790944],[85.182415,45.790992],[85.183210,45.790719],[85.183442,45.790547],[85.183478,45.790172],[85.183123,45.789724],[85.182522,45.789540],[85.181585,45.789410],[85.180704,45.789398],[85.180209,45.789240],[85.179756,45.788507],[85.179260,45.788367],[85.178559,45.788332],[85.177005,45.787775],[85.174406,45.788206],[85.172684,45.788775],[85.171883,45.789231],[85.170744,45.789457],[85.169805,45.789427],[85.169740,45.789201],[85.170258,45.789033],[85.172125,45.788750],[85.172676,45.788315],[85.172616,45.787939],[85.172134,45.787397],[85.170320,45.787130],[85.169969,45.786949],[85.169449,45.786457],[85.169236,45.786429],[85.168657,45.786647],[85.168407,45.786643],[85.168475,45.786377],[85.168998,45.786050],[85.169006,45.785791],[85.168689,45.785653],[85.167960,45.785726],[85.167070,45.786006],[85.165750,45.785937],[85.164970,45.785751],[85.163734,45.784940],[85.163249,45.784490],[85.161778,45.784294],[85.161501,45.784022],[85.161476,45.783688],[85.163474,45.782347],[85.163709,45.782067],[85.163646,45.781799],[85.163254,45.781417],[85.161926,45.781599],[85.161642,45.781553],[85.161675,45.780576],[85.161567,45.780199],[85.160978,45.779639],[85.159539,45.779577],[85.159319,45.779373],[85.159299,45.778914],[85.159095,45.778577],[85.158666,45.778220],[85.157576,45.777712],[85.156425,45.776484],[85.154880,45.776370],[85.154579,45.776123],[85.154515,45.775880],[85.156855,45.774637],[85.159249,45.773895],[85.159955,45.773437],[85.160157,45.773089],[85.160130,45.772822],[85.158747,45.771791],[85.158730,45.771591],[85.158460,45.771102],[85.157229,45.771218],[85.156568,45.771050],[85.155627,45.771062],[85.153784,45.771319],[85.153101,45.771092],[85.153050,45.770840],[85.153401,45.770670],[85.155479,45.770483],[85.156218,45.770118],[85.156256,45.770027],[85.155944,45.769738],[85.155835,45.769445],[85.155997,45.769230],[85.156865,45.768908],[85.156871,45.768733],[85.156498,45.768486],[85.155907,45.768343],[85.153384,45.768290],[85.152856,45.768057],[85.152612,45.767853],[85.152625,45.767477],[85.152997,45.766648],[85.153069,45.766273],[85.152766,45.766068],[85.152048,45.765816],[85.151891,45.764820],[85.151612,45.764590],[85.149910,45.764565],[85.149380,45.764382],[85.149229,45.764271],[85.149329,45.764114],[85.149910,45.763839],[85.149752,45.763569],[85.149543,45.763416],[85.148532,45.763376],[85.148063,45.763169],[85.147991,45.762817],[85.148627,45.762292],[85.149780,45.762000],[85.149915,45.761517],[85.149421,45.761335],[85.146337,45.761331],[85.146018,45.761243],[85.145838,45.760931],[85.146452,45.759654],[85.146431,45.759195],[85.146229,45.758833],[85.145822,45.758518],[85.145421,45.758403],[85.144505,45.758390],[85.143708,45.758712],[85.141837,45.760162],[85.141550,45.760200],[85.141233,45.760061],[85.141244,45.759736],[85.142185,45.759015],[85.142451,45.758535],[85.142435,45.758292],[85.142252,45.758089],[85.140928,45.758136],[85.140218,45.758351],[85.139453,45.758782],[85.138636,45.759714],[85.138007,45.759637],[85.137859,45.759418],[85.138030,45.758953],[85.139490,45.757656],[85.140353,45.757159],[85.141435,45.756841],[85.142054,45.756500],[85.143140,45.755013],[85.143096,45.754544],[85.142761,45.754214],[85.141871,45.754109],[85.141424,45.754302],[85.140813,45.754778],[85.140051,45.755117],[85.139633,45.755161],[85.139282,45.755331],[85.138881,45.755918],[85.138605,45.755981],[85.138071,45.755931],[85.137413,45.755637],[85.137170,45.755433],[85.137532,45.754929],[85.138711,45.754596],[85.138934,45.754332],[85.139074,45.754042],[85.139047,45.753783],[85.138624,45.753267],[85.138262,45.753036],[85.136821,45.753390],[85.136452,45.753385],[85.135887,45.753184],[85.135462,45.752710],[85.135107,45.751911],[85.134748,45.751597],[85.133249,45.751173],[85.133034,45.750836],[85.132987,45.750460],[85.132769,45.750197],[85.131985,45.750135],[85.131648,45.749888],[85.131755,45.749539],[85.131980,45.749208],[85.131872,45.748881],[85.131352,45.748380],[85.130854,45.748331],[85.130278,45.748431],[85.128806,45.748984],[85.127984,45.748972],[85.127969,45.748729],[85.128445,45.748386],[85.129668,45.747787],[85.130510,45.747199],[85.130625,45.746607],[85.130508,45.746205],[85.129961,45.745445],[85.129752,45.745291],[85.129217,45.745258],[85.128544,45.745423],[85.127394,45.745230],[85.126853,45.745397],[85.125976,45.745960],[85.125246,45.746032],[85.125158,45.745838],[85.125905,45.745232],[85.125822,45.744872],[85.125900,45.744656],[85.125588,45.744384],[85.125245,45.744287],[85.124760,45.744288],[85.123946,45.744291],[85.122855,45.744124],[85.122033,45.744111],[85.121822,45.744016],[85.121948,45.743801],[85.122936,45.743482],[85.123386,45.743222],[85.123399,45.742822],[85.123099,45.742533],[85.121815,45.742095],[85.121009,45.742659],[85.120570,45.742602],[85.120457,45.742425],[85.120936,45.741990],[85.121284,45.741202],[85.121296,45.740868],[85.121133,45.740732],[85.120512,45.740789],[85.119837,45.741004],[85.119166,45.741102],[85.119021,45.740815],[85.119256,45.740552],[85.119229,45.740284],[85.119045,45.740106],[85.118028,45.740199],[85.117876,45.740113],[85.117740,45.739551],[85.117344,45.739261],[85.116304,45.739002],[85.115396,45.739054],[85.114328,45.738904],[85.112449,45.737345],[85.112165,45.737282],[85.111694,45.737450],[85.110937,45.738340],[85.110459,45.738374],[85.110152,45.738260],[85.110099,45.737708],[85.110650,45.736590],[85.110593,45.736171],[85.110238,45.735723],[85.109093,45.735729],[85.108586,45.735913],[85.107229,45.736885],[85.106981,45.736797],[85.106861,45.736486],[85.106984,45.735670],[85.106617,45.735221],[85.106279,45.734999],[85.104713,45.734722],[85.103356,45.734658],[85.103145,45.734546],[85.102877,45.733991],[85.102573,45.733810],[85.101967,45.733750],[85.101019,45.733893],[85.099854,45.733782],[85.099552,45.733534],[85.099144,45.732200],[85.098467,45.731729],[85.095569,45.731680],[85.094637,45.732065],[85.094021,45.732606],[85.093637,45.732683],[85.093198,45.732609],[85.093174,45.732257],[85.093327,45.731617],[85.093754,45.730990],[85.093744,45.730589],[85.093524,45.730384],[85.093084,45.730335],[85.092831,45.730414],[85.091575,45.731195],[85.091098,45.731161],[85.090506,45.729982],[85.087951,45.728209],[85.087250,45.727404],[85.086033,45.727032],[85.085602,45.726715],[85.084472,45.725526],[85.083913,45.725116],[85.083307,45.724328],[85.083027,45.724123],[85.082530,45.724006],[85.082249,45.723825],[85.081719,45.722931],[85.080971,45.722433],[85.080304,45.721695],[85.076791,45.721699],[85.076604,45.721579],[85.076713,45.721205],[85.076949,45.720925],[85.076957,45.720683],[85.076718,45.720345],[85.074319,45.719225],[85.072657,45.718902],[85.071240,45.718768],[85.070144,45.718305],[85.069158,45.717427],[85.067451,45.716669],[85.066588,45.716052],[85.064919,45.715579],[85.064166,45.715548],[85.063886,45.715359],[85.064085,45.714110],[85.063696,45.713593],[85.063054,45.713840],[85.062853,45.714129],[85.062112,45.714466],[85.059885,45.713163],[85.059502,45.713156],[85.059186,45.713309],[85.059173,45.713684],[85.058871,45.714121],[85.058518,45.714290],[85.058038,45.714348],[85.057396,45.714578],[85.056855,45.714634],[85.055627,45.714519],[85.055406,45.714340],[85.055564,45.713590],[85.055251,45.713301],[85.054980,45.713187],[85.054593,45.713314],[85.054196,45.713724],[85.053779,45.714000],[85.052990,45.713985],[85.052426,45.713690],[85.051987,45.713590],[85.051541,45.713673],[85.051377,45.713937],[85.051313,45.714729],[85.051527,45.715109],[85.050908,45.715381],[85.048174,45.715863],[85.047038,45.715841],[85.044674,45.716363],[85.043848,45.716372],[85.041986,45.716887],[85.041379,45.717142],[85.039757,45.717311],[85.038343,45.716991],[85.037877,45.716982],[85.036790,45.717912],[85.035600,45.718398],[85.035288,45.718417],[85.034757,45.718181],[85.034126,45.718102],[85.032031,45.718060],[85.031232,45.718311],[85.030453,45.719022],[85.029551,45.719447],[85.026192,45.720290],[85.025041,45.720659],[85.024355,45.721072],[85.023776,45.721194],[85.022700,45.721122],[85.022271,45.720721],[85.022598,45.719617],[85.022315,45.719502],[85.021748,45.719600],[85.021516,45.719728],[85.021110,45.719704],[85.020793,45.719497],[85.020649,45.719185],[85.020278,45.718818],[85.019651,45.718614],[85.018325,45.718495],[85.017785,45.718526],[85.017504,45.718679],[85.017279,45.718607],[85.017353,45.717548],[85.016949,45.717098],[85.016549,45.716889],[85.016662,45.716407],[85.016556,45.715695],[85.016323,45.715181],[85.016046,45.714866],[85.015069,45.714738],[85.013140,45.714740],[85.012172,45.715013],[85.011608,45.715043],[85.011157,45.715235],[85.010173,45.715966],[85.009826,45.715959],[85.009368,45.715682],[85.008850,45.715764],[85.008269,45.716261],[85.007982,45.716915],[85.007944,45.717315],[85.008343,45.717566],[85.009419,45.717629],[85.009663,45.717835],[85.009645,45.718344],[85.009025,45.718924],[85.007332,45.719357],[85.007074,45.719527],[85.006889,45.720008],[85.006387,45.719972],[85.006144,45.719750],[85.006028,45.719305],[85.005624,45.719205],[85.002996,45.719498],[85.002353,45.719385],[85.002246,45.719195],[85.000683,45.718996],[84.999254,45.719100],[84.998215,45.718987],[84.996667,45.718738],[84.996172,45.718511],[84.995117,45.717846],[84.994504,45.717232],[84.993970,45.717088],[84.991953,45.716871],[84.991177,45.716462],[84.990324,45.716219],[84.989293,45.716557],[84.988060,45.716549],[84.987379,45.716159],[84.986917,45.715690],[84.986325,45.715478],[84.984687,45.715402],[84.984403,45.715305],[84.984251,45.714859],[84.984043,45.714654],[84.981356,45.714449],[84.980957,45.714214],[84.979785,45.714150],[84.978242,45.713784],[84.977275,45.713372],[84.975142,45.712751],[84.972707,45.711859],[84.972203,45.711565],[84.971751,45.711155],[84.971725,45.710895],[84.972347,45.710240],[84.972999,45.709769],[84.974232,45.709109],[84.974689,45.708718],[84.974818,45.708478],[84.974704,45.708325],[84.974456,45.708229],[84.973879,45.708284],[84.972764,45.708662],[84.972441,45.708655],[84.972233,45.708451],[84.972180,45.707915],[84.971865,45.707032],[84.971309,45.706861],[84.970642,45.706756],[84.969791,45.706789],[84.969329,45.706980],[84.968853,45.707228],[84.966985,45.708895],[84.964760,45.709819],[84.963712,45.710023],[84.961620,45.709956],[84.961030,45.709727],[84.960578,45.709300],[84.958809,45.708930],[84.958259,45.708585],[84.958175,45.708274],[84.958759,45.707668],[84.959580,45.706182],[84.960244,45.705359],[84.960491,45.704495],[84.959886,45.703048],[84.959550,45.702732],[84.958870,45.703011],[84.958610,45.703248],[84.958547,45.703997],[84.957904,45.705221],[84.957238,45.707061],[84.956672,45.707827],[84.956417,45.707930],[84.956070,45.707923],[84.955787,45.707809],[84.955917,45.707518],[84.956681,45.706590],[84.956742,45.705907],[84.956655,45.705664],[84.956410,45.705500],[84.955653,45.705267],[84.954321,45.704398],[84.952867,45.703592],[84.951918,45.702713],[84.949948,45.701329],[84.949490,45.700769],[84.948297,45.700369],[84.946940,45.698414],[84.946391,45.697258],[84.945790,45.696916],[84.945465,45.696731],[84.944858,45.696009],[84.944442,45.695316],[84.943827,45.694803],[84.943145,45.694497],[84.942742,45.694071],[84.942300,45.693420],[84.942039,45.692730],[84.941814,45.692016],[84.941873,45.691047],[84.941709,45.690318],[84.941048,45.688802],[84.940470,45.687947],[84.938644,45.686900],[84.938132,45.686223],[84.937943,45.685518],[84.937781,45.685356],[84.937569,45.685285],[84.936618,45.685467],[84.936297,45.685435],[84.935635,45.684603],[84.935596,45.684036],[84.935201,45.683401],[84.934993,45.683222],[84.934706,45.683242],[84.934444,45.683545],[84.934014,45.683845],[84.933071,45.683853],[84.931466,45.682668],[84.928545,45.681577],[84.927747,45.680894],[84.927334,45.680752],[84.926645,45.680681],[84.926345,45.680382],[84.925896,45.679623],[84.925627,45.678515],[84.925176,45.677779],[84.925415,45.677142],[84.925411,45.676606],[84.922931,45.674288],[84.922475,45.673986],[84.922547,45.672684],[84.922078,45.671815],[84.920900,45.670448],[84.919709,45.669432],[84.919510,45.668677],[84.919558,45.668112],[84.919821,45.667530],[84.919978,45.666840],[84.919953,45.666217],[84.918943,45.665325],[84.918414,45.665098],[84.918083,45.664716],[84.917952,45.664046],[84.918077,45.663255],[84.916734,45.661860],[84.916211,45.661474],[84.915619,45.661355],[84.915380,45.661058],[84.915309,45.657833],[84.915127,45.656635],[84.914490,45.654527],[84.914192,45.653903],[84.913040,45.652821],[84.912526,45.652210],[84.912005,45.651783],[84.911756,45.651444],[84.911453,45.651247],[84.909946,45.651060],[84.909474,45.650943],[84.909136,45.650736],[84.909061,45.650208],[84.909167,45.649918],[84.909400,45.649722],[84.909830,45.649555],[84.910119,45.649297],[84.910240,45.649099],[84.910228,45.648936],[84.909063,45.648075],[84.908531,45.647159],[84.907871,45.647113],[84.907264,45.647256],[84.906942,45.647426],[84.906424,45.647404],[84.906000,45.646966],[84.905822,45.646633],[84.905594,45.646507],[84.905213,45.646500],[84.904686,45.646733],[84.904370,45.646748],[84.902987,45.646138],[84.901908,45.646018],[84.901218,45.645817],[84.900741,45.645533],[84.900074,45.645354],[84.899299,45.645398],[84.898444,45.645967],[84.897985,45.645971],[84.897274,45.645558],[84.896744,45.645418],[84.895723,45.645333],[84.893018,45.644453],[84.891718,45.644188],[84.889041,45.642595],[84.888589,45.642090],[84.886658,45.641082],[84.886426,45.640911],[84.886077,45.641038],[84.885476,45.641512],[84.885159,45.641540],[84.884883,45.641447],[84.884858,45.641171],[84.885191,45.640380],[84.885106,45.640115],[84.884845,45.639922],[84.883954,45.639740],[84.882311,45.638671],[84.880578,45.638732],[84.879851,45.638297],[84.878947,45.638139],[84.877651,45.637494],[84.876394,45.637410],[84.875493,45.637481],[84.873053,45.638023],[84.871887,45.638533],[84.871236,45.638589],[84.870807,45.638326],[84.870676,45.637994],[84.870266,45.637687],[84.870077,45.637662],[84.869329,45.637937],[84.868022,45.637931],[84.867296,45.637326],[84.866922,45.637144],[84.865413,45.637143],[84.864773,45.637416],[84.864394,45.637363],[84.864016,45.637311],[84.863747,45.637197],[84.863204,45.636478],[84.862984,45.636324],[84.862806,45.636321],[84.862127,45.636660],[84.860493,45.636498],[84.859789,45.636269],[84.859102,45.635906],[84.858894,45.634817],[84.858861,45.634106],[84.858555,45.633725],[84.857331,45.633729],[84.856206,45.632883],[84.855194,45.632122],[84.853739,45.631638],[84.851048,45.631191],[84.847680,45.631350],[84.846315,45.631636],[84.845398,45.631963],[84.842871,45.632863],[84.842460,45.633056],[84.842192,45.633536],[84.840752,45.634221],[84.840247,45.634405],[84.839295,45.634438],[84.838592,45.633875],[84.838362,45.633378],[84.838376,45.633003],[84.837902,45.632360],[84.837613,45.631537],[84.836355,45.630897],[84.835464,45.629353],[84.834223,45.628271],[84.833590,45.627960],[84.831010,45.630007],[84.826863,45.633360],[84.827307,45.636996],[84.827212,45.639455],[84.827475,45.644346],[84.827636,45.644805],[84.828088,45.645353],[84.829756,45.646609],[84.829656,45.647259],[84.826495,45.648516],[84.824386,45.649599],[84.822866,45.650508],[84.821856,45.650816],[84.821321,45.650832],[84.819593,45.650643],[84.817904,45.651324],[84.817304,45.651472],[84.816453,45.651340],[84.814352,45.651304],[84.813252,45.651176],[84.812853,45.651035],[84.811154,45.651031],[84.806863,45.652283],[84.803982,45.653643],[84.803712,45.654165],[84.803511,45.656859],[84.803181,45.658022],[84.800900,45.659201],[84.797516,45.660619],[84.796652,45.661714],[84.794823,45.662583],[84.793662,45.663380],[84.792889,45.663676],[84.792066,45.663753],[84.788688,45.663466],[84.786960,45.662349],[84.785536,45.661045],[84.785458,45.660601],[84.785679,45.659828],[84.786270,45.658428],[84.785914,45.657803],[84.784660,45.656102],[84.783412,45.655177],[84.780946,45.653778],[84.778984,45.652548],[84.776136,45.651167],[84.773892,45.650732],[84.772743,45.650310],[84.772196,45.649706],[84.772142,45.648662],[84.772851,45.646094],[84.773767,45.643389],[84.773981,45.642182],[84.773956,45.641029],[84.773607,45.640513],[84.773205,45.640155],[84.773097,45.639886],[84.773325,45.639539],[84.773680,45.639279],[84.776138,45.639375],[84.777445,45.639725],[84.778191,45.639806],[84.778865,45.639618],[84.788363,45.634848],[84.790946,45.633835],[84.792232,45.633173],[84.793685,45.631278],[84.800542,45.623977],[84.802024,45.623118],[84.803371,45.621789],[84.803906,45.620855],[84.803919,45.620546],[84.803404,45.620027],[84.803319,45.619783],[84.803467,45.619343],[84.804205,45.618672],[84.805033,45.616941],[84.804833,45.615676],[84.804874,45.614616],[84.805204,45.614071],[84.805455,45.613432],[84.806077,45.612692],[84.806252,45.612160],[84.806089,45.611631],[84.806127,45.610968],[84.805963,45.610756],[84.805672,45.610605],[84.805602,45.610407],[84.805939,45.610159],[84.806526,45.609242],[84.806469,45.608731],[84.806273,45.608440],[84.805970,45.608272],[84.805716,45.608242],[84.805197,45.608321],[84.804257,45.608672],[84.803382,45.608865],[84.802972,45.608870],[84.802821,45.608788],[84.802694,45.608080],[84.802193,45.607541],[84.802191,45.606058],[84.801450,45.605586],[84.800580,45.604752],[84.799369,45.603812],[84.798451,45.602856],[84.797197,45.601969],[84.795302,45.601363],[84.794537,45.600894],[84.794124,45.600511],[84.793681,45.600306],[84.792787,45.600244],[84.792336,45.600082],[84.792170,45.599924],[84.792171,45.599118],[84.792007,45.598915],[84.791605,45.598711],[84.791027,45.598613],[84.790127,45.598705],[84.789784,45.598653],[84.788063,45.597574],[84.787289,45.597318],[84.785090,45.597641],[84.783618,45.597593],[84.783240,45.597243],[84.783256,45.596834],[84.783117,45.596301],[84.780917,45.594219],[84.780773,45.593949],[84.780778,45.593373],[84.780678,45.593196],[84.779810,45.592925],[84.779463,45.592534],[84.779627,45.591994],[84.780522,45.591589],[84.780522,45.591117],[84.779935,45.590488],[84.779506,45.590226],[84.778960,45.590060],[84.777710,45.589971],[84.777000,45.590033],[84.775983,45.589914],[84.775752,45.589746],[84.775837,45.589539],[84.776463,45.589183],[84.776470,45.589008],[84.776322,45.588851],[84.776057,45.588792],[84.775616,45.588817],[84.774497,45.589314],[84.773788,45.589221],[84.773782,45.589058],[84.774251,45.588791],[84.774804,45.588622],[84.775310,45.588155],[84.775337,45.587893],[84.775158,45.587635],[84.775197,45.587406],[84.775412,45.587222],[84.775827,45.587084],[84.776599,45.586956],[84.777099,45.586623],[84.777268,45.586413],[84.777279,45.586138],[84.777008,45.585769],[84.776612,45.585432],[84.774689,45.584766],[84.774587,45.584630],[84.774455,45.583909],[84.774095,45.583560],[84.773862,45.583447],[84.772204,45.583579],[84.771850,45.583376],[84.771731,45.583227],[84.771852,45.582988],[84.772316,45.582708],[84.772358,45.582554],[84.772161,45.582275],[84.770510,45.581183],[84.769743,45.581060],[84.769461,45.580975],[84.769329,45.580839],[84.769290,45.580630],[84.769662,45.580248],[84.769897,45.579856],[84.769623,45.578970],[84.771489,45.578241],[84.772102,45.577910],[84.772398,45.577486],[84.772180,45.577106],[84.771868,45.577033],[84.771013,45.577192],[84.769569,45.577941],[84.768937,45.578005],[84.768814,45.577948],[84.768786,45.577760],[84.770028,45.576998],[84.770326,45.576674],[84.770352,45.576332],[84.770280,45.576197],[84.769679,45.575910],[84.769734,45.575731],[84.771338,45.574814],[84.771460,45.574595],[84.771483,45.574019],[84.771348,45.573841],[84.771195,45.573792],[84.770814,45.573818],[84.770113,45.574106],[84.769561,45.574083],[84.769336,45.573924],[84.768036,45.571790],[84.767696,45.570732],[84.766030,45.568424],[84.764438,45.566869],[84.761397,45.565031],[84.759978,45.564419],[84.759947,45.564298],[84.760047,45.564166],[84.760525,45.564088],[84.761376,45.563640],[84.761534,45.563255],[84.761544,45.562992],[84.761216,45.562564],[84.760837,45.562502],[84.760272,45.562558],[84.759580,45.562908],[84.757992,45.564126],[84.757517,45.565002],[84.757010,45.565489],[84.756252,45.565850],[84.755721,45.565760],[84.755541,45.565193],[84.755168,45.564722],[84.755011,45.564335],[84.756446,45.563390],[84.756705,45.563153],[84.756778,45.562920],[84.755830,45.562714],[84.755773,45.562525],[84.755852,45.562184],[84.756112,45.561914],[84.756168,45.561672],[84.755870,45.561266],[84.754285,45.561192],[84.754196,45.561070],[84.754330,45.560818],[84.754830,45.560527],[84.754932,45.560354],[84.754379,45.559604],[84.754028,45.559309],[84.753665,45.559301],[84.752735,45.559350],[84.752566,45.559292],[84.752419,45.559110],[84.752538,45.558795],[84.754093,45.557355],[84.755863,45.555941],[84.757119,45.555147],[84.757562,45.554759],[84.757566,45.554638],[84.757399,45.554501],[84.757164,45.554463],[84.756275,45.554680],[84.755816,45.554712],[84.755695,45.554622],[84.755781,45.554415],[84.756673,45.553802],[84.756694,45.553539],[84.756509,45.553147],[84.755342,45.552110],[84.755028,45.551957],[84.754797,45.551953],[84.754109,45.552194],[84.753872,45.552189],[84.753598,45.552042],[84.753513,45.551786],[84.753500,45.550900],[84.752842,45.549993],[84.752145,45.549698],[84.751039,45.548801],[84.750575,45.548525],[84.750324,45.548407],[84.749526,45.548316],[84.748094,45.547247],[84.747624,45.547096],[84.747399,45.546933],[84.747466,45.546404],[84.747761,45.546059],[84.747533,45.545048],[84.746969,45.544586],[84.745837,45.544195],[84.745153,45.544061],[84.744789,45.543623],[84.744711,45.543212],[84.744276,45.542773],[84.743698,45.542628],[84.743095,45.542729],[84.742585,45.543249],[84.741831,45.543234],[84.738598,45.542713],[84.738056,45.542447],[84.737681,45.541988],[84.736939,45.541672],[84.735535,45.541347],[84.734845,45.540481],[84.734910,45.539280],[84.734766,45.538600],[84.734431,45.537908],[84.734317,45.536749],[84.734620,45.535837],[84.735454,45.534660],[84.735815,45.534379],[84.736459,45.534061],[84.736976,45.533609],[84.737164,45.533225],[84.737177,45.532907],[84.736975,45.532461],[84.736153,45.531746],[84.735301,45.531353],[84.735007,45.530971],[84.734894,45.530500],[84.734454,45.529924],[84.734405,45.529371],[84.734992,45.528958],[84.736778,45.528360],[84.737137,45.528162],[84.737381,45.527858],[84.737432,45.527442],[84.737309,45.527263],[84.736436,45.527078],[84.735232,45.526975],[84.735153,45.526886],[84.735339,45.526560],[84.735362,45.526005],[84.735133,45.525461],[84.734877,45.524429],[84.734511,45.524066],[84.733735,45.523850],[84.733503,45.523690],[84.733483,45.523448],[84.735063,45.523359],[84.736536,45.523101],[84.737336,45.522753],[84.737810,45.522355],[84.738543,45.521267],[84.739200,45.521047],[84.739479,45.520756],[84.739508,45.520334],[84.739405,45.519802],[84.738789,45.519460],[84.738765,45.519292],[84.738901,45.519007],[84.739229,45.518704],[84.740033,45.518211],[84.740177,45.517763],[84.739747,45.517189],[84.739278,45.517026],[84.738327,45.516853],[84.736570,45.516771],[84.736405,45.516604],[84.736334,45.516281],[84.736382,45.515994],[84.737247,45.515461],[84.737627,45.514750],[84.737530,45.514339],[84.736975,45.514127],[84.736809,45.513936],[84.736846,45.513749],[84.738107,45.512860],[84.738120,45.512538],[84.737705,45.512362],[84.736264,45.512267],[84.736140,45.512089],[84.736327,45.511883],[84.737125,45.511536],[84.737456,45.511188],[84.737426,45.511021],[84.737276,45.510909],[84.736372,45.510744],[84.735671,45.510885],[84.734741,45.511375],[84.734523,45.511337],[84.734418,45.511135],[84.734882,45.510241],[84.734724,45.509737],[84.734900,45.508625],[84.736655,45.506808],[84.736729,45.506453],[84.736678,45.506232],[84.736526,45.506062],[84.736041,45.505956],[84.733620,45.506282],[84.731960,45.506168],[84.731774,45.506043],[84.731292,45.505181],[84.730600,45.505079],[84.729595,45.505079],[84.729206,45.504984],[84.728792,45.504766],[84.728691,45.504508],[84.728966,45.504293],[84.730085,45.503832],[84.730236,45.503193],[84.730711,45.502321],[84.730718,45.502167],[84.730477,45.501915],[84.729675,45.501899],[84.729573,45.501788],[84.729584,45.501513],[84.729939,45.501253],[84.729979,45.500701],[84.729796,45.500522],[84.729312,45.500446],[84.729155,45.500343],[84.729202,45.500056],[84.729690,45.499622],[84.730540,45.498449],[84.730928,45.498103],[84.731714,45.497789],[84.731950,45.497394],[84.731960,45.497151],[84.731872,45.496962],[84.731675,45.496848],[84.731407,45.496844],[84.729756,45.497227],[84.729523,45.497122],[84.729342,45.496889],[84.729326,45.496545],[84.729554,45.495598],[84.729572,45.495168],[84.728835,45.493516],[84.728728,45.493075],[84.728814,45.491252],[84.729020,45.490107],[84.729023,45.489590],[84.728662,45.489268],[84.727931,45.489400],[84.727647,45.489374],[84.727357,45.489188],[84.727306,45.488836],[84.727476,45.488176],[84.727542,45.486940],[84.726930,45.485766],[84.726839,45.485209],[84.726875,45.484329],[84.726733,45.484004],[84.726026,45.483547],[84.725929,45.483148],[84.725917,45.482718],[84.726330,45.482195],[84.727292,45.481343],[84.727577,45.480769],[84.726604,45.479692],[84.726237,45.479509],[84.725722,45.479451],[84.723986,45.479871],[84.723737,45.479865],[84.723570,45.479728],[84.723641,45.479433],[84.723888,45.479205],[84.723863,45.478660],[84.723674,45.477871],[84.723755,45.477498],[84.724092,45.476953],[84.724145,45.476383],[84.723946,45.475857],[84.723780,45.475697],[84.723401,45.475669],[84.723052,45.475750],[84.722701,45.475917],[84.722173,45.476471],[84.722024,45.476468],[84.721876,45.476464],[84.721291,45.476067],[84.720251,45.475770],[84.718681,45.475624],[84.717261,45.474996],[84.716215,45.474833],[84.716172,45.474719],[84.716370,45.474514],[84.716699,45.474466],[84.717763,45.474632],[84.717969,45.474548],[84.718659,45.473944],[84.718930,45.473871],[84.719607,45.474198],[84.720065,45.474195],[84.720653,45.474054],[84.722083,45.473244],[84.722753,45.472715],[84.722841,45.472454],[84.721649,45.471181],[84.720345,45.470355],[84.719811,45.470310],[84.719148,45.470383],[84.718576,45.470573],[84.717420,45.471499],[84.717196,45.471592],[84.716815,45.471608],[84.716487,45.471191],[84.716605,45.469900],[84.716575,45.469026],[84.716417,45.468216],[84.716107,45.467349],[84.715884,45.465520],[84.715736,45.465221],[84.715598,45.465084],[84.714739,45.465011],[84.714554,45.464886],[84.714441,45.464153],[84.714277,45.463940],[84.713504,45.463649],[84.712409,45.463062],[84.711908,45.462661],[84.711701,45.462348],[84.711465,45.460388],[84.711148,45.459980],[84.711036,45.459669],[84.711013,45.458787],[84.710596,45.457329],[84.710618,45.456779],[84.710830,45.456252],[84.711922,45.454982],[84.711897,45.454727],[84.711221,45.453650],[84.711259,45.452725],[84.710725,45.451794],[84.709501,45.451050],[84.709133,45.450725],[84.708791,45.450228],[84.708109,45.450039],[84.706619,45.450260],[84.706375,45.450109],[84.706257,45.449931],[84.706258,45.449488],[84.705687,45.448749],[84.705713,45.448538],[84.706384,45.448289],[84.706583,45.448072],[84.706662,45.447287],[84.706542,45.446742],[84.706310,45.446287],[84.705961,45.445958],[84.705319,45.445801],[84.704350,45.446076],[84.703719,45.446552],[84.703217,45.447180],[84.702782,45.447944],[84.702443,45.448091],[84.701863,45.448015],[84.701665,45.447897],[84.702579,45.446340],[84.702579,45.445917],[84.702229,45.445601],[84.701683,45.445556],[84.701432,45.445449],[84.701315,45.445259],[84.701326,45.444976],[84.702562,45.443686],[84.702836,45.443104],[84.702848,45.442807],[84.702436,45.442402],[84.699869,45.442501],[84.698693,45.442751],[84.698176,45.442739],[84.697435,45.442393],[84.697231,45.442422],[84.697033,45.442613],[84.696508,45.443522],[84.695993,45.443752],[84.695502,45.443841],[84.693646,45.443391],[84.692951,45.442779],[84.692568,45.442561],[84.692485,45.442259],[84.692772,45.441360],[84.692713,45.440465],[84.692414,45.439772],[84.692008,45.439220],[84.691288,45.438795],[84.690383,45.438533],[84.689525,45.438714],[84.688372,45.439275],[84.687551,45.439268],[84.687139,45.439004],[84.686793,45.438601],[84.686834,45.436876],[84.686057,45.435798],[84.685463,45.435785],[84.684703,45.436187],[84.684560,45.436182],[84.684336,45.435981],[84.684233,45.435745],[84.684462,45.435245],[84.684772,45.433781],[84.684724,45.433070],[84.685473,45.430180],[84.685596,45.429060],[84.685239,45.428496],[84.684723,45.428012],[84.683543,45.426175],[84.683147,45.425388],[84.683134,45.424991],[84.682990,45.424578],[84.683059,45.424062],[84.683351,45.423902],[84.684496,45.423684],[84.684678,45.423467],[84.684688,45.423204],[84.684489,45.422979],[84.682538,45.422259],[84.682234,45.421989],[84.681133,45.421588],[84.680154,45.420957],[84.679608,45.420495],[84.679428,45.420222],[84.679321,45.419791],[84.679113,45.419509],[84.678829,45.419470],[84.678443,45.419603],[84.677630,45.420704],[84.676841,45.420808],[84.675128,45.420657],[84.675089,45.420460],[84.675383,45.420245],[84.675973,45.420070],[84.676167,45.419853],[84.676413,45.418932],[84.677169,45.418472],[84.677965,45.418202],[84.678084,45.418050],[84.677995,45.417484],[84.676484,45.417208],[84.675777,45.417180],[84.674605,45.417333],[84.672126,45.417896],[84.670861,45.417714],[84.669942,45.417794],[84.669858,45.417745],[84.669761,45.417689],[84.669727,45.417379],[84.671213,45.416098],[84.671334,45.415757],[84.671328,45.415469],[84.670957,45.415374],[84.670026,45.415452],[84.669760,45.415413],[84.669388,45.415205],[84.668577,45.413970],[84.667720,45.413421],[84.666500,45.412863],[84.666208,45.412590],[84.665272,45.412063],[84.665232,45.411895],[84.665360,45.411638],[84.666939,45.411419],[84.667689,45.411093],[84.668768,45.410165],[84.668823,45.409991],[84.668680,45.409712],[84.667969,45.409353],[84.667885,45.409097],[84.668855,45.407627],[84.669082,45.406747],[84.668765,45.406506],[84.668462,45.406499],[84.667332,45.406942],[84.666201,45.406816],[84.665519,45.406634],[84.664855,45.406310],[84.664602,45.405950],[84.664496,45.405496],[84.664221,45.405235],[84.663463,45.404876],[84.663596,45.404403],[84.664051,45.404028],[84.664575,45.403155],[84.664905,45.402364],[84.664921,45.401713],[84.664084,45.401377],[84.663639,45.401054],[84.660928,45.400058],[84.660536,45.400049],[84.660333,45.400065],[84.660136,45.400228],[84.659835,45.401069],[84.659466,45.401625],[84.658724,45.402030],[84.658357,45.402130],[84.657721,45.401995],[84.657469,45.401614],[84.656575,45.400666],[84.655917,45.400631],[84.655467,45.400884],[84.654941,45.400388],[84.654334,45.400107],[84.654004,45.399757],[84.653775,45.399255],[84.653627,45.398245],[84.653258,45.396817],[84.652973,45.396251],[84.652751,45.396162],[84.651538,45.396728],[84.651004,45.396716],[84.650923,45.396405],[84.651776,45.395589],[84.652882,45.393868],[84.653604,45.392531],[84.654928,45.390664],[84.655364,45.390181],[84.657177,45.388876],[84.657378,45.388613],[84.657386,45.388421],[84.657263,45.388235],[84.656895,45.388227],[84.655272,45.388683],[84.654392,45.389257],[84.653400,45.389678],[84.652921,45.389775],[84.652303,45.389762],[84.651710,45.389464],[84.650218,45.389030],[84.649220,45.389033],[84.647584,45.388086],[84.646164,45.386797],[84.644956,45.386428],[84.644810,45.386082],[84.644973,45.385159],[84.645218,45.384567],[84.645532,45.384286],[84.645684,45.383926],[84.645622,45.383273],[84.645349,45.382966],[84.645250,45.382642],[84.645310,45.382347],[84.645573,45.382165],[84.647041,45.381579],[84.647351,45.381285],[84.647426,45.381036],[84.647549,45.379932],[84.647404,45.379277],[84.647186,45.379227],[84.646100,45.379624],[84.645864,45.379586],[84.645719,45.379361],[84.646209,45.378875],[84.647004,45.378316],[84.647368,45.377564],[84.647224,45.377172],[84.646794,45.376941],[84.645970,45.376790],[84.644294,45.376644],[84.644220,45.376421],[84.644347,45.376094],[84.645123,45.375138],[84.645017,45.374705],[84.644792,45.374533],[84.643789,45.374820],[84.642760,45.374985],[84.640417,45.375054],[84.639956,45.375144],[84.639446,45.375012],[84.639468,45.374770],[84.639733,45.374529],[84.640624,45.374219],[84.640775,45.374014],[84.640788,45.372840],[84.640977,45.372159],[84.641068,45.370253],[84.641256,45.368887],[84.641169,45.368287],[84.640653,45.366693],[84.640556,45.366039],[84.639564,45.364175],[84.639012,45.363762],[84.637362,45.363450],[84.637069,45.363364],[84.636889,45.363164],[84.636737,45.362638],[84.636735,45.361268],[84.636658,45.360836],[84.635665,45.359035],[84.635465,45.358855],[84.633170,45.358529],[84.632810,45.358220],[84.632799,45.358032],[84.633078,45.357729],[84.634497,45.356900],[84.634631,45.356661],[84.634497,45.356457],[84.634282,45.356344],[84.632795,45.356729],[84.632413,45.356741],[84.632276,45.356694],[84.632138,45.356648],[84.631626,45.356127],[84.630275,45.353524],[84.629897,45.353065],[84.628701,45.352007],[84.628287,45.351137],[84.627910,45.350786],[84.627088,45.349311],[84.626896,45.349064],[84.626303,45.348650],[84.625750,45.347577],[84.624988,45.347043],[84.624172,45.346273],[84.624166,45.345997],[84.624417,45.345238],[84.624350,45.344731],[84.623848,45.344244],[84.623318,45.343878],[84.622916,45.343694],[84.622217,45.343565],[84.621769,45.343339],[84.620701,45.342229],[84.620001,45.341805],[84.618818,45.340743],[84.617212,45.339756],[84.616766,45.339216],[84.615654,45.338728],[84.614864,45.338214],[84.614184,45.337615],[84.613802,45.336997],[84.613464,45.336835],[84.612501,45.336626],[84.611918,45.336321],[84.611756,45.335750],[84.611554,45.335612],[84.610812,45.335395],[84.610298,45.334912],[84.610171,45.334659],[84.608585,45.333817],[84.608254,45.333371],[84.605027,45.330791],[84.598435,45.326857],[84.597610,45.326468],[84.595911,45.325876],[84.595500,45.325517],[84.595031,45.324709],[84.594858,45.324074],[84.594343,45.323633],[84.594201,45.323333],[84.594096,45.322742],[84.593886,45.322528],[84.592840,45.322076],[84.592248,45.321379],[84.591939,45.321259],[84.590885,45.321283],[84.589848,45.321019],[84.589855,45.320852],[84.590910,45.319980],[84.590914,45.319612],[84.590734,45.319412],[84.590331,45.319270],[84.588663,45.319102],[84.587731,45.318907],[84.587654,45.318220],[84.587428,45.317981],[84.587043,45.317811],[84.586790,45.317517],[84.586715,45.317052],[84.586797,45.315812],[84.586685,45.315513],[84.586355,45.315210],[84.585948,45.315210],[84.584626,45.315671],[84.583924,45.315624],[84.583904,45.315410],[84.584450,45.315091],[84.585085,45.314883],[84.585264,45.314719],[84.585302,45.314503],[84.585219,45.314233],[84.583592,45.313118],[84.582019,45.312576],[84.581070,45.312092],[84.580550,45.311518],[84.579300,45.310740],[84.580617,45.298815],[84.581370,45.293615],[84.581700,45.290465],[84.581873,45.288814],[84.581893,45.288655],[84.583729,45.274264],[84.585991,45.259935],[84.587351,45.252114],[84.588880,45.241430],[84.593049,45.237495],[84.595234,45.236056],[84.596042,45.235391],[84.596581,45.234764],[84.597916,45.231504],[84.598392,45.230944],[84.600232,45.229542],[84.601654,45.228864],[84.602614,45.228107],[84.603672,45.227603],[84.609166,45.223000],[84.610646,45.221521],[84.612645,45.220192],[84.614728,45.219140],[84.615587,45.218503],[84.616466,45.217038],[84.618008,45.214076],[84.619816,45.212631],[84.621316,45.210653],[84.622429,45.207418],[84.623131,45.206334],[84.624846,45.203087],[84.626572,45.200328],[84.626698,45.199566],[84.627370,45.198077],[84.628761,45.195650],[84.630363,45.193303],[84.631059,45.191595],[84.631324,45.190608],[84.631871,45.189134],[84.632311,45.188116],[84.632791,45.187327],[84.632741,45.187003],[84.633285,45.185936],[84.633982,45.185013],[84.634920,45.184108],[84.635691,45.183538],[84.636500,45.183086],[84.638872,45.182092],[84.639615,45.181694],[84.640722,45.180939],[84.642572,45.179483],[84.644259,45.178380],[84.647498,45.175575],[84.650337,45.173349],[84.653053,45.170648],[84.656051,45.168088],[84.659964,45.165405],[84.663004,45.163111],[84.665751,45.161415],[84.666865,45.160103],[84.668894,45.158546],[84.668625,45.154298],[84.667501,45.147594],[84.666849,45.141640],[84.661586,45.102329],[84.661570,45.102214],[84.657399,45.063472],[84.656437,45.055772],[84.653769,45.034423],[84.651920,45.019628],[84.650606,45.009105],[84.642366,45.003279],[84.651636,45.000123],[84.647673,44.967719],[84.642963,44.929192],[84.635663,44.930232],[84.634382,44.908382],[84.634008,44.906009],[84.633950,44.905129],[84.634331,44.901016],[84.634429,44.898059],[84.634648,44.895139],[84.634729,44.894057],[84.635799,44.879768],[84.636122,44.877217],[84.636116,44.876643],[84.635529,44.871854],[84.635266,44.868529],[84.635019,44.867664],[84.635062,44.867464],[84.635274,44.867237],[84.635634,44.867073],[84.648424,44.866724],[84.648629,44.866326],[84.649099,44.857979],[84.649382,44.850177],[84.650086,44.835602],[84.650094,44.835428],[84.651010,44.816472],[84.651255,44.811387],[84.652485,44.791034],[84.640506,44.791777],[84.630276,44.792410],[84.629526,44.792448],[84.627917,44.792339],[84.627881,44.792381],[84.627784,44.792315],[84.626002,44.791772],[84.626424,44.784236],[84.628155,44.783790],[84.631462,44.782164],[84.634611,44.779902],[84.636454,44.778988],[84.637168,44.779097],[84.643083,44.775259],[84.644525,44.774213],[84.645267,44.773108],[84.647955,44.766689],[84.648371,44.765999],[84.648762,44.765546],[84.649307,44.765173],[84.651599,44.763973],[84.656981,44.761954],[84.673661,44.755259],[84.673993,44.754364],[84.674213,44.752916],[84.674249,44.752572],[84.674052,44.752129],[84.674418,44.751924],[84.674513,44.750624],[84.674778,44.750283],[84.675544,44.750009],[84.676149,44.749463],[84.676421,44.749412],[84.677489,44.748794],[84.678277,44.748112],[84.678217,44.747489],[84.677795,44.746779],[84.678357,44.746109],[84.677402,44.745347],[84.675364,44.744141],[84.673525,44.743619],[84.673095,44.743694],[84.672752,44.743162],[84.672936,44.741871],[84.673930,44.740723],[84.675537,44.740859],[84.677334,44.739846],[84.680953,44.739827],[84.683171,44.740532],[84.686591,44.740510],[84.690614,44.739240],[84.693980,44.737180],[84.694775,44.736461],[84.694752,44.734886],[84.695555,44.734453],[84.701375,44.734275],[84.702576,44.733554],[84.703173,44.733549],[84.703601,44.735259],[84.704006,44.735547],[84.705620,44.735680],[84.706415,44.735382],[84.708403,44.733797],[84.708403,44.733518],[84.710574,44.731216],[84.712531,44.727190],[84.708663,44.723931],[84.707630,44.721641],[84.707607,44.719931],[84.708379,44.717923],[84.711353,44.715188],[84.714581,44.714928],[84.715884,44.715030],[84.716726,44.715361],[84.717598,44.716550],[84.718078,44.716873],[84.718644,44.716959],[84.719044,44.716654],[84.719520,44.715761],[84.719863,44.715575],[84.721334,44.715417],[84.724428,44.714722],[84.728107,44.712652],[84.729627,44.711172],[84.730692,44.711074],[84.732432,44.711230],[84.733352,44.711517],[84.734616,44.711634],[84.735600,44.711609],[84.737427,44.712180],[84.737808,44.712041],[84.738346,44.711499],[84.738930,44.710461],[84.738960,44.709677],[84.739081,44.709247],[84.739502,44.709052],[84.740257,44.708930],[84.740744,44.708719],[84.740901,44.708326],[84.740919,44.707004],[84.741899,44.703956],[84.742949,44.703350],[84.744395,44.702942],[84.745016,44.702586],[84.745027,44.702365],[84.744615,44.701601],[84.744695,44.701215],[84.746013,44.699896],[84.746990,44.698700],[84.746876,44.696799],[84.747578,44.694901],[84.748762,44.693602],[84.751158,44.693011],[84.754134,44.690982],[84.754713,44.689553],[84.754294,44.687980],[84.754271,44.686404],[84.755324,44.686472],[84.760441,44.683706],[84.760359,44.683192],[84.762751,44.680619],[84.764462,44.679911],[84.764486,44.679270],[84.763921,44.678638],[84.763905,44.677616],[84.764006,44.676761],[84.764264,44.676691],[84.764811,44.676723],[84.766411,44.677124],[84.767155,44.677053],[84.767282,44.676833],[84.766908,44.676519],[84.768369,44.674998],[84.770078,44.674304],[84.770744,44.674232],[84.771283,44.674411],[84.772872,44.675695],[84.773841,44.676131],[84.775131,44.676126],[84.775661,44.675845],[84.776840,44.674355],[84.777475,44.672619],[84.780171,44.670971],[84.781911,44.669628],[84.782677,44.669187],[84.783706,44.668869],[84.785088,44.668621],[84.787860,44.668587],[84.788285,44.668648],[84.789414,44.669584],[84.792799,44.672048],[84.793781,44.672561],[84.794600,44.672723],[84.795145,44.672732],[84.795699,44.672511],[84.796239,44.672468],[84.796804,44.673941],[84.798373,44.680282],[84.798832,44.681266],[84.799205,44.681775],[84.801935,44.683390],[84.803963,44.683307],[84.805007,44.683060],[84.805481,44.682774],[84.808970,44.683014],[84.814328,44.683620],[84.827029,44.684220],[84.854176,44.685682],[84.850732,44.692229],[84.846902,44.699509],[84.844367,44.704551],[84.844323,44.704639],[84.844093,44.705096],[84.839956,44.713330],[84.834886,44.723258],[84.834568,44.723853],[84.834329,44.724302],[84.833707,44.725464],[84.832012,44.728637],[84.830664,44.731163],[84.827312,44.737436],[84.827266,44.737522],[84.825890,44.740098],[84.823488,44.744594],[84.819735,44.751617],[84.819073,44.752856],[84.818650,44.753684],[84.816924,44.757060],[84.813223,44.764301],[84.804500,44.781361],[84.793111,44.802800],[84.792700,44.803742],[84.792358,44.805540],[84.792271,44.807951],[84.792252,44.808488],[84.797185,44.809062],[84.801437,44.809945],[84.807038,44.811108],[84.811057,44.811783],[84.812349,44.812319],[84.820131,44.815550],[84.823754,44.816800],[84.832423,44.820423],[84.833633,44.820840],[84.836678,44.823385],[84.838086,44.823652],[84.839882,44.823350],[84.846322,44.825000],[84.848510,44.825788],[84.848924,44.826098],[84.849167,44.826405],[84.849445,44.826488],[84.851074,44.826329],[84.855525,44.824625],[84.857646,44.823057],[84.858940,44.822448],[84.860933,44.821312],[84.866397,44.818720],[84.868138,44.817756],[84.878609,44.812640],[84.883730,44.810043],[84.888863,44.807615],[84.894707,44.804674],[84.898242,44.802894],[84.899398,44.802723],[84.907716,44.802132],[84.911469,44.801968],[84.915147,44.801627],[84.916810,44.801625],[84.920389,44.802445],[84.930981,44.804460],[84.937379,44.805846],[84.937929,44.805769],[84.938309,44.805509],[84.940354,44.803297],[84.941218,44.802504],[84.941321,44.802409],[84.942386,44.801774],[84.943337,44.801341],[84.944358,44.801085],[84.946548,44.800753],[84.951335,44.800580],[84.952734,44.800332],[84.953901,44.799959],[84.956859,44.797761],[84.957072,44.797402],[84.957776,44.795151],[84.958662,44.793430],[84.959205,44.792735],[84.960275,44.788443],[84.960865,44.787582],[84.961687,44.786834],[84.963977,44.783353],[84.965005,44.782116],[84.965182,44.781931],[84.965606,44.781760],[84.966677,44.781452],[84.967586,44.780906],[84.968870,44.779427],[84.971216,44.777377],[84.973021,44.776118],[84.974924,44.775296],[84.976346,44.774239],[84.977015,44.773467],[84.978810,44.772003],[84.979267,44.771402],[84.979994,44.769846],[84.980278,44.769643],[84.981954,44.769059],[84.984138,44.768088],[84.987479,44.767095],[84.987957,44.767247],[84.988361,44.767665],[84.989213,44.768221],[84.990063,44.768519],[84.991571,44.768725],[84.992330,44.768762],[84.992898,44.768673],[84.994711,44.768071],[84.998676,44.765732],[85.000337,44.764893],[85.002150,44.763459],[85.002461,44.763131],[85.003469,44.761438],[85.004701,44.760059],[85.005053,44.759757],[85.005609,44.759535],[85.006399,44.758844],[85.007994,44.756854],[85.008398,44.756420],[85.008984,44.756168],[85.009307,44.755853],[85.009619,44.755342],[85.009918,44.755222],[85.010403,44.755283],[85.010856,44.754854],[85.012936,44.754010],[85.015326,44.752852],[85.019371,44.751548],[85.021954,44.750606],[85.023985,44.749693],[85.026679,44.748397],[85.031624,44.745585],[85.035508,44.744528],[85.038746,44.743350],[85.041371,44.742551],[85.046596,44.740205],[85.047629,44.739195],[85.049385,44.736003],[85.050844,44.732733],[85.053245,44.726642],[85.053518,44.724483],[85.054406,44.723351],[85.054792,44.723165],[85.054130,44.718957],[85.054008,44.718185],[85.053116,44.717064],[85.052654,44.716137],[85.052025,44.714299],[85.051897,44.713341],[85.050676,44.713225],[85.050493,44.713131],[85.050423,44.712878],[85.052348,44.701721],[85.052880,44.698130],[85.045317,44.696576],[85.043487,44.696058],[85.041838,44.695915],[85.039937,44.695185],[85.037886,44.694735],[85.033308,44.693531],[85.030225,44.692450],[85.028989,44.691688],[85.027517,44.690473],[85.026816,44.689256],[85.026042,44.688199],[85.025342,44.686690],[85.025452,44.685603],[85.025102,44.682601],[85.025254,44.681588],[85.024998,44.678793],[85.024834,44.678200],[85.024615,44.675593],[85.024406,44.674495],[85.024220,44.670030],[85.023852,44.668079],[85.023623,44.666221],[85.023643,44.665647],[85.022113,44.653035],[85.021783,44.650311],[85.019509,44.632371],[85.018256,44.619649],[85.046780,44.623117],[85.055088,44.624382],[85.065200,44.625716],[85.068360,44.626379],[85.010296,44.574837],[84.943356,44.565107],[84.901129,44.558965],[84.900269,44.558840],[84.853844,44.552091],[84.855923,44.545343],[84.857301,44.544188],[84.858277,44.542542],[84.857855,44.540468],[84.858432,44.539758],[84.858239,44.538907],[84.855154,44.535334],[84.855133,44.533601],[84.856267,44.529615],[84.855629,44.527467],[84.851935,44.521493],[84.852300,44.518644],[84.853818,44.514324],[84.854789,44.512761],[84.854930,44.509750],[84.855315,44.508736],[84.859035,44.504269],[84.858617,44.502851],[84.858984,44.500962],[84.861117,44.498363],[84.861069,44.495592],[84.856958,44.487426],[84.856120,44.486224],[84.850476,44.480184],[84.844470,44.474113],[84.837721,44.468012],[84.833754,44.465946],[84.829329,44.464535],[84.826605,44.462975],[84.825886,44.462563],[84.825623,44.461838],[84.825474,44.461711],[84.824074,44.460324],[84.822429,44.458697],[84.814750,44.451099],[84.812930,44.449115],[84.805873,44.443468],[84.802462,44.441923],[84.797428,44.438118],[84.797017,44.437265],[84.794958,44.434761],[84.794748,44.434513],[84.794541,44.434253],[84.793679,44.433205],[84.792348,44.431586],[84.791518,44.429736],[84.791313,44.429021],[84.790893,44.428017],[84.790475,44.427017],[84.788806,44.423023],[84.788425,44.422762],[84.787192,44.420194],[84.787374,44.419189],[84.787354,44.417632],[84.787351,44.417336],[84.787504,44.414757],[84.787633,44.410037],[84.788196,44.408032],[84.787960,44.405311],[84.788120,44.403020],[84.788205,44.395447],[84.787999,44.395012],[84.786392,44.393885],[84.784593,44.393474],[84.779999,44.392661],[84.778200,44.391962],[84.778187,44.391120],[84.778183,44.390869],[84.778156,44.389137],[84.777918,44.386676],[84.777644,44.381815],[84.777422,44.380244],[84.777369,44.376807],[84.777499,44.372375],[84.778002,44.366079],[84.777918,44.360501],[84.778649,44.356494],[84.779221,44.354624],[84.779000,44.353199],[84.778961,44.350769],[84.778534,44.349196],[84.778649,44.343622],[84.779777,44.339037],[84.781102,44.334591],[84.781064,44.332153],[84.782565,44.326280],[84.784715,44.324115],[84.785498,44.323104],[84.786596,44.317943],[84.786557,44.316390],[84.785905,44.314435],[84.784783,44.311936],[84.784059,44.309836],[84.783770,44.308133],[84.784313,44.306792],[84.786195,44.305051],[84.791442,44.300117],[84.792636,44.297942],[84.793504,44.295550],[84.793577,44.292579],[84.793908,44.287978],[84.795567,44.280679],[84.795743,44.279099],[84.796497,44.276378],[84.796672,44.274798],[84.796223,44.271660],[84.795606,44.270237],[84.795766,44.267802],[84.798248,44.261343],[84.798203,44.258770],[84.796535,44.253353],[84.795286,44.249644],[84.793381,44.242234],[84.791880,44.235093],[84.791469,44.233808],[84.791637,44.231949],[84.791766,44.227373],[84.791721,44.224656],[84.791088,44.222522],[84.785779,44.212703],[84.783958,44.210286],[84.780438,44.201029],[84.776986,44.195767],[84.773700,44.188942],[84.772038,44.184090],[84.768783,44.178398],[84.764528,44.173145],[84.762294,44.169595],[84.759663,44.166468],[84.753819,44.160653],[84.746141,44.151857],[84.739896,44.146182],[84.738881,44.144327],[84.737838,44.141798],[84.735758,44.137209],[84.733194,44.132039],[84.732903,44.130831],[84.731819,44.128561],[84.733327,44.128022],[84.734489,44.127394],[84.735691,44.126492],[84.737154,44.126033],[84.737980,44.126171],[84.739752,44.127214],[84.740785,44.128270],[84.742542,44.129701],[84.746018,44.131274],[84.748445,44.132484],[84.752200,44.134146],[84.757995,44.136974],[84.761242,44.139468],[84.764666,44.141589],[84.766058,44.142208],[84.768360,44.143605],[84.769829,44.144627],[84.780047,44.150448],[84.782004,44.151461],[84.785960,44.153831],[84.787178,44.154739],[84.788218,44.155769],[84.789412,44.156676],[84.790856,44.158055],[84.791967,44.158710],[84.794507,44.159909],[84.797325,44.161421],[84.802599,44.162325],[84.804240,44.162755],[84.806191,44.162948],[84.807675,44.163543],[84.811463,44.163851],[84.813575,44.163780],[84.816911,44.163153],[84.820691,44.161163],[84.822781,44.160381],[84.823796,44.160181],[84.824876,44.160108],[84.825732,44.160148],[84.826491,44.160294],[84.826886,44.160251],[84.827945,44.159810],[84.828777,44.159849],[84.830503,44.160163],[84.832266,44.160719],[84.832899,44.161258],[84.832045,44.163815],[84.834912,44.164007],[84.835861,44.164565],[84.836181,44.165185],[84.836353,44.166695],[84.836611,44.167234],[84.837374,44.168217],[84.837625,44.168891],[84.838044,44.169482],[84.838494,44.170043],[84.839443,44.170868],[84.840033,44.171146],[84.841012,44.171409],[84.843255,44.171271],[84.844526,44.171338],[84.845129,44.171761],[84.845963,44.172173],[84.848811,44.173108],[84.850536,44.173864],[84.850993,44.173851],[84.852014,44.173285],[84.853415,44.173550],[84.854612,44.173088],[84.855437,44.172968],[84.856213,44.172997],[84.857029,44.173130],[84.857409,44.173283],[84.859801,44.170537],[84.860917,44.169503],[84.861435,44.169111],[84.862161,44.168723],[84.862563,44.168649],[84.864497,44.168682],[84.866612,44.168852],[84.868331,44.168765],[84.871141,44.168973],[84.873738,44.169302],[84.876219,44.170298],[84.877493,44.170671],[84.881573,44.170768],[84.884226,44.170548],[84.887608,44.171051],[84.888928,44.171099],[84.891098,44.171472],[84.893216,44.171636],[84.895731,44.172416],[84.897359,44.173331],[84.902280,44.176645],[84.903876,44.177535],[84.905427,44.177981],[84.906283,44.178131],[84.909873,44.178464],[84.914258,44.178705],[84.916375,44.178987],[84.917341,44.179288],[84.917669,44.179562],[84.918056,44.180121],[84.918538,44.181283],[84.918924,44.182543],[84.920113,44.184445],[84.922699,44.187738],[84.924854,44.190318],[84.926108,44.192046],[84.927720,44.194525],[84.928821,44.195674],[84.929393,44.196921],[84.929859,44.197573],[84.930669,44.198366],[84.931997,44.200664],[84.932833,44.203378],[84.933089,44.204728],[84.933590,44.206200],[84.934059,44.206948],[84.934718,44.207416],[84.934861,44.207661],[84.935413,44.211352],[84.935345,44.213272],[84.934984,44.214756],[84.935112,44.215602],[84.935582,44.217466],[84.935238,44.218157],[84.935225,44.219029],[84.935137,44.219202],[84.935024,44.220273],[84.935024,44.222086],[84.935292,44.223241],[84.935294,44.224026],[84.935124,44.225059],[84.935166,44.225502],[84.937159,44.227971],[84.937169,44.228206],[84.937021,44.228424],[84.936994,44.229197],[84.936627,44.229853],[84.936681,44.230164],[84.936792,44.230487],[84.937239,44.231013],[84.937292,44.231182],[84.937087,44.231708],[84.937093,44.232026],[84.937197,44.232228],[84.937682,44.232339],[84.937938,44.232518],[84.937994,44.232741],[84.937605,44.233210],[84.937966,44.234365],[84.937814,44.234725],[84.937802,44.235081],[84.937929,44.235438],[84.938163,44.235739],[84.938172,44.235994],[84.937968,44.236144],[84.937896,44.236377],[84.937934,44.236607],[84.938231,44.236968],[84.938289,44.237458],[84.938581,44.238124],[84.938751,44.239255],[84.938740,44.240559],[84.938563,44.241281],[84.938009,44.242114],[84.937843,44.243197],[84.937836,44.244134],[84.937550,44.244680],[84.937348,44.244823],[84.937291,44.245084],[84.937690,44.246032],[84.938521,44.246920],[84.938791,44.247523],[84.938857,44.248773],[84.939382,44.249568],[84.939422,44.251422],[84.939344,44.252030],[84.939437,44.252320],[84.939645,44.252554],[84.940053,44.253380],[84.941913,44.255162],[84.942371,44.255405],[84.944603,44.255921],[84.945587,44.256437],[84.946316,44.257261],[84.948139,44.258809],[84.949512,44.259245],[84.950678,44.259920],[84.952145,44.261152],[84.954091,44.262032],[84.955675,44.263219],[84.956512,44.264318],[84.957110,44.266602],[84.957403,44.267235],[84.957619,44.268074],[84.958088,44.268685],[84.958705,44.269734],[84.959139,44.270695],[84.959095,44.272615],[84.959339,44.274650],[84.959952,44.278689],[84.960272,44.279723],[84.960490,44.280179],[84.962527,44.282885],[84.962720,44.283540],[84.963565,44.285446],[84.964404,44.287021],[84.967303,44.289490],[84.968438,44.291969],[84.968420,44.292474],[84.968064,44.293803],[84.967554,44.295221],[84.967469,44.295805],[84.967723,44.296562],[84.968546,44.297263],[84.969085,44.297394],[84.974891,44.297944],[84.975884,44.298298],[84.976684,44.298478],[84.978026,44.299048],[84.984211,44.302236],[84.986326,44.303596],[84.986935,44.304268],[84.988030,44.305752],[84.991418,44.308583],[84.993118,44.309469],[84.996152,44.310681],[84.999449,44.311555],[85.002212,44.311816],[85.005042,44.312334],[85.014524,44.314639],[85.017603,44.315228],[85.019674,44.315872],[85.020661,44.316088],[85.023883,44.316417],[85.025562,44.316759],[85.033107,44.316813],[85.038608,44.317273],[85.042004,44.317420],[85.042966,44.317284],[85.045372,44.316633],[85.046566,44.316568],[85.049708,44.316737],[85.052031,44.317171],[85.053771,44.317324],[85.060154,44.317324],[85.062834,44.317442],[85.065403,44.317281],[85.066334,44.317163],[85.066913,44.316962],[85.068622,44.316630],[85.069985,44.316533],[85.073047,44.315850],[85.075074,44.315752],[85.076656,44.315350],[85.081431,44.314629],[85.085444,44.313694],[85.087025,44.313467],[85.088944,44.313049],[85.095402,44.312228],[85.098705,44.311678],[85.102104,44.311347],[85.106765,44.310154],[85.107839,44.309695],[85.108537,44.309531],[85.109658,44.309555],[85.109790,44.308386],[85.110330,44.307052],[85.110338,44.306538],[85.110608,44.305479],[85.111321,44.304863],[85.111626,44.304444],[85.111985,44.303115],[85.112390,44.302498],[85.112270,44.301315],[85.111953,44.300643],[85.111960,44.300431],[85.112320,44.299754],[85.112309,44.299422],[85.112051,44.299058],[85.112031,44.298880],[85.112282,44.298137],[85.112088,44.297928],[85.112018,44.297570],[85.112084,44.296968],[85.111985,44.295800],[85.112037,44.295218],[85.112497,44.294651],[85.112552,44.294381],[85.112383,44.293932],[85.112391,44.293681],[85.112760,44.292838],[85.112680,44.292139],[85.112421,44.291680],[85.112256,44.290536],[85.112487,44.289363],[85.112451,44.288606],[85.112238,44.288292],[85.112135,44.287257],[85.111797,44.286846],[85.111779,44.286609],[85.111278,44.285672],[85.110066,44.285019],[85.109647,44.284647],[85.109164,44.284445],[85.107807,44.283372],[85.107590,44.282676],[85.107536,44.280880],[85.107431,44.280690],[85.107597,44.279481],[85.107780,44.278223],[85.107510,44.274601],[85.107251,44.270974],[85.106989,44.267352],[85.106721,44.263730],[85.106703,44.263531],[85.106660,44.259908],[85.106616,44.256277],[85.106614,44.256120],[85.106480,44.255725],[85.106386,44.254899],[85.106049,44.253550],[85.105376,44.251578],[85.104934,44.250892],[85.105034,44.250579],[85.105376,44.250178],[85.105402,44.249915],[85.105287,44.249778],[85.104484,44.249392],[85.104652,44.248685],[85.104173,44.247061],[85.103892,44.246647],[85.103222,44.246042],[85.103039,44.245333],[85.102050,44.244412],[85.101989,44.244183],[85.102185,44.243831],[85.101664,44.243106],[85.102024,44.241777],[85.101324,44.240659],[85.101184,44.239292],[85.100883,44.237725],[85.100900,44.236935],[85.100641,44.235434],[85.100375,44.234925],[85.100365,44.234568],[85.100645,44.233580],[85.100361,44.231924],[85.100662,44.231327],[85.100655,44.230856],[85.100248,44.230099],[85.100458,44.229544],[85.100716,44.229237],[85.100691,44.228945],[85.099850,44.228239],[85.099811,44.228051],[85.100144,44.227688],[85.100192,44.227276],[85.099779,44.226725],[85.099898,44.226211],[85.099324,44.225749],[85.099338,44.225473],[85.099175,44.225320],[85.098894,44.224709],[85.098532,44.224305],[85.097801,44.222788],[85.097575,44.222117],[85.096461,44.220829],[85.096370,44.220446],[85.095618,44.219588],[85.095522,44.219374],[85.095546,44.218643],[85.095352,44.218329],[85.095479,44.216892],[85.095347,44.216361],[85.095119,44.216139],[85.095175,44.215448],[85.094905,44.214946],[85.094702,44.213928],[85.094405,44.213336],[85.094365,44.212831],[85.094565,44.211801],[85.095031,44.210767],[85.095024,44.210589],[85.094853,44.210318],[85.095116,44.209859],[85.095051,44.209353],[85.095440,44.209246],[85.095547,44.209100],[85.095534,44.208842],[85.095162,44.208012],[85.095148,44.207809],[85.095305,44.207461],[85.094945,44.207089],[85.094679,44.204050],[85.094488,44.203739],[85.094372,44.202689],[85.094100,44.202365],[85.094069,44.202008],[85.094112,44.201732],[85.094523,44.201210],[85.094739,44.200660],[85.094595,44.199691],[85.094772,44.198985],[85.094514,44.198571],[85.093792,44.197940],[85.093577,44.197574],[85.093536,44.197257],[85.093643,44.195519],[85.093425,44.194603],[85.093765,44.193868],[85.093877,44.192321],[85.093911,44.192138],[85.094217,44.191796],[85.094219,44.191400],[85.093195,44.189934],[85.093052,44.189445],[85.092998,44.188343],[85.092834,44.187805],[85.092453,44.187201],[85.092380,44.186826],[85.092522,44.186080],[85.092235,44.185551],[85.092105,44.184275],[85.091792,44.183497],[85.091495,44.183165],[85.091359,44.182871],[85.091348,44.182563],[85.091141,44.181943],[85.090070,44.180403],[85.090054,44.180091],[85.089874,44.179722],[85.089545,44.179416],[85.089104,44.178394],[85.088648,44.177808],[85.087848,44.176192],[85.087705,44.175065],[85.087745,44.173853],[85.087625,44.173708],[85.087581,44.171915],[85.088599,44.170211],[85.088653,44.169991],[85.088558,44.169761],[85.088577,44.169430],[85.088728,44.168993],[85.089078,44.168442],[85.089126,44.167775],[85.089041,44.166972],[85.088483,44.165091],[85.088054,44.164702],[85.087852,44.164234],[85.087842,44.163884],[85.088674,44.161971],[85.089092,44.161335],[85.090762,44.160113],[85.090967,44.159717],[85.090913,44.159276],[85.090578,44.159037],[85.090373,44.158763],[85.090313,44.157852],[85.090828,44.156991],[85.091080,44.156220],[85.091319,44.154795],[85.091147,44.154156],[85.092210,44.153021],[85.092393,44.152658],[85.092340,44.152178],[85.092127,44.151741],[85.092099,44.151295],[85.092357,44.149920],[85.092709,44.149556],[85.092835,44.149277],[85.092762,44.148959],[85.091799,44.147880],[85.092366,44.144361],[85.092445,44.142306],[85.092759,44.139984],[85.094015,44.136052],[85.094830,44.132503],[85.095357,44.128089],[85.095884,44.125137],[85.095940,44.123395],[85.096588,44.116567],[85.096698,44.112056],[85.096569,44.110116],[85.096270,44.108935],[85.096191,44.107783],[85.095923,44.106301],[85.095511,44.101975],[85.095499,44.100892],[85.095638,44.099773],[85.095685,44.097932],[85.095611,44.097052],[85.095468,44.096501],[85.094010,44.095338],[85.089145,44.090389],[85.079686,44.084188],[85.078685,44.083919],[85.072463,44.080974],[85.072057,44.080409],[85.070245,44.079279],[85.067653,44.079015],[85.063851,44.077767],[85.056391,44.072977],[85.052182,44.071152],[85.051960,44.070150],[85.051148,44.069298],[85.047948,44.068616],[85.046746,44.067909],[85.046325,44.066912],[85.045322,44.066353],[85.043124,44.065941],[85.041509,44.064668],[85.041470,44.063094],[85.040850,44.061814],[85.040812,44.059951],[85.041194,44.059230],[85.042757,44.057363],[85.042542,44.056648],[85.039510,44.054242],[85.036293,44.052694],[85.034095,44.052282],[85.031491,44.051160],[85.028104,44.051192],[85.025889,44.049915],[85.025476,44.049062],[85.023867,44.048220],[85.022473,44.048372],[85.021883,44.048666],[85.020487,44.048530],[85.016648,44.045700],[85.013997,44.042435],[85.010165,44.040028],[85.006762,44.039050],[85.001190,44.039233],[84.999397,44.038819],[84.992553,44.035009],[84.990714,44.032597],[84.988713,44.031891],[84.986522,44.032052],[84.984728,44.031926],[84.979103,44.029104],[84.974638,44.024129],[84.969750,44.018022],[84.965691,44.013901],[84.963830,44.010060],[84.960392,44.006941],[84.959986,44.006367],[84.959940,44.004081],[84.959061,44.002078],[84.958571,44.001213],[84.958347,44.000572],[84.958060,43.998692],[84.958371,43.997432],[84.958278,43.996798],[84.957880,43.995899],[84.957483,43.993930],[84.957244,43.993335],[84.955858,43.991951],[84.955513,43.991383],[84.953391,43.989291],[84.951847,43.986943],[84.950136,43.985989],[84.949447,43.985221],[84.949130,43.984613],[84.948943,43.983781],[84.948704,43.983278],[84.947466,43.981816],[84.946895,43.980943],[84.946590,43.980124],[84.945675,43.979409],[84.945503,43.979026],[84.945451,43.977982],[84.944906,43.976700],[84.945278,43.974257],[84.945132,43.973517],[84.945252,43.972949],[84.945477,43.970268],[84.945901,43.968750],[84.946325,43.966611],[84.945789,43.965203],[84.945749,43.964688],[84.946067,43.963698],[84.946173,43.962998],[84.945934,43.961558],[84.945895,43.960593],[84.946107,43.959564],[84.946186,43.958058],[84.946107,43.956776],[84.945232,43.955375],[84.945139,43.955005],[84.945126,43.954199],[84.945324,43.953341],[84.945430,43.951756],[84.945112,43.950936],[84.945112,43.950580],[84.945947,43.948785],[84.946385,43.947108],[84.946809,43.946462],[84.947737,43.945446],[84.948081,43.944839],[84.950706,43.942850],[84.955460,43.937332],[84.956096,43.936449],[84.956362,43.935974],[84.956481,43.935300],[84.956468,43.934310],[84.956348,43.933451],[84.956408,43.932929],[84.956846,43.932428],[84.957403,43.932113],[84.960665,43.931434],[84.961436,43.931051],[84.961899,43.930697],[84.962709,43.930474],[84.963134,43.930197],[84.963293,43.929776],[84.963306,43.928138],[84.963525,43.927616],[84.965209,43.925639],[84.965595,43.924874],[84.965740,43.924016],[84.965661,43.923144],[84.965196,43.922245],[84.963856,43.920841],[84.962570,43.920072],[84.962065,43.919648],[84.961986,43.919357],[84.962065,43.919014],[84.962397,43.918539],[84.962517,43.918183],[84.962450,43.917839],[84.961986,43.917112],[84.962039,43.916874],[84.962450,43.916413],[84.962834,43.916136],[84.962888,43.915859],[84.962702,43.915674],[84.961455,43.915050],[84.961376,43.914759],[84.962172,43.913242],[84.962371,43.912608],[84.962291,43.912225],[84.961959,43.911907],[84.960692,43.911079],[84.960228,43.909823],[84.960241,43.909479],[84.960825,43.908715],[84.960971,43.908213],[84.960772,43.906839],[84.960759,43.906007],[84.960440,43.904936],[84.960334,43.904130],[84.960202,43.903720],[84.959764,43.903111],[84.959658,43.902741],[84.959777,43.902279],[84.960652,43.901000],[84.960785,43.899957],[84.960745,43.899098],[84.960440,43.898516],[84.959923,43.898158],[84.958570,43.897653],[84.957575,43.897387],[84.956978,43.897082],[84.955878,43.896141],[84.955215,43.895902],[84.953716,43.895661],[84.952695,43.895395],[84.951064,43.894441],[84.949871,43.894002],[84.948890,43.893749],[84.947352,43.893614],[84.946305,43.893361],[84.944065,43.892169],[84.943535,43.891983],[84.942925,43.891942],[84.941865,43.892046],[84.941401,43.891979],[84.941163,43.891767],[84.941017,43.891265],[84.940977,43.890591],[84.940368,43.889296],[84.939997,43.888925],[84.937174,43.887627],[84.937188,43.887283],[84.937386,43.886900],[84.937930,43.886307],[84.938088,43.885937],[84.938062,43.885554],[84.936883,43.884165],[84.936697,43.883676],[84.936790,43.883254],[84.937267,43.882554],[84.938088,43.881710],[84.938287,43.881301],[84.938274,43.880839],[84.938035,43.880495],[84.937134,43.879860],[84.936631,43.879304],[84.936538,43.878802],[84.936591,43.877904],[84.936459,43.877481],[84.935849,43.876661],[84.935518,43.875921],[84.935439,43.874798],[84.935518,43.873966],[84.935863,43.872474],[84.936339,43.871021],[84.936710,43.870599],[84.937811,43.869782],[84.938500,43.868515],[84.939294,43.867565],[84.939692,43.866205],[84.939943,43.865888],[84.940380,43.865559],[84.941758,43.864717],[84.942394,43.864017],[84.942846,43.862551],[84.943204,43.862222],[84.943309,43.861866],[84.943720,43.861126],[84.944092,43.860810],[84.945377,43.860165],[84.945802,43.859743],[84.947047,43.857778],[84.947684,43.857065],[84.948306,43.856605],[84.948824,43.856473],[84.950660,43.856364],[84.952291,43.855549],[84.954664,43.854788],[84.956461,43.853385],[84.957416,43.852555],[84.958557,43.851382],[84.960042,43.850183],[84.960055,43.849853],[84.959419,43.848676],[84.959299,43.847315],[84.959604,43.846312],[84.959909,43.845837],[84.961236,43.845391],[84.961660,43.845115],[84.961704,43.844302],[84.962060,43.842654],[84.961940,43.841788],[84.961207,43.841305],[84.959521,43.840984],[84.958575,43.840929],[84.956124,43.841095],[84.955584,43.840832],[84.955054,43.840282],[84.954913,43.840027],[84.954693,43.838960],[84.953510,43.837301],[84.953096,43.836285],[84.952384,43.835227],[84.952027,43.834211],[84.951902,43.832346],[84.951618,43.831345],[84.951621,43.830776],[84.951395,43.830285],[84.950841,43.829925],[84.949968,43.829568],[84.948817,43.828753],[84.948477,43.828355],[84.947777,43.826527],[84.947539,43.826199],[84.946663,43.825570],[84.945734,43.825048],[84.944264,43.823967],[84.942366,43.822236],[84.940029,43.820591],[84.938590,43.819692],[84.938419,43.819104],[84.938662,43.818531],[84.938713,43.818098],[84.938609,43.817901],[84.937781,43.817124],[84.936914,43.816554],[84.935887,43.816069],[84.935622,43.815704],[84.933733,43.813889],[84.932527,43.813137],[84.931086,43.812472],[84.931024,43.812351],[84.931076,43.811823],[84.930131,43.811240],[84.929913,43.810819],[84.929765,43.809959],[84.929092,43.809210],[84.927929,43.808226],[84.927712,43.807789],[84.927626,43.807051],[84.926777,43.805657],[84.926391,43.805257],[84.925891,43.804959],[84.925581,43.804657],[84.925355,43.803835],[84.925398,43.802875],[84.925321,43.802565],[84.923591,43.800690],[84.923340,43.799916],[84.923075,43.799583],[84.920970,43.797597],[84.920782,43.797261],[84.920457,43.796454],[84.920389,43.795499],[84.920477,43.795245],[84.921168,43.794375],[84.921096,43.793546],[84.921140,43.793343],[84.921307,43.793190],[84.921382,43.792472],[84.921219,43.792023],[84.921053,43.791058],[84.921185,43.790444],[84.922005,43.789515],[84.922444,43.788330],[84.922899,43.787713],[84.923272,43.787496],[84.924312,43.787228],[84.924586,43.786977],[84.924686,43.786650],[84.924860,43.786429],[84.924666,43.785329],[84.924484,43.784804],[84.924437,43.784266],[84.924562,43.783844],[84.924723,43.783671],[84.924712,43.783359],[84.923881,43.782058],[84.923862,43.780703],[84.923217,43.779810],[84.923052,43.779442],[84.923035,43.779315],[84.923437,43.778568],[84.923546,43.777613],[84.923460,43.777180],[84.923465,43.775518],[84.923395,43.775312],[84.923054,43.774921],[84.922996,43.774680],[84.923015,43.774447],[84.923203,43.774132],[84.924830,43.772658],[84.925252,43.771983],[84.925337,43.770984],[84.925680,43.770101],[84.925527,43.768986],[84.925558,43.768245],[84.926153,43.766986],[84.926130,43.766377],[84.925110,43.764488],[84.924685,43.762990],[84.924645,43.761271],[84.925258,43.760202],[84.925280,43.759882],[84.925148,43.759230],[84.925340,43.758784],[84.925342,43.758409],[84.925198,43.757453],[84.924946,43.756751],[84.925063,43.756111],[84.925017,43.755593],[84.924844,43.755030],[84.924391,43.754401],[84.924315,43.754045],[84.924481,43.753457],[84.925471,43.751300],[84.925704,43.750502],[84.925736,43.749902],[84.925480,43.748992],[84.924956,43.748453],[84.923994,43.747802],[84.923692,43.747220],[84.922724,43.746736],[84.921639,43.746683],[84.920380,43.746833],[84.918309,43.746600],[84.916427,43.746309],[84.914996,43.745777],[84.914561,43.745541],[84.914178,43.744844],[84.913991,43.744696],[84.911465,43.743433],[84.910225,43.742506],[84.909854,43.741582],[84.909784,43.740856],[84.909653,43.740493],[84.908451,43.739074],[84.907174,43.737251],[84.906236,43.735523],[84.906160,43.735162],[84.905791,43.734469],[84.905736,43.734200],[84.904585,43.732955],[84.904323,43.732546],[84.903946,43.731544],[84.902900,43.729600],[84.902150,43.728601],[84.901907,43.727968],[84.901472,43.727447],[84.901149,43.726880],[84.900901,43.726308],[84.900774,43.725694],[84.900135,43.724605],[84.899971,43.723561],[84.898450,43.722593],[84.897879,43.721899],[84.897856,43.721662],[84.898131,43.720667],[84.898166,43.719256],[84.897987,43.717848],[84.898019,43.717455],[84.898749,43.715867],[84.898875,43.715128],[84.898816,43.714286],[84.898721,43.713859],[84.898512,43.713503],[84.897019,43.712457],[84.896592,43.711910],[84.896454,43.711583],[84.896472,43.711080],[84.896815,43.709888],[84.896356,43.708703],[84.896372,43.708273],[84.896659,43.707105],[84.896625,43.706693],[84.896536,43.706404],[84.895194,43.704206],[84.895086,43.703912],[84.895122,43.703365],[84.894146,43.702407],[84.894066,43.702249],[84.894031,43.701430],[84.893914,43.701121],[84.893443,43.700531],[84.893133,43.700023],[84.893021,43.699665],[84.892909,43.696852],[84.892734,43.696074],[84.892885,43.693645],[84.892226,43.692598],[84.891668,43.691946],[84.891509,43.691595],[84.891415,43.691088],[84.891579,43.689987],[84.891538,43.689777],[84.891079,43.688825],[84.890936,43.688035],[84.890375,43.687013],[84.890524,43.686082],[84.890452,43.685892],[84.889972,43.685555],[84.889930,43.685401],[84.890004,43.684934],[84.889865,43.684225],[84.890002,43.682411],[84.889778,43.680946],[84.889557,43.680552],[84.888387,43.679164],[84.886883,43.677630],[84.886139,43.677201],[84.883939,43.674985],[84.883121,43.673950],[84.882807,43.673301],[84.882937,43.672346],[84.882796,43.672017],[84.882281,43.671479],[84.882244,43.670844],[84.881787,43.670312],[84.881723,43.669922],[84.881418,43.669586],[84.881359,43.669275],[84.881036,43.669017],[84.880942,43.668394],[84.880575,43.667858],[84.880398,43.667279],[84.879572,43.666735],[84.879519,43.665901],[84.879373,43.665617],[84.878169,43.664551],[84.878143,43.663821],[84.877910,43.663421],[84.876811,43.662287],[84.875797,43.661549],[84.875187,43.660603],[84.874413,43.660086],[84.873850,43.659212],[84.872882,43.658689],[84.872671,43.658305],[84.872665,43.657753],[84.872035,43.657271],[84.871349,43.656245],[84.870865,43.655839],[84.870798,43.655611],[84.870988,43.655030],[84.870968,43.654712],[84.870558,43.654326],[84.870286,43.653645],[84.870095,43.653462],[84.868824,43.653168],[84.867539,43.652413],[84.866693,43.652387],[84.865823,43.652116],[84.865072,43.652092],[84.864638,43.652177],[84.863977,43.652084],[84.863518,43.651290],[84.862494,43.650629],[84.862202,43.649960],[84.861701,43.649546],[84.861268,43.648416],[84.861034,43.648052],[84.860068,43.647424],[84.858949,43.646901],[84.857128,43.646258],[84.856641,43.645994],[84.855924,43.645439],[84.854653,43.643912],[84.854078,43.643486],[84.852817,43.643021],[84.852475,43.642737],[84.852128,43.642162],[84.851849,43.641913],[84.850161,43.641315],[84.849420,43.640908],[84.849006,43.640037],[84.847656,43.638837],[84.847500,43.637925],[84.847277,43.637590],[84.847154,43.636534],[84.845833,43.635734],[84.845769,43.635616],[84.845549,43.634877],[84.845504,43.634055],[84.844740,43.631983],[84.844701,43.631542],[84.844869,43.630772],[84.844848,43.630369],[84.844328,43.628556],[84.843856,43.627832],[84.843985,43.627726],[84.844024,43.627328],[84.843874,43.626817],[84.844149,43.626201],[84.843612,43.625084],[84.843197,43.624498],[84.843700,43.623574],[84.843566,43.623122],[84.843816,43.621911],[84.843344,43.621337],[84.843175,43.620626],[84.843044,43.618850],[84.843491,43.618184],[84.843611,43.617062],[84.844003,43.616686],[84.844045,43.616511],[84.843608,43.615611],[84.843545,43.615374],[84.843595,43.614355],[84.843237,43.613598],[84.843212,43.613233],[84.843519,43.612306],[84.843429,43.610672],[84.843517,43.610116],[84.843422,43.609823],[84.843073,43.609417],[84.843091,43.608926],[84.843442,43.607750],[84.843191,43.606780],[84.843232,43.605725],[84.843034,43.604367],[84.843049,43.603440],[84.843198,43.602597],[84.843847,43.601517],[84.844414,43.600777],[84.846690,43.598408],[84.847451,43.596801],[84.848465,43.595707],[84.849838,43.593887],[84.850919,43.591054],[84.851686,43.590172],[84.852295,43.589111],[84.852653,43.588227],[84.852773,43.587158],[84.852715,43.586500],[84.852977,43.586033],[84.853655,43.585329],[84.853971,43.584456],[84.853985,43.584047],[84.853879,43.583707],[84.853607,43.583286],[84.853124,43.582861],[84.850507,43.581700],[84.847262,43.581330],[84.845020,43.580618],[84.843767,43.579936],[84.842913,43.579627],[84.841647,43.579336],[84.839055,43.579078],[84.838579,43.578907],[84.834877,43.578578],[84.828682,43.579496],[84.825613,43.580073],[84.824013,43.580505],[84.823008,43.580678],[84.822297,43.580754],[84.821520,43.580724],[84.820985,43.581070],[84.821155,43.581323],[84.821743,43.582575],[84.821694,43.584577],[84.821240,43.587158],[84.821256,43.587483],[84.821305,43.588043],[84.822150,43.589296],[84.822336,43.589810],[84.822487,43.590673],[84.822475,43.591490],[84.822419,43.591715],[84.821721,43.592815],[84.821249,43.593362],[84.821096,43.595180],[84.820374,43.597192],[84.819443,43.598892],[84.818614,43.600065],[84.818200,43.600390],[84.817710,43.600610],[84.817113,43.601190],[84.816729,43.601716],[84.816340,43.604278],[84.815952,43.605036],[84.815604,43.606344],[84.815142,43.607052],[84.813591,43.608918],[84.812761,43.610449],[84.812734,43.612308],[84.811555,43.614146],[84.811335,43.615025],[84.811127,43.615325],[84.811120,43.615671],[84.812172,43.616159],[84.812340,43.616402],[84.812407,43.616880],[84.812345,43.617499],[84.812710,43.618492],[84.812645,43.619152],[84.812399,43.619643],[84.812085,43.620056],[84.809637,43.621441],[84.808778,43.621731],[84.805943,43.622120],[84.805074,43.622728],[84.804035,43.623611],[84.802799,43.624251],[84.800018,43.624641],[84.798337,43.624757],[84.797824,43.624887],[84.797233,43.625744],[84.796753,43.626640],[84.796307,43.627091],[84.793403,43.629285],[84.793192,43.629585],[84.792515,43.631727],[84.792179,43.632525],[84.791776,43.633202],[84.791103,43.634015],[84.790997,43.634515],[84.791151,43.635366],[84.791016,43.635556],[84.790464,43.635792],[84.789495,43.636636],[84.788490,43.637256],[84.788308,43.637539],[84.788219,43.638082],[84.787868,43.639044],[84.787196,43.640106],[84.787149,43.641052],[84.786765,43.641879],[84.785598,43.642324],[84.784239,43.642405],[84.783695,43.642629],[84.783531,43.642877],[84.783458,43.643308],[84.783092,43.643765],[84.781944,43.644592],[84.780962,43.644917],[84.780363,43.644991],[84.779209,43.644912],[84.778676,43.644779],[84.777973,43.644498],[84.777577,43.644234],[84.776016,43.642963],[84.774967,43.641943],[84.773210,43.640675],[84.772081,43.640028],[84.771820,43.639801],[84.771619,43.639239],[84.770699,43.637979],[84.770113,43.637475],[84.759010,43.637131],[84.747368,43.634703],[84.734459,43.632714],[84.721213,43.631166],[84.708541,43.631683],[84.698954,43.635672],[84.690305,43.639670],[84.667562,43.649639],[84.658269,43.654082],[84.643625,43.656842],[84.635416,43.656041],[84.619568,43.656965],[84.605245,43.661118],[84.597754,43.669486],[84.597797,43.680015],[84.603204,43.690613],[84.606126,43.693651],[84.606493,43.693732],[84.607189,43.694007],[84.610806,43.695861],[84.612654,43.696986],[84.613171,43.697638],[84.613621,43.698649],[84.614347,43.699710],[84.614335,43.701227],[84.614473,43.701574],[84.615390,43.702520],[84.616402,43.703009],[84.617163,43.703783],[84.617577,43.704356],[84.618034,43.705500],[84.618364,43.705987],[84.618491,43.706416],[84.618332,43.707116],[84.618127,43.707509],[84.618055,43.708500],[84.618501,43.709902],[84.618459,43.710541],[84.618848,43.711466],[84.619127,43.711863],[84.619877,43.712576],[84.620448,43.712939],[84.622058,43.713862],[84.623672,43.714570],[84.624873,43.714714],[84.626462,43.714455],[84.629140,43.714541],[84.630901,43.715187],[84.631431,43.715617],[84.631941,43.716253],[84.631813,43.717502],[84.632220,43.718388],[84.633080,43.718845],[84.634443,43.719404],[84.634830,43.719699],[84.634797,43.720164],[84.634299,43.722161],[84.634260,43.722785],[84.634393,43.723421],[84.634404,43.724125],[84.634534,43.724679],[84.635098,43.725298],[84.635781,43.725763],[84.634079,43.726051],[84.633587,43.726271],[84.633096,43.726653],[84.632667,43.727440],[84.630203,43.729440],[84.629004,43.729801],[84.628404,43.729816],[84.626738,43.729473],[84.624524,43.728710],[84.622354,43.727627],[84.621955,43.727603],[84.620156,43.729312],[84.618988,43.730263],[84.618214,43.730480],[84.617785,43.730739],[84.616958,43.730945],[84.616380,43.731266],[84.612693,43.732251],[84.611461,43.732370],[84.609098,43.732215],[84.607941,43.732026],[84.606281,43.730820],[84.605506,43.730812],[84.604736,43.730929],[84.601652,43.731831],[84.598669,43.732234],[84.596338,43.732300],[84.595668,43.732444],[84.593723,43.733307],[84.593055,43.733991],[84.592266,43.734280],[84.590640,43.734683],[84.589913,43.734969],[84.588018,43.735250],[84.584679,43.736335],[84.582771,43.736212],[84.581498,43.736243],[84.578432,43.736588],[84.577065,43.736879],[84.576252,43.737219],[84.575546,43.737787],[84.574848,43.738505],[84.574350,43.738774],[84.573547,43.739586],[84.573446,43.739857],[84.572952,43.740489],[84.572192,43.741237],[84.571061,43.741616],[84.569154,43.742512],[84.568494,43.743090],[84.567914,43.743860],[84.567683,43.744730],[84.567682,43.745233],[84.567389,43.745624],[84.565880,43.746348],[84.563770,43.746874],[84.563101,43.746942],[84.560444,43.746939],[84.556768,43.747233],[84.555668,43.747422],[84.554664,43.748027],[84.553961,43.748754],[84.553782,43.749284],[84.553392,43.749985],[84.553221,43.750980],[84.552979,43.751077],[84.552543,43.751064],[84.551375,43.750644],[84.549235,43.750116],[84.547344,43.750025],[84.546402,43.750100],[84.545154,43.749852],[84.544020,43.749558],[84.543416,43.749317],[84.542786,43.748908],[84.539147,43.747571],[84.536274,43.747339],[84.534909,43.747599],[84.533730,43.747970],[84.533248,43.748323],[84.532581,43.748465],[84.532096,43.748758],[84.530704,43.749256],[84.530047,43.749294],[84.529588,43.749155],[84.528858,43.749101],[84.527772,43.749184],[84.527342,43.749065],[84.526763,43.749039],[84.526073,43.749157],[84.525333,43.749491],[84.523539,43.749766],[84.522851,43.749659],[84.521749,43.749176],[84.520576,43.748948],[84.518953,43.749607],[84.517080,43.750149],[84.515398,43.750508],[84.514740,43.750803],[84.513622,43.751233],[84.512190,43.752185],[84.511306,43.752218],[84.508485,43.751641],[84.507217,43.751245],[84.504558,43.750187],[84.503709,43.749701],[84.503288,43.749180],[84.502756,43.748711],[84.501443,43.747852],[84.501232,43.747567],[84.501256,43.747129],[84.502019,43.746588],[84.502739,43.745925],[84.503055,43.745391],[84.503186,43.744913],[84.502819,43.744239],[84.500416,43.741976],[84.499904,43.741015],[84.499938,43.740511],[84.500203,43.739948],[84.500231,43.739721],[84.500114,43.739546],[84.499786,43.739405],[84.498788,43.739335],[84.495924,43.737890],[84.493932,43.736574],[84.492161,43.734686],[84.490150,43.734890],[84.487836,43.734790],[84.486960,43.734847],[84.486812,43.735221],[84.486753,43.736408],[84.486499,43.736894],[84.486222,43.736990],[84.485817,43.736969],[84.484589,43.736328],[84.483933,43.736290],[84.483081,43.736450],[84.481933,43.737113],[84.481714,43.737134],[84.481605,43.737145],[84.480899,43.737018],[84.479344,43.736475],[84.478153,43.735944],[84.475261,43.735064],[84.473690,43.735009],[84.471682,43.735588],[84.471238,43.735634],[84.470062,43.735493],[84.467837,43.734827],[84.466817,43.734725],[84.459368,43.735749],[84.458235,43.735804],[84.456032,43.735580],[84.453609,43.735119],[84.451073,43.734344],[84.450073,43.733732],[84.449508,43.733551],[84.449001,43.733519],[84.446164,43.734901],[84.443812,43.736383],[84.443361,43.736767],[84.442755,43.737530],[84.442287,43.737862],[84.440854,43.738431],[84.440438,43.738402],[84.439862,43.738259],[84.438828,43.737764],[84.436016,43.736772],[84.435142,43.736353],[84.434055,43.735661],[84.432671,43.734324],[84.431812,43.733691],[84.430630,43.733054],[84.428927,43.732495],[84.427494,43.732394],[84.424412,43.732622],[84.422920,43.732628],[84.417988,43.732465],[84.416528,43.732232],[84.414065,43.731622],[84.412040,43.731528],[84.408210,43.731741],[84.406102,43.731624],[84.405244,43.731419],[84.404115,43.731053],[84.403861,43.730927],[84.403662,43.730689],[84.403455,43.729958],[84.403611,43.728802],[84.403476,43.727881],[84.401863,43.725941],[84.401053,43.725599],[84.398285,43.725335],[84.396692,43.724849],[84.395121,43.724668],[84.394133,43.724675],[84.393467,43.724831],[84.391663,43.726149],[84.390585,43.726703],[84.389339,43.726955],[84.387631,43.727046],[84.386148,43.727785],[84.385163,43.728432],[84.384022,43.729343],[84.383049,43.730433],[84.382707,43.731285],[84.382619,43.731915],[84.382667,43.733302],[84.382409,43.733983],[84.382107,43.734205],[84.380673,43.734825],[84.375968,43.736287],[84.375082,43.736702],[84.373177,43.737903],[84.370610,43.738507],[84.368414,43.739331],[84.367270,43.739882],[84.366637,43.740276],[84.366268,43.740639],[84.365591,43.741635],[84.365003,43.742804],[84.364358,43.743403],[84.363916,43.743442],[84.361871,43.742517],[84.359044,43.740799],[84.357561,43.739584],[84.357158,43.739348],[84.356026,43.738867],[84.354260,43.738554],[84.353277,43.738155],[84.352976,43.737894],[84.352805,43.737418],[84.352174,43.736352],[84.351704,43.736007],[84.349050,43.734845],[84.345029,43.733432],[84.343324,43.732917],[84.342589,43.732549],[84.342224,43.732219],[84.341970,43.731804],[84.341447,43.730357],[84.340742,43.729199],[84.340438,43.728081],[84.340181,43.726631],[84.340036,43.726391],[84.339683,43.726251],[84.338973,43.726162],[84.337415,43.726142],[84.335088,43.726255],[84.334386,43.726170],[84.333547,43.725924],[84.332944,43.725616],[84.332271,43.724928],[84.331771,43.724595],[84.331441,43.724500],[84.326075,43.723905],[84.323735,43.723413],[84.322631,43.722711],[84.321583,43.721806],[84.321003,43.721572],[84.320541,43.721560],[84.319796,43.721681],[84.318655,43.722023],[84.317673,43.722843],[84.317046,43.723165],[84.316022,43.723496],[84.315163,43.724207],[84.314079,43.726364],[84.313207,43.728680],[84.312577,43.731642],[84.312259,43.731743],[84.311392,43.731776],[84.308781,43.731490],[84.307562,43.731528],[84.306296,43.731951],[84.305161,43.732555],[84.304120,43.732723],[84.298796,43.731677],[84.294990,43.730298],[84.293968,43.730094],[84.292053,43.730091],[84.290395,43.730264],[84.288515,43.730635],[84.287853,43.730876],[84.287789,43.731305],[84.287923,43.731606],[84.288587,43.732575],[84.289657,43.734450],[84.290310,43.735859],[84.290386,43.736437],[84.290265,43.737372],[84.289965,43.737797],[84.289494,43.738139],[84.287109,43.739229],[84.286401,43.739478],[84.283525,43.739864],[84.282051,43.740213],[84.281517,43.740462],[84.281219,43.740965],[84.281326,43.741697],[84.282504,43.745340],[84.282511,43.745700],[84.280750,43.747364],[84.279371,43.749199],[84.279467,43.749668],[84.279950,43.750395],[84.280876,43.751624],[84.282088,43.752826],[84.282338,43.753227],[84.282437,43.753942],[84.282461,43.754326],[84.282243,43.755124],[84.280794,43.757270],[84.280001,43.758873],[84.280099,43.759185],[84.280727,43.759575],[84.281018,43.759891],[84.281273,43.760583],[84.281439,43.762167],[84.281416,43.763063],[84.281558,43.764246],[84.281567,43.765259],[84.281521,43.765817],[84.281159,43.766519],[84.279771,43.768231],[84.278671,43.769065],[84.277794,43.769539],[84.276834,43.769891],[84.275181,43.770378],[84.274098,43.770552],[84.272050,43.770242],[84.270480,43.769862],[84.268317,43.770410],[84.266558,43.771101],[84.266198,43.771422],[84.265671,43.772270],[84.265356,43.773999],[84.264699,43.775380],[84.264177,43.776167],[84.263695,43.776560],[84.262234,43.777295],[84.260345,43.778044],[84.258665,43.778483],[84.257628,43.778898],[84.257016,43.779244],[84.256676,43.779545],[84.255832,43.780671],[84.255012,43.782404],[84.254402,43.784506],[84.254137,43.784984],[84.253844,43.785273],[84.251548,43.786049],[84.249866,43.786325],[84.246514,43.786424],[84.243416,43.786234],[84.242886,43.786071],[84.242620,43.785695],[84.241487,43.783280],[84.240678,43.780916],[84.240075,43.779827],[84.238550,43.778895],[84.237546,43.778471],[84.234602,43.777549],[84.233153,43.777004],[84.230826,43.775458],[84.229523,43.774271],[84.226729,43.773919],[84.225335,43.773569],[84.224464,43.773556],[84.222917,43.775421],[84.221876,43.776246],[84.220641,43.776990],[84.218926,43.777569],[84.217313,43.777894],[84.215588,43.778615],[84.212777,43.779510],[84.210408,43.780062],[84.209671,43.780015],[84.208660,43.779637],[84.208475,43.779426],[84.208539,43.778574],[84.208348,43.778285],[84.206251,43.777655],[84.204662,43.777339],[84.203955,43.777338],[84.201560,43.777732],[84.198958,43.777696],[84.198308,43.777766],[84.197842,43.777884],[84.193137,43.779925],[84.192349,43.780139],[84.191292,43.780245],[84.189972,43.780054],[84.188654,43.780045],[84.184144,43.782157],[84.184413,43.784714],[84.184259,43.784844],[84.179980,43.786281],[84.177516,43.787715],[84.177209,43.787991],[84.175791,43.789862],[84.175141,43.791044],[84.174138,43.792555],[84.173906,43.792774],[84.173600,43.793539],[84.173492,43.794602],[84.173321,43.795099],[84.173261,43.795227],[84.173006,43.795333],[84.169645,43.795777],[84.163736,43.795714],[84.162041,43.796261],[84.159526,43.797808],[84.158552,43.798147],[84.155631,43.798500],[84.154768,43.798667],[84.154310,43.798883],[84.153741,43.799005],[84.152155,43.799679],[84.149268,43.801259],[84.146881,43.801670],[84.144252,43.801787],[84.143319,43.802032],[84.142541,43.802452],[84.141822,43.803220],[84.141161,43.804212],[84.140144,43.805161],[84.139229,43.805831],[84.137104,43.807020],[84.135018,43.807854],[84.134326,43.808052],[84.132856,43.808125],[84.131508,43.808038],[84.130681,43.807719],[84.129288,43.805179],[84.128515,43.804184],[84.127949,43.803521],[84.127266,43.802925],[84.126503,43.802483],[84.125503,43.802255],[84.123505,43.802067],[84.122620,43.801828],[84.121606,43.801851],[84.121115,43.802310],[84.120825,43.802909],[84.120056,43.803938],[84.119056,43.804807],[84.118325,43.805303],[84.117764,43.805491],[84.117143,43.805512],[84.115670,43.805097],[84.114734,43.804983],[84.113841,43.805454],[84.112292,43.806944],[84.112126,43.807233],[84.112100,43.807470],[84.112087,43.807749],[84.112189,43.808009],[84.113385,43.809124],[84.114049,43.811070],[84.114310,43.812224],[84.114447,43.814080],[84.113907,43.814240],[84.112155,43.814370],[84.111230,43.814717],[84.107957,43.815563],[84.106995,43.815959],[84.106105,43.816208],[84.104957,43.816235],[84.104110,43.816088],[84.103686,43.816015],[84.103469,43.815866],[84.102582,43.815895],[84.102124,43.816224],[84.100273,43.816903],[84.098430,43.817282],[84.097549,43.817323],[84.095877,43.817623],[84.094903,43.817658],[84.093868,43.817905],[84.092986,43.818003],[84.089265,43.819560],[84.089216,43.819722],[84.089696,43.820378],[84.089798,43.821135],[84.089709,43.821697],[84.088675,43.822815],[84.087540,43.823641],[84.085004,43.825038],[84.084446,43.825564],[84.084122,43.826625],[84.084219,43.826979],[84.084435,43.827233],[84.085758,43.828218],[84.088294,43.829784],[84.089131,43.830467],[84.089685,43.831446],[84.089998,43.832349],[84.090627,43.833014],[84.092002,43.833515],[84.096066,43.834216],[84.098854,43.835305],[84.101253,43.836358],[84.104505,43.837621],[84.104869,43.837910],[84.104854,43.838301],[84.104647,43.838743],[84.103807,43.839755],[84.101020,43.841313],[84.100912,43.841605],[84.102861,43.843572],[84.104010,43.844265],[84.105731,43.844823],[84.106346,43.845164],[84.108083,43.846684],[84.109400,43.848008],[84.110978,43.848981],[84.111531,43.849250],[84.112152,43.849421],[84.113588,43.849461],[84.114124,43.849561],[84.114255,43.849790],[84.114189,43.851623],[84.114347,43.853576],[84.114811,43.854333],[84.114801,43.854552],[84.114434,43.854740],[84.113717,43.854851],[84.112658,43.854693],[84.111602,43.854812],[84.109565,43.855292],[84.107190,43.856150],[84.106388,43.856330],[84.105624,43.856385],[84.103061,43.856456],[84.099088,43.855777],[84.098243,43.855754],[84.096691,43.855496],[84.095321,43.855497],[84.093417,43.855840],[84.090628,43.855650],[84.089527,43.855704],[84.088984,43.855897],[84.088821,43.856052],[84.088087,43.857801],[84.087841,43.859052],[84.087540,43.859672],[84.086041,43.862192],[84.085578,43.862783],[84.085007,43.863217],[84.084825,43.863531],[84.084848,43.864953],[84.083870,43.867436],[84.082872,43.868857],[84.082451,43.869230],[84.082150,43.869729],[84.081069,43.870586],[84.080505,43.870826],[84.080001,43.871220],[84.080913,43.871753],[84.081752,43.872609],[84.083273,43.874709],[84.082816,43.875362],[84.082065,43.876011],[84.080877,43.876449],[84.079036,43.877310],[84.078363,43.877444],[84.077033,43.877884],[84.075251,43.878825],[84.074731,43.879371],[84.074540,43.879703],[84.074099,43.881095],[84.073704,43.881677],[84.073204,43.882128],[84.072126,43.882549],[84.070869,43.882718],[84.069091,43.883284],[84.067867,43.883530],[84.067502,43.883701],[84.066072,43.884828],[84.064416,43.885749],[84.061594,43.886272],[84.059356,43.886153],[84.058529,43.885387],[84.057053,43.884582],[84.055678,43.884069],[84.055020,43.884056],[84.043981,43.881546],[84.036731,43.879797],[84.030037,43.879888],[84.026790,43.881879],[84.017681,43.887643],[84.002954,43.892171],[84.000472,43.893308],[83.997912,43.895968],[83.996283,43.898575],[83.996170,43.898722],[83.993801,43.901920],[83.993444,43.902240],[83.990326,43.905085],[83.987322,43.907379],[83.983873,43.910019],[83.980834,43.911329],[83.980138,43.911423],[83.975184,43.912099],[83.972555,43.912005],[83.967515,43.911831],[83.965174,43.910819],[83.962702,43.908666],[83.962624,43.908579],[83.959779,43.905580],[83.956934,43.902576],[83.953584,43.901823],[83.948775,43.900742],[83.944637,43.901177],[83.939663,43.901702],[83.939038,43.901905],[83.934440,43.903373],[83.931191,43.904727],[83.926848,43.906548],[83.926631,43.906730],[83.923357,43.909490],[83.921603,43.910512],[83.917687,43.912786],[83.914589,43.914841],[83.910883,43.917294],[83.908038,43.920204],[83.907483,43.920898],[83.904967,43.924043],[83.904594,43.924997],[83.903232,43.928488],[83.903024,43.929330],[83.902703,43.930616],[83.905698,43.931076],[83.909346,43.932450],[83.910746,43.933098],[83.912485,43.934072],[83.912776,43.934675],[83.912728,43.934938],[83.912466,43.935338],[83.911807,43.935863],[83.911080,43.936230],[83.908855,43.936817],[83.908289,43.937118],[83.906648,43.939452],[83.906173,43.940011],[83.905747,43.940357],[83.904520,43.940766],[83.903343,43.940970],[83.902816,43.941318],[83.902493,43.941905],[83.902279,43.943097],[83.901876,43.944577],[83.902000,43.946018],[83.902185,43.946761],[83.900460,43.947227],[83.899357,43.947658],[83.897595,43.947928],[83.895916,43.947922],[83.895069,43.947732],[83.894256,43.947913],[83.893599,43.948258],[83.893261,43.948339],[83.892578,43.948312],[83.891785,43.948406],[83.890889,43.948726],[83.888290,43.950159],[83.887897,43.950470],[83.886954,43.951541],[83.886168,43.952760],[83.885996,43.952882],[83.885743,43.952782],[83.885490,43.952307],[83.885076,43.952069],[83.884501,43.951794],[83.883360,43.951490],[83.881807,43.951334],[83.880592,43.951532],[83.879097,43.951271],[83.877346,43.951108],[83.876177,43.950882],[83.873478,43.949924],[83.872529,43.949833],[83.870464,43.949917],[83.869070,43.950172],[83.865702,43.951148],[83.864428,43.951792],[83.862220,43.952244],[83.858753,43.953133],[83.857967,43.953078],[83.857131,43.952760],[83.854719,43.951380],[83.853844,43.950998],[83.853224,43.950548],[83.852892,43.950069],[83.853191,43.949033],[83.853046,43.947665],[83.852798,43.947089],[83.852470,43.946549],[83.851884,43.946056],[83.850981,43.945644],[83.850453,43.945527],[83.849773,43.945574],[83.849224,43.945851],[83.848399,43.947065],[83.848148,43.947597],[83.847562,43.948193],[83.844354,43.949382],[83.843478,43.949596],[83.842942,43.949821],[83.842099,43.949989],[83.841356,43.949675],[83.839010,43.947835],[83.836323,43.945570],[83.834375,43.943606],[83.833174,43.942835],[83.831289,43.941401],[83.829098,43.940063],[83.828130,43.939298],[83.827843,43.939263],[83.822895,43.938673],[83.820274,43.938591],[83.815265,43.938436],[83.813022,43.938566],[83.808022,43.938860],[83.804638,43.939742],[83.803487,43.940243],[83.799194,43.942115],[83.794977,43.944194],[83.794095,43.944785],[83.790398,43.947245],[83.786708,43.949704],[83.785834,43.950213],[83.781937,43.952494],[83.778800,43.952905],[83.775578,43.952404],[83.771886,43.950551],[83.769529,43.949316],[83.767128,43.947622],[83.763504,43.946453],[83.760209,43.945265],[83.759038,43.945110],[83.754086,43.944468],[83.749349,43.944732],[83.748620,43.944858],[83.743743,43.945733],[83.743118,43.945928],[83.738517,43.947392],[83.735036,43.949289],[83.731007,43.951468],[83.729921,43.952387],[83.726646,43.955142],[83.725587,43.956650],[83.723337,43.959897],[83.720469,43.962799],[83.718453,43.964229],[83.714856,43.966765],[83.711831,43.968305],[83.708206,43.970100],[83.704772,43.970745],[83.702686,43.971999],[83.698399,43.973601],[83.696294,43.974547],[83.692016,43.976466],[83.691741,43.976511],[83.691465,43.976748],[83.690349,43.978030],[83.689859,43.978419],[83.689009,43.979339],[83.688568,43.980330],[83.688257,43.981506],[83.688035,43.981711],[83.687654,43.981846],[83.687187,43.981822],[83.686816,43.981652],[83.686500,43.981166],[83.686159,43.980227],[83.685688,43.979337],[83.685356,43.978930],[83.682744,43.976452],[83.681468,43.974979],[83.679590,43.973091],[83.677811,43.972351],[83.677311,43.972253],[83.676982,43.972275],[83.676273,43.972555],[83.674918,43.972863],[83.672087,43.973306],[83.670796,43.972730],[83.669506,43.972154],[83.667913,43.971111],[83.666437,43.970385],[83.666049,43.970103],[83.665334,43.969205],[83.665001,43.968968],[83.662755,43.968521],[83.662227,43.968244],[83.660486,43.967615],[83.659850,43.967239],[83.659404,43.967174],[83.658376,43.967544],[83.654991,43.967896],[83.651536,43.967593],[83.649444,43.967261],[83.648740,43.967227],[83.648225,43.967075],[83.646990,43.966326],[83.646458,43.966271],[83.642420,43.969026],[83.640372,43.970871],[83.640088,43.971035],[83.639822,43.971062],[83.636568,43.969434],[83.634752,43.968858],[83.633251,43.968946],[83.631736,43.968688],[83.630821,43.968809],[83.630109,43.968684],[83.628697,43.968013],[83.626008,43.966191],[83.624418,43.965458],[83.623714,43.965270],[83.621140,43.965603],[83.619638,43.966279],[83.615373,43.968206],[83.614514,43.968709],[83.610588,43.970979],[83.608175,43.972254],[83.605909,43.974157],[83.602629,43.976911],[83.601275,43.978559],[83.598716,43.981686],[83.596157,43.984810],[83.594231,43.987178],[83.591673,43.990306],[83.589123,43.993439],[83.587649,43.995808],[83.585595,43.999122],[83.584875,44.001044],[83.580334,44.005515],[83.577422,44.007283],[83.574832,44.008834],[83.571912,44.010373],[83.568725,44.010998],[83.563028,44.011119],[83.557644,44.011016],[83.550738,44.009743],[83.545169,44.009320],[83.543902,44.009415],[83.542122,44.009299],[83.541801,44.009147],[83.540907,44.008289],[83.540637,44.008149],[83.539977,44.007987],[83.539112,44.007983],[83.537895,44.007774],[83.534893,44.006859],[83.533078,44.005911],[83.531963,44.005044],[83.530897,44.004390],[83.529994,44.004054],[83.526431,44.002207],[83.525702,44.001933],[83.524976,44.001819],[83.521853,44.002020],[83.521111,44.001924],[83.520067,44.001935],[83.519437,44.002194],[83.518501,44.003136],[83.518128,44.003358],[83.517749,44.003416],[83.516864,44.003251],[83.516338,44.003270],[83.515250,44.003851],[83.514843,44.003861],[83.514322,44.003745],[83.512336,44.002362],[83.510761,44.002242],[83.509524,44.002285],[83.508981,44.002372],[83.508437,44.002460],[83.507540,44.002328],[83.506526,44.002010],[83.505847,44.001582],[83.505276,44.001087],[83.502868,44.001007],[83.500506,44.001641],[83.500178,44.001805],[83.500063,44.002087],[83.499993,44.004681],[83.499654,44.005935],[83.499702,44.006533],[83.499867,44.007051],[83.500220,44.007700],[83.501072,44.008848],[83.501678,44.009250],[83.502061,44.009803],[83.502418,44.010532],[83.502506,44.011108],[83.502362,44.011615],[83.502330,44.012179],[83.501980,44.012873],[83.502526,44.014110],[83.502498,44.015070],[83.502665,44.016025],[83.502631,44.017243],[83.502755,44.018168],[83.502735,44.022349],[83.502355,44.023011],[83.501804,44.023538],[83.500983,44.023794],[83.499369,44.024068],[83.497781,44.024582],[83.496256,44.025155],[83.495536,44.025605],[83.493299,44.026408],[83.492321,44.026634],[83.491180,44.027275],[83.491048,44.028219],[83.490678,44.029397],[83.490157,44.030356],[83.489281,44.030913],[83.487160,44.031984],[83.485645,44.032514],[83.485102,44.032933],[83.484047,44.034246],[83.482681,44.035020],[83.480761,44.035761],[83.479230,44.036090],[83.476947,44.036779],[83.474223,44.036733],[83.468898,44.036907],[83.468934,44.037776],[83.469098,44.038668],[83.469119,44.038685],[83.470117,44.039580],[83.471876,44.042146],[83.471845,44.042836],[83.471011,44.043667],[83.470921,44.044071],[83.471753,44.045554],[83.471823,44.046397],[83.471626,44.046715],[83.470353,44.048114],[83.469810,44.049377],[83.469120,44.050492],[83.468471,44.051343],[83.467872,44.051765],[83.467156,44.051810],[83.464799,44.052211],[83.464199,44.052373],[83.463890,44.052658],[83.463656,44.055041],[83.463696,44.055446],[83.463470,44.055899],[83.463425,44.056238],[83.463504,44.057283],[83.463934,44.058101],[83.463842,44.058973],[83.463604,44.059713],[83.463639,44.061386],[83.463477,44.062850],[83.463510,44.063652],[83.464403,44.064906],[83.464798,44.066282],[83.464429,44.066957],[83.464361,44.067814],[83.464412,44.069644],[83.464195,44.070342],[83.463246,44.071412],[83.462850,44.072125],[83.461628,44.072427],[83.460640,44.072521],[83.459619,44.072926],[83.458262,44.073196],[83.456504,44.073717],[83.455360,44.074286],[83.453982,44.074631],[83.452614,44.075177],[83.449830,44.075994],[83.448502,44.076490],[83.448416,44.078630],[83.447541,44.084547],[83.448580,44.090279],[83.448277,44.097805],[83.447740,44.103280],[83.447204,44.108746],[83.445965,44.115800],[83.445411,44.121730],[83.443627,44.126491],[83.442207,44.130341],[83.439765,44.136005],[83.434783,44.141382],[83.430130,44.146536],[83.424826,44.151911],[83.420525,44.155926],[83.413803,44.164921],[83.412042,44.168991],[83.411842,44.174012],[83.411998,44.177899],[83.413109,44.181802],[83.415729,44.187796],[83.419927,44.194053],[83.423248,44.198466],[83.427504,44.203121],[83.432365,44.208702],[83.435277,44.215383],[83.437876,44.221834],[83.438637,44.226422],[83.437840,44.230514],[83.437381,44.233928],[83.434392,44.237068],[83.431160,44.241388],[83.428903,44.241927],[83.426210,44.242966],[83.422425,44.246023],[83.421645,44.246759],[83.421444,44.247295],[83.421531,44.247698],[83.422816,44.248675],[83.424871,44.249526],[83.426619,44.249775],[83.429605,44.250713],[83.430378,44.251236],[83.430836,44.251826],[83.432608,44.252656],[83.435346,44.252729],[83.440177,44.251792],[83.440663,44.251628],[83.442123,44.251477],[83.445331,44.252459],[83.446568,44.253165],[83.448428,44.253882],[83.448843,44.254278],[83.449052,44.254788],[83.448453,44.255334],[83.447606,44.257297],[83.447055,44.258991],[83.446560,44.259779],[83.444510,44.261280],[83.443824,44.261988],[83.442261,44.263080],[83.441393,44.263945],[83.440519,44.266085],[83.440311,44.267011],[83.440297,44.268371],[83.440046,44.269678],[83.439443,44.270156],[83.437415,44.274494],[83.437363,44.274706],[83.437713,44.274994],[83.438711,44.275740],[83.441004,44.276963],[83.441425,44.277511],[83.441606,44.278199],[83.441460,44.279191],[83.440096,44.281410],[83.439827,44.282259],[83.439900,44.282639],[83.441058,44.283685],[83.442518,44.285197],[83.443964,44.285802],[83.444947,44.285878],[83.445650,44.286028],[83.447327,44.286564],[83.448116,44.287718],[83.448384,44.287993],[83.449300,44.288596],[83.452567,44.289567],[83.453550,44.290034],[83.454152,44.290155],[83.455949,44.290206],[83.456108,44.290354],[83.456457,44.291131],[83.456699,44.291886],[83.456728,44.293136],[83.456866,44.293648],[83.457485,44.294148],[83.458467,44.294615],[83.459783,44.294964],[83.460444,44.295328],[83.461550,44.295699],[83.463989,44.296249],[83.464673,44.296900],[83.465435,44.298022],[83.466743,44.299021],[83.468089,44.299233],[83.469669,44.299170],[83.470069,44.299211],[83.470546,44.299393],[83.471842,44.301791],[83.472229,44.302208],[83.473242,44.302314],[83.473752,44.302602],[83.474788,44.303539],[83.474953,44.303848],[83.474965,44.304118],[83.474325,44.305097],[83.474265,44.305901],[83.474657,44.307141],[83.475719,44.308163],[83.477136,44.309227],[83.477734,44.309508],[83.479624,44.309571],[83.479946,44.309673],[83.480104,44.309830],[83.480184,44.310917],[83.480273,44.311050],[83.480496,44.311070],[83.481858,44.310276],[83.482760,44.310254],[83.483606,44.310588],[83.484645,44.311609],[83.484954,44.312278],[83.486481,44.314006],[83.486861,44.314976],[83.486882,44.315465],[83.486785,44.315941],[83.486606,44.316149],[83.486386,44.316778],[83.486316,44.317339],[83.486159,44.317502],[83.483934,44.318403],[83.483400,44.318821],[83.482311,44.320251],[83.480942,44.320866],[83.478992,44.321902],[83.478093,44.322566],[83.476805,44.323722],[83.476309,44.324494],[83.476307,44.325001],[83.476616,44.325939],[83.477372,44.326901],[83.477938,44.327825],[83.478860,44.328961],[83.480651,44.330419],[83.481886,44.331678],[83.483665,44.333166],[83.485595,44.334940],[83.487686,44.336400],[83.489071,44.337179],[83.489865,44.337774],[83.490845,44.338789],[83.491406,44.339553],[83.491801,44.340596],[83.491890,44.341313],[83.491867,44.342159],[83.491720,44.342837],[83.491271,44.343312],[83.489344,44.344748],[83.487797,44.346527],[83.487455,44.347333],[83.486973,44.349791],[83.486537,44.351086],[83.486084,44.351981],[83.485753,44.354100],[83.485570,44.354526],[83.485543,44.354899],[83.486443,44.355794],[83.486494,44.355894],[83.486000,44.356247],[83.486532,44.356432],[83.486934,44.356908],[83.487208,44.357853],[83.487535,44.362613],[83.487938,44.363079],[83.489974,44.367347],[83.492244,44.369710],[83.494135,44.372550],[83.496536,44.374335],[83.497341,44.375286],[83.497349,44.375763],[83.498686,44.377178],[83.502666,44.378382],[83.505750,44.381688],[83.505758,44.382164],[83.506418,44.382534],[83.508310,44.389611],[83.508720,44.390636],[83.509548,44.391928],[83.512047,44.394870],[83.512942,44.395809],[83.517644,44.399532],[83.523243,44.405239],[83.528235,44.408668],[83.528918,44.409218],[83.530727,44.411071],[83.530864,44.411544],[83.531267,44.412020],[83.531571,44.414873],[83.529755,44.419596],[83.529131,44.420511],[83.527977,44.423427],[83.526463,44.425885],[83.524899,44.428722],[83.524579,44.429619],[83.522687,44.433518],[83.519710,44.437828],[83.518790,44.442538],[83.517347,44.444913],[83.516558,44.449683],[83.515919,44.451669],[83.515630,44.455859],[83.515895,44.459766],[83.516860,44.462611],[83.517646,44.467553],[83.521533,44.466860],[83.526855,44.465911],[83.537680,44.463604],[83.545332,44.461520],[83.546999,44.461529],[83.551171,44.462069],[83.555570,44.462498],[83.557337,44.462530],[83.560531,44.462192],[83.569203,44.462099],[83.573485,44.462121],[83.576925,44.462322],[83.581720,44.462375],[83.582180,44.462456],[83.582476,44.462768],[83.587378,44.463746],[83.592216,44.463754],[83.594821,44.463625],[83.598153,44.463155],[83.599463,44.462783],[83.601279,44.462743],[83.602852,44.462912],[83.605445,44.463542],[83.607277,44.464103],[83.608788,44.464361],[83.610933,44.465269],[83.613194,44.465680],[83.616412,44.465789],[83.620040,44.466309],[83.621462,44.466745],[83.624992,44.468073],[83.625728,44.468224],[83.629902,44.468403],[83.630594,44.468821],[83.631740,44.470147],[83.632391,44.471375],[83.633096,44.472330],[83.633906,44.473380],[83.635863,44.475599],[83.635969,44.475864],[83.637049,44.475471],[83.639348,44.474826],[83.644575,44.474201],[83.660006,44.472046],[83.667048,44.471114],[83.683230,44.468971],[83.719299,44.464195],[83.723992,44.463573],[83.730122,44.463228],[83.750052,44.461835],[83.752820,44.461741],[83.755640,44.462036],[83.793340,44.466780],[83.793464,44.475754],[83.793363,44.477572],[83.793419,44.480250],[83.793952,44.482045],[83.794201,44.484057],[83.794767,44.485563],[83.795530,44.487241],[83.796318,44.488691],[83.797922,44.490973],[83.798512,44.492233],[83.798589,44.492612],[83.798101,44.495218],[83.798100,44.495937],[83.797394,44.496935],[83.796280,44.497792],[83.795810,44.498294],[83.794647,44.500135],[83.793994,44.501411],[83.794017,44.503368],[83.793423,44.504457],[83.792633,44.505237],[83.792645,44.506078],[83.792067,44.506728],[83.791992,44.506990],[83.792011,44.507415],[83.792353,44.507864],[83.792135,44.508192],[83.792037,44.508569],[83.791663,44.508922],[83.792076,44.509680],[83.792049,44.510014],[83.791806,44.510405],[83.792012,44.511086],[83.791864,44.511318],[83.791350,44.511498],[83.791630,44.511896],[83.791126,44.512273],[83.791545,44.512543],[83.791594,44.512667],[83.791133,44.513032],[83.791049,44.513398],[83.791181,44.513738],[83.791842,44.514511],[83.791802,44.514887],[83.792220,44.515157],[83.792042,44.515369],[83.792186,44.515949],[83.791925,44.519447],[83.791857,44.520376],[83.790418,44.521816],[83.789102,44.522399],[83.787267,44.523750],[83.784284,44.527586],[83.782967,44.528169],[83.781642,44.528283],[83.779662,44.529062],[83.778231,44.530502],[83.776936,44.532415],[83.775916,44.534807],[83.775809,44.536240],[83.775402,44.536745],[83.775391,44.536963],[83.772993,44.537926],[83.771339,44.538343],[83.768317,44.539955],[83.764826,44.542272],[83.764405,44.542701],[83.759300,44.546116],[83.752695,44.549833],[83.751903,44.550462],[83.748312,44.551078],[83.747517,44.551285],[83.746803,44.551780],[83.745427,44.552950],[83.748646,44.560037],[83.751019,44.565523],[83.752717,44.568947],[83.753114,44.570357],[83.754140,44.577231],[83.754532,44.578269],[83.755186,44.580753],[83.755269,44.581744],[83.755446,44.587498],[83.754966,44.590214],[83.755020,44.591117],[83.755306,44.592534],[83.756283,44.604412],[83.756443,44.612225],[83.757233,44.617437],[83.758223,44.622479],[83.759797,44.633250],[83.760484,44.634183],[83.762242,44.640948],[83.763278,44.643952],[83.763922,44.646161],[83.764454,44.648739],[83.765371,44.651181],[83.766037,44.653645],[83.766706,44.655517],[83.767279,44.656758],[83.767821,44.658363],[83.768224,44.659227],[83.771314,44.667601],[83.771479,44.668238],[83.771362,44.669895],[83.771472,44.672191],[83.772425,44.676570],[83.772919,44.677749],[83.773828,44.678952],[83.774090,44.679991],[83.774850,44.681301],[83.776373,44.684483],[83.777054,44.686359],[83.778537,44.689922],[83.781580,44.695955],[83.781964,44.697306],[83.782565,44.698744],[83.783004,44.699536],[83.785960,44.703737],[83.789852,44.711911],[83.790802,44.713492],[83.793358,44.717230],[83.794473,44.719508],[83.794560,44.721331],[83.795122,44.723176],[83.795965,44.729172],[83.797304,44.732535],[83.798248,44.734344],[83.798942,44.736630],[83.798951,44.737429],[83.798610,44.738679],[83.798378,44.740240],[83.798146,44.745258],[83.797502,44.748089],[83.797357,44.749504],[83.796699,44.752783],[83.796414,44.753456],[83.796308,44.753971],[83.796361,44.754542],[83.796286,44.754995],[83.796007,44.755269],[83.795600,44.755402],[83.795396,44.755569],[83.795366,44.755779],[83.795765,44.756839],[83.795965,44.757118],[83.796715,44.757292],[83.797497,44.757318],[83.797853,44.757601],[83.798086,44.758499],[83.797998,44.759617],[83.797437,44.760012],[83.796830,44.760053],[83.796792,44.758900],[83.796573,44.758648],[83.795853,44.758320],[83.795434,44.758344],[83.795053,44.758523],[83.794874,44.758751],[83.794917,44.759016],[83.795114,44.759214],[83.796040,44.759258],[83.796142,44.759399],[83.796060,44.759659],[83.795802,44.759834],[83.794820,44.759970],[83.792582,44.759558],[83.792082,44.759614],[83.791241,44.760083],[83.790760,44.760176],[83.789807,44.760154],[83.789139,44.760294],[83.788761,44.760561],[83.788117,44.761808],[83.788104,44.762894],[83.788578,44.763283],[83.789255,44.763321],[83.790080,44.763625],[83.790263,44.764110],[83.790214,44.764695],[83.789790,44.764976],[83.788882,44.764674],[83.788204,44.764624],[83.787818,44.764334],[83.787263,44.763630],[83.786498,44.763607],[83.786420,44.763698],[83.786414,44.764547],[83.786186,44.764988],[83.786178,44.765191],[83.786830,44.765699],[83.787858,44.766154],[83.788152,44.766480],[83.788198,44.766703],[83.788083,44.767019],[83.787633,44.767377],[83.787370,44.767451],[83.786450,44.767530],[83.785862,44.767346],[83.785656,44.767005],[83.786257,44.766833],[83.786469,44.766680],[83.786510,44.766544],[83.785741,44.766441],[83.784974,44.766494],[83.784610,44.766427],[83.784402,44.766276],[83.784062,44.765736],[83.784516,44.765078],[83.784482,44.764740],[83.784324,44.764656],[83.783943,44.764855],[83.783498,44.765695],[83.783033,44.765876],[83.782102,44.765955],[83.781805,44.766072],[83.781214,44.767084],[83.781171,44.767778],[83.781375,44.768209],[83.781363,44.768589],[83.781200,44.768762],[83.779683,44.768864],[83.779540,44.769092],[83.779380,44.771289],[83.779215,44.771450],[83.778885,44.771471],[83.778299,44.771350],[83.777996,44.771223],[83.777609,44.770907],[83.777677,44.770115],[83.777531,44.770026],[83.775908,44.770515],[83.774856,44.770689],[83.774228,44.770658],[83.773979,44.770800],[83.773960,44.770999],[83.773663,44.771353],[83.772720,44.771579],[83.772687,44.771893],[83.772807,44.772160],[83.773430,44.772681],[83.773419,44.772825],[83.772061,44.773092],[83.771483,44.773624],[83.770649,44.773933],[83.770605,44.774022],[83.771191,44.774626],[83.771255,44.774979],[83.770873,44.775077],[83.769265,44.774498],[83.768954,44.774494],[83.768649,44.774614],[83.768203,44.775318],[83.767956,44.776290],[83.767967,44.776532],[83.768079,44.776650],[83.768557,44.776839],[83.770490,44.776887],[83.771194,44.777015],[83.771890,44.776931],[83.772296,44.776982],[83.772556,44.777090],[83.772735,44.777290],[83.772763,44.777870],[83.772670,44.778198],[83.772506,44.778307],[83.771370,44.778569],[83.770407,44.778487],[83.770022,44.778540],[83.769690,44.778880],[83.769969,44.779189],[83.771310,44.779452],[83.772059,44.779788],[83.772137,44.780196],[83.772050,44.780353],[83.771810,44.780492],[83.770187,44.780574],[83.769204,44.781384],[83.768427,44.781493],[83.767607,44.781369],[83.767299,44.781229],[83.767177,44.781088],[83.767133,44.780629],[83.766984,44.780229],[83.766473,44.779800],[83.766147,44.779697],[83.765695,44.779775],[83.765601,44.779905],[83.765623,44.780038],[83.766362,44.780738],[83.766377,44.781090],[83.766032,44.781271],[83.765502,44.781317],[83.765392,44.781244],[83.764862,44.780708],[83.764822,44.779859],[83.764073,44.779578],[83.763028,44.779768],[83.762898,44.779907],[83.763146,44.780247],[83.763121,44.780358],[83.762587,44.780341],[83.762322,44.780010],[83.761999,44.779806],[83.761479,44.779718],[83.760501,44.779965],[83.760076,44.780267],[83.759881,44.780517],[83.760130,44.780782],[83.761394,44.781051],[83.762617,44.780843],[83.763051,44.781035],[83.763608,44.781635],[83.763618,44.781856],[83.763091,44.782233],[83.762724,44.782254],[83.761636,44.781956],[83.761306,44.781980],[83.759179,44.782560],[83.758886,44.782402],[83.758876,44.782169],[83.759128,44.781699],[83.758815,44.781276],[83.757368,44.781157],[83.756275,44.781325],[83.755939,44.781617],[83.755391,44.781703],[83.754303,44.781661],[83.753746,44.781779],[83.751375,44.781687],[83.750710,44.781973],[83.750047,44.782079],[83.749384,44.782463],[83.748995,44.782941],[83.749010,44.783894],[83.748369,44.785799],[83.749195,44.786752],[83.751047,44.785969],[83.751589,44.786442],[83.752258,44.786633],[83.753074,44.787198],[83.751885,44.788064],[83.751612,44.787684],[83.750955,44.788167],[83.750285,44.788165],[83.748698,44.789130],[83.748690,44.788653],[83.747608,44.787716],[83.747204,44.787528],[83.746539,44.787724],[83.746142,44.788201],[83.745486,44.788586],[83.746417,44.788393],[83.745495,44.789350],[83.745502,44.789728],[83.744159,44.789166],[83.742695,44.789561],[83.742031,44.790044],[83.741909,44.790515],[83.741520,44.791001],[83.740719,44.791191],[83.740047,44.791198],[83.738727,44.791976],[83.738896,44.793880],[83.737705,44.794645],[83.736369,44.794658],[83.735690,44.794188],[83.735698,44.794566],[83.734363,44.794570],[83.733698,44.794964],[83.733309,44.795441],[83.734248,44.796004],[83.734919,44.796096],[83.735600,44.796566],[83.735720,44.795996],[83.736400,44.796368],[83.737735,44.796453],[83.738416,44.796834],[83.738956,44.797397],[83.738964,44.797874],[83.738705,44.798357],[83.736683,44.797513],[83.734942,44.797427],[83.734019,44.797818],[83.733095,44.798775],[83.732042,44.799546],[83.732187,44.800308],[83.733943,44.801338],[83.732614,44.802017],[83.731134,44.801169],[83.730324,44.801080],[83.729676,44.801941],[83.730371,44.803554],[83.730905,44.803739],[83.731698,44.803163],[83.732638,44.803159],[83.733723,44.804106],[83.732928,44.804494],[83.731860,44.804500],[83.730805,44.805362],[83.729357,44.806898],[83.730852,44.808222],[83.731669,44.809166],[83.731546,44.809646],[83.731822,44.810117],[83.730363,44.810987],[83.729028,44.811000],[83.728371,44.811474],[83.728355,44.810908],[83.727691,44.811193],[83.727027,44.811109],[83.726500,44.811589],[83.725828,44.811775],[83.725301,44.812255],[83.725576,44.812546],[83.725454,44.813017],[83.725859,44.813493],[83.725866,44.813970],[83.726141,44.814441],[83.725759,44.815593],[83.725362,44.815692],[83.723079,44.815321],[83.722675,44.815132],[83.722010,44.815138],[83.721750,44.815621],[83.721079,44.815816],[83.720819,44.816290],[83.720841,44.817243],[83.722476,44.819042],[83.721286,44.820005],[83.720620,44.819912],[83.719957,44.820197],[83.719283,44.820302],[83.717298,44.821553],[83.717176,44.822033],[83.716778,44.822510],[83.716786,44.822986],[83.716526,44.823460],[83.716031,44.825847],[83.715113,44.826804],[83.714036,44.826621],[83.712982,44.827481],[83.712997,44.828435],[83.712616,44.829388],[83.712623,44.829865],[83.712096,44.830345],[83.712104,44.830822],[83.711706,44.831308],[83.711989,44.832255],[83.712402,44.832732],[83.712417,44.833677],[83.711241,44.835116],[83.707252,44.837238],[83.705938,44.838671],[83.705815,44.839151],[83.705419,44.839628],[83.705311,44.841061],[83.705594,44.842009],[83.706832,44.843907],[83.706985,44.844858],[83.706596,44.845811],[83.705541,44.846770],[83.704876,44.847064],[83.703531,44.846788],[83.702193,44.846790],[83.700864,44.847566],[83.700871,44.847845],[83.702224,44.848697],[83.702897,44.848791],[83.704250,44.849544],[83.703859,44.850209],[83.702140,44.851651],[83.701842,44.853998],[83.700512,44.854252],[83.698899,44.854296],[83.697119,44.855253],[83.694436,44.857633],[83.694314,44.860714],[83.693236,44.862933],[83.692740,44.864249],[83.688451,44.865926],[83.687633,44.867006],[83.687296,44.868084],[83.686639,44.869115],[83.684690,44.870354],[83.684514,44.872005],[83.684896,44.873212],[83.682564,44.873307],[83.681188,44.873921],[83.681165,44.875236],[83.682294,44.876014],[83.683126,44.875909],[83.683359,44.876027],[83.684174,44.876276],[83.684351,44.876598],[83.684250,44.876879],[83.683818,44.877328],[83.683296,44.877626],[83.681925,44.877715],[83.681534,44.877377],[83.681236,44.876720],[83.681059,44.876635],[83.680804,44.876653],[83.680519,44.876938],[83.680251,44.877569],[83.680281,44.878207],[83.680080,44.878638],[83.679577,44.878949],[83.677639,44.879662],[83.677176,44.879964],[83.676731,44.880130],[83.675897,44.880114],[83.675577,44.880408],[83.674927,44.880638],[83.673894,44.880837],[83.673216,44.880873],[83.672932,44.880769],[83.672963,44.880409],[83.672892,44.880301],[83.672389,44.880367],[83.671621,44.880104],[83.671132,44.880115],[83.670116,44.880551],[83.669287,44.881025],[83.668630,44.881757],[83.668626,44.882438],[83.668823,44.882590],[83.669171,44.882629],[83.669816,44.882556],[83.670951,44.882612],[83.671073,44.882808],[83.669909,44.883530],[83.668168,44.883365],[83.667805,44.883372],[83.667528,44.883547],[83.667301,44.883806],[83.667334,44.884122],[83.667509,44.884440],[83.667519,44.884642],[83.667355,44.884958],[83.667402,44.885583],[83.667655,44.885903],[83.668190,44.886272],[83.668804,44.886550],[83.668934,44.887038],[83.668735,44.887490],[83.668428,44.887687],[83.668285,44.887677],[83.667762,44.887198],[83.667316,44.887085],[83.666299,44.888277],[83.665972,44.888420],[83.665694,44.888451],[83.665498,44.888320],[83.665160,44.887858],[83.665100,44.887580],[83.665417,44.886969],[83.665528,44.886663],[83.665491,44.886520],[83.665010,44.886285],[83.664572,44.885432],[83.664313,44.885260],[83.664031,44.885199],[83.663575,44.885251],[83.663251,44.885460],[83.662518,44.886617],[83.662287,44.886778],[83.661897,44.886842],[83.661006,44.886637],[83.660235,44.886307],[83.659386,44.886380],[83.659058,44.886501],[83.658100,44.887134],[83.657996,44.887360],[83.658074,44.887629],[83.658781,44.887982],[83.658883,44.888381],[83.658631,44.888733],[83.658243,44.888965],[83.656602,44.889529],[83.656048,44.889541],[83.655448,44.889173],[83.655192,44.888663],[83.655282,44.888293],[83.655792,44.887978],[83.655742,44.887679],[83.655595,44.887594],[83.654602,44.887488],[83.654051,44.887559],[83.652726,44.888395],[83.652059,44.888396],[83.651686,44.888180],[83.651183,44.887215],[83.650732,44.886979],[83.650319,44.886933],[83.649881,44.886998],[83.649420,44.887198],[83.649222,44.887696],[83.649191,44.888052],[83.648860,44.888372],[83.647780,44.888564],[83.646502,44.888490],[83.645424,44.889008],[83.645139,44.889416],[83.645088,44.889987],[83.644951,44.890379],[83.644036,44.891062],[83.643695,44.891146],[83.643171,44.891157],[83.641631,44.891461],[83.640464,44.891452],[83.640079,44.891367],[83.639876,44.891093],[83.639834,44.890828],[83.639500,44.890666],[83.638619,44.890820],[83.637030,44.891467],[83.635554,44.891601],[83.635076,44.891434],[83.634631,44.891084],[83.635138,44.890705],[83.635130,44.890528],[83.634903,44.890376],[83.634641,44.890255],[83.633778,44.890240],[83.633427,44.890117],[83.633080,44.889833],[83.632652,44.889698],[83.632224,44.889708],[83.631528,44.889989],[83.630906,44.889791],[83.630515,44.889821],[83.629877,44.890046],[83.629503,44.890067],[83.628848,44.889925],[83.628049,44.890031],[83.627758,44.890173],[83.627683,44.890880],[83.627132,44.891328],[83.626890,44.891489],[83.625746,44.891591],[83.625077,44.892446],[83.624841,44.892494],[83.623308,44.891623],[83.622800,44.891554],[83.622583,44.891626],[83.622318,44.892080],[83.622411,44.892682],[83.622042,44.893206],[83.621863,44.893848],[83.621515,44.894046],[83.620747,44.894173],[83.619876,44.895029],[83.618321,44.895503],[83.617341,44.895402],[83.616792,44.894696],[83.616550,44.894600],[83.616141,44.894643],[83.615849,44.894505],[83.615634,44.894206],[83.615591,44.893928],[83.615422,44.893742],[83.614548,44.893482],[83.613177,44.892093],[83.612536,44.891849],[83.612093,44.891783],[83.611388,44.891841],[83.610864,44.892089],[83.610378,44.892121],[83.609749,44.891747],[83.609510,44.891727],[83.607640,44.893100],[83.607081,44.893227],[83.606686,44.893176],[83.606023,44.892824],[83.604957,44.892915],[83.604840,44.893087],[83.604829,44.893890],[83.603968,44.893910],[83.603088,44.893651],[83.602550,44.893587],[83.601599,44.893697],[83.600476,44.893968],[83.600295,44.894175],[83.600066,44.895029],[83.600075,44.895498],[83.600281,44.895840],[83.600603,44.896125],[83.600689,44.896592],[83.600534,44.896976],[83.600668,44.897171],[83.601268,44.897563],[83.601602,44.897999],[83.601632,44.898257],[83.601452,44.898876],[83.602084,44.899590],[83.602490,44.900295],[83.602602,44.901053],[83.602476,44.902341],[83.602104,44.903592],[83.601302,44.904916],[83.601156,44.905490],[83.601277,44.906214],[83.602294,44.907019],[83.602338,44.907331],[83.602179,44.907614],[83.600455,44.908794],[83.598951,44.909982],[83.598748,44.910367],[83.599488,44.911491],[83.599588,44.911979],[83.599542,44.912293],[83.598804,44.913050],[83.595762,44.914649],[83.594279,44.914839],[83.593339,44.915220],[83.592794,44.915791],[83.592337,44.916461],[83.591182,44.917316],[83.590061,44.917891],[83.589687,44.917900],[83.589379,44.917793],[83.589077,44.917288],[83.588638,44.917041],[83.587877,44.917160],[83.587533,44.917299],[83.586427,44.917134],[83.585989,44.917178],[83.585622,44.917322],[83.585347,44.917552],[83.585192,44.917949],[83.585224,44.919051],[83.585147,44.919459],[83.584770,44.920059],[83.583028,44.921609],[83.582358,44.922419],[83.581401,44.923862],[83.581417,44.924229],[83.581867,44.925114],[83.581793,44.925598],[83.581493,44.925930],[83.581088,44.926037],[83.580742,44.926003],[83.580005,44.925708],[83.579652,44.925792],[83.579366,44.926166],[83.579199,44.927603],[83.578923,44.927821],[83.578766,44.927831],[83.578610,44.927841],[83.577567,44.927363],[83.577425,44.927387],[83.577344,44.927693],[83.577271,44.929516],[83.576818,44.929874],[83.575499,44.930252],[83.574567,44.930924],[83.573955,44.931184],[83.572890,44.931243],[83.572395,44.930807],[83.572300,44.930002],[83.572088,44.929897],[83.571569,44.929842],[83.571134,44.929941],[83.570762,44.930385],[83.570361,44.930577],[83.569799,44.930624],[83.568225,44.930201],[83.568039,44.930273],[83.567970,44.930452],[83.567994,44.931001],[83.567924,44.931159],[83.566158,44.931358],[83.566030,44.931333],[83.565901,44.931309],[83.565880,44.931098],[83.566010,44.930968],[83.566771,44.930717],[83.567303,44.930278],[83.567122,44.930084],[83.566809,44.930100],[83.566328,44.930234],[83.565358,44.930718],[83.563960,44.930751],[83.561618,44.931738],[83.561247,44.931789],[83.560402,44.931463],[83.559929,44.931495],[83.558005,44.932662],[83.557552,44.932753],[83.554834,44.932312],[83.553924,44.931988],[83.553144,44.931373],[83.553008,44.931118],[83.552668,44.930937],[83.552386,44.930855],[83.551930,44.930874],[83.551590,44.930963],[83.551363,44.931180],[83.551080,44.932159],[83.551187,44.932583],[83.551370,44.932701],[83.551908,44.932510],[83.552362,44.932466],[83.552504,44.932851],[83.552458,44.933558],[83.552173,44.933823],[83.551655,44.933903],[83.551421,44.933849],[83.550902,44.933507],[83.550122,44.933560],[83.549826,44.933711],[83.549619,44.933995],[83.549663,44.934184],[83.550171,44.934417],[83.550165,44.934544],[83.549257,44.935323],[83.549230,44.935805],[83.548979,44.936158],[83.548701,44.936300],[83.547615,44.936550],[83.546107,44.936507],[83.545440,44.936714],[83.543816,44.936851],[83.543499,44.937260],[83.543777,44.937706],[83.543788,44.937963],[83.543654,44.938144],[83.543034,44.938341],[83.542673,44.938350],[83.541535,44.938099],[83.540428,44.937590],[83.540099,44.937518],[83.539699,44.938119],[83.539353,44.938343],[83.538660,44.938348],[83.537039,44.937484],[83.536242,44.936865],[83.535794,44.936652],[83.534879,44.936464],[83.534567,44.936514],[83.534461,44.936673],[83.534295,44.937070],[83.534236,44.937629],[83.534016,44.937880],[83.533548,44.938006],[83.531780,44.937691],[83.531010,44.937710],[83.529761,44.938142],[83.529040,44.937780],[83.528657,44.937692],[83.528441,44.937753],[83.527874,44.938337],[83.526518,44.938494],[83.526211,44.938658],[83.526020,44.939030],[83.526051,44.939342],[83.526278,44.939527],[83.527042,44.939787],[83.527253,44.939997],[83.527212,44.941228],[83.527082,44.941776],[83.526953,44.942084],[83.526390,44.942499],[83.525907,44.942558],[83.525200,44.942787],[83.524622,44.942835],[83.524409,44.942726],[83.524206,44.942275],[83.523979,44.942090],[83.523673,44.942009],[83.522319,44.942200],[83.520978,44.941608],[83.520105,44.941427],[83.519281,44.941549],[83.518467,44.941903],[83.517307,44.942625],[83.516903,44.942724],[83.516115,44.942321],[83.514907,44.941916],[83.514741,44.941650],[83.514607,44.940068],[83.514522,44.939880],[83.514244,44.939586],[83.513550,44.939332],[83.513339,44.939312],[83.512093,44.939873],[83.510131,44.940527],[83.509695,44.940572],[83.509482,44.940721],[83.509541,44.941391],[83.509237,44.942045],[83.509059,44.943001],[83.508267,44.943447],[83.506925,44.943925],[83.506833,44.945062],[83.506545,44.945261],[83.506111,44.945394],[83.503806,44.945121],[83.502880,44.945205],[83.500025,44.947009],[83.499949,44.947989],[83.499584,44.948492],[83.498883,44.948726],[83.497888,44.948894],[83.497754,44.949066],[83.497783,44.949265],[83.498589,44.949558],[83.498830,44.949775],[83.499056,44.950103],[83.499032,44.950426],[83.501688,44.952804],[83.502083,44.953256],[83.502359,44.953736],[83.502480,44.954560],[83.502252,44.955412],[83.502261,44.955668],[83.502075,44.955881],[83.501051,44.956434],[83.499629,44.957543],[83.498745,44.958748],[83.497599,44.960763],[83.496998,44.961387],[83.495902,44.961800],[83.494291,44.962160],[83.489837,44.962862],[83.488358,44.962899],[83.485279,44.963799],[83.483422,44.964692],[83.479370,44.967706],[83.478891,44.968428],[83.478086,44.970168],[83.477033,44.972910],[83.475891,44.974520],[83.474631,44.975827],[83.474063,44.976108],[83.470403,44.977916],[83.464641,44.979957],[83.459798,44.980479],[83.457986,44.980851],[83.452337,44.981703],[83.450437,44.982018],[83.445772,44.982347],[83.439614,44.981686],[83.435689,44.981040],[83.434008,44.980917],[83.424901,44.980343],[83.412260,44.979899],[83.399774,44.980567],[83.394798,44.980644],[83.391591,44.980840],[83.390978,44.981060],[83.386916,44.981962],[83.383852,44.982809],[83.379597,44.983722],[83.370296,44.986076],[83.360283,44.988364],[83.355820,44.989548],[83.353122,44.990131],[83.352347,44.990441],[83.349992,44.990797],[83.350439,44.991264],[83.350121,44.991596],[83.350164,44.991759],[83.350442,44.991824],[83.350424,44.991926],[83.349880,44.992059],[83.349496,44.992404],[83.348745,44.992628],[83.348342,44.993075],[83.348017,44.993157],[83.347560,44.993104],[83.346826,44.992801],[83.346186,44.992993],[83.345937,44.992968],[83.345040,44.992550],[83.344486,44.991810],[83.344180,44.991751],[83.343434,44.991885],[83.343095,44.991854],[83.342190,44.991501],[83.339979,44.991591],[83.338205,44.991842],[83.336917,44.992326],[83.335801,44.991808],[83.334970,44.991594],[83.334420,44.991349],[83.333621,44.991208],[83.332965,44.990939],[83.332506,44.991045],[83.331334,44.990897],[83.330383,44.991039],[83.328932,44.991620],[83.327962,44.992215],[83.322740,44.992621],[83.313376,44.993173],[83.308569,44.993574],[83.301159,44.993956],[83.298542,44.994182],[83.295333,44.994512],[83.290158,44.995234],[83.285407,44.995771],[83.283456,44.995901],[83.280824,44.996331],[83.272977,44.997258],[83.265258,44.998327],[83.263651,44.998375],[83.252786,45.000511],[83.247153,45.001410],[83.236489,45.003039],[83.224628,45.005005],[83.212161,45.006790],[83.205423,45.007904],[83.198162,45.008926],[83.193510,45.009767],[83.189254,45.010389],[83.174937,45.012769],[83.150784,45.017006],[83.143164,45.018553],[83.137692,45.019664],[83.121702,45.023022],[83.115416,45.024409],[83.096548,45.028573],[83.094415,45.028925],[83.076258,45.033383],[83.068176,45.035176],[83.044211,45.040968],[83.029390,45.044351],[83.025810,45.045168],[83.002598,45.050702],[82.992540,45.053960],[82.979744,45.057922],[82.977548,45.058486],[82.974674,45.059492],[82.973414,45.059755],[82.970261,45.061035],[82.969167,45.061583],[82.967263,45.062262],[82.965296,45.063204],[82.963958,45.063984],[82.961683,45.065007],[82.959943,45.065903],[82.955826,45.067638],[82.950519,45.069196],[82.947704,45.070151],[82.943535,45.071339],[82.942105,45.071851],[82.940125,45.072355],[82.937902,45.073082],[82.933449,45.074335],[82.926950,45.076516],[82.918812,45.078928],[82.917101,45.079530],[82.915183,45.080036],[82.913472,45.080646],[82.907221,45.082558],[82.887153,45.089676],[82.878212,45.092942],[82.875121,45.093909],[82.865656,45.097431],[82.861624,45.098729],[82.858860,45.099792],[82.855475,45.100907],[82.843129,45.108324],[82.835776,45.112995],[82.833762,45.114105],[82.830298,45.116413],[82.827897,45.117250],[82.818908,45.120862],[82.816826,45.121566],[82.813294,45.123260],[82.811420,45.123877],[82.808342,45.125249],[82.804484,45.126812],[82.800074,45.129104],[82.797221,45.130471],[82.792288,45.133308],[82.789062,45.134904],[82.784933,45.137095],[82.780656,45.139542],[82.779604,45.140252],[82.776468,45.141825],[82.771211,45.144725],[82.767956,45.146367],[82.757845,45.152162],[82.752611,45.153032],[82.742751,45.155330],[82.733385,45.157204],[82.721004,45.160030],[82.719473,45.160243],[82.717051,45.159913],[82.712557,45.159125],[82.708576,45.158338],[82.683121,45.153828],[82.681783,45.153554],[82.675609,45.156911],[82.674319,45.157810],[82.670448,45.159803],[82.667626,45.161440],[82.665783,45.162313],[82.661605,45.164635],[82.660216,45.165524],[82.658222,45.166513],[82.655568,45.168024],[82.653689,45.169220],[82.648754,45.171886],[82.646653,45.173210],[82.640604,45.177742],[82.638220,45.179379],[82.632606,45.183610],[82.625931,45.188397],[82.622772,45.190940],[82.617239,45.195849],[82.612010,45.200078],[82.611772,45.200546],[82.610685,45.204415],[82.610342,45.204994],[82.600494,45.210074],[82.598696,45.211486],[82.593454,45.215093],[82.590347,45.217454],[82.582862,45.219299],[82.587476,45.223905],[82.601014,45.346210],[82.564667,45.399534],[82.547201,45.425238],[82.546751,45.425873],[82.448000,45.461357],[82.282035,45.538896],[82.282001,45.542305],[82.281879,45.554502],[82.266753,45.620153],[82.279587,45.639378],[82.285828,45.647273],[82.288558,45.655417],[82.289116,45.697476],[82.290090,45.716443],[82.295760,45.727134],[82.304093,45.735586],[82.340270,45.772534],[82.341810,45.780416],[82.345162,45.807422],[82.348034,45.813541],[82.349618,45.823002],[82.348026,45.846302],[82.345354,45.853695],[82.338749,45.863956],[82.335869,45.873708],[82.336043,45.882221],[82.344059,45.894471],[82.344825,45.905540],[82.345391,45.912466],[82.344294,45.923853],[82.342676,45.935121],[82.346131,45.943740],[82.357208,45.951213],[82.389528,45.965692],[82.401289,45.972227],[82.423466,45.971006],[82.435612,45.968940],[82.443460,45.973154],[82.461516,45.979995],[82.462284,45.982343],[82.481993,46.042635],[82.506105,46.116424],[82.518326,46.153824],[82.556353,46.213276],[82.578351,46.247641],[82.608739,46.295069],[82.614903,46.305502],[82.726772,46.494703],[82.727235,46.495487],[82.774208,46.600108],[82.788883,46.677843],[82.790698,46.682050],[82.812598,46.732823],[82.829778,46.772665],[82.878488,46.797233],[82.876385,46.822892],[82.876303,46.823887],[82.892631,46.861944],[82.903134,46.886411],[82.923538,46.932061],[82.927712,46.945270],[82.934629,46.968110],[82.935804,46.980987],[82.937877,47.014057],[82.939600,47.016278],[82.948724,47.020979],[82.967021,47.035797],[82.980299,47.050197],[82.988018,47.058786],[82.992941,47.065111],[82.993181,47.065419],[82.995850,47.072227],[83.000961,47.094763],[83.009510,47.104455],[83.013305,47.123069],[83.022411,47.132939],[83.023170,47.141305],[83.023441,47.150220],[83.028569,47.159475],[83.031673,47.168276],[83.031142,47.175782],[83.030323,47.181885],[83.029451,47.188891],[83.029269,47.195065],[83.027369,47.215423],[83.029959,47.219573],[83.035748,47.219506],[83.052914,47.215994],[83.062598,47.219899],[83.075512,47.225101],[83.093317,47.225615],[83.108340,47.222107],[83.120843,47.224562],[83.134387,47.229733],[83.144119,47.235759],[83.154817,47.236089],[83.162949,47.230161],[83.170482,47.223034],[83.174404,47.218472],[83.188735,47.215419],[83.206940,47.213695],[83.210700,47.208757],[83.215977,47.202167],[83.219408,47.189128],[83.222095,47.186915],[83.237903,47.186332],[83.247786,47.175877],[83.257818,47.173229],[83.276464,47.174229],[83.294657,47.176430],[83.306395,47.179700],[83.316386,47.174156],[83.324482,47.168005],[83.332368,47.167868],[83.349300,47.172624],[83.370452,47.178563],[83.371738,47.168669],[83.371920,47.163333],[83.387012,47.155263],[83.391860,47.148372],[83.395005,47.145859],[83.398939,47.140941],[83.408209,47.132414],[83.418827,47.118832],[83.430591,47.118271],[83.442675,47.125272],[83.453011,47.129148],[83.463280,47.132074],[83.469593,47.128767],[83.472999,47.122367],[83.484218,47.118172],[83.487631,47.112200],[83.493084,47.107668],[83.511548,47.108490],[83.517337,47.104239],[83.522616,47.098740],[83.529729,47.092875],[83.534509,47.087521],[83.538528,47.083816],[83.546302,47.080502],[83.566966,47.080619],[83.573665,47.075728],[83.573344,47.068781],[83.570451,47.062827],[83.571161,47.060568],[83.576133,47.059233],[83.603367,47.058947],[83.610936,47.052110],[83.612505,47.051219],[83.618134,47.048028],[83.631028,47.047289],[83.641938,47.045372],[83.649399,47.044063],[83.665108,47.043427],[83.689622,47.035188],[83.700572,47.032155],[83.702772,47.026778],[83.699354,47.015626],[83.708015,47.013850],[83.713024,47.016690],[83.726692,47.024435],[83.741567,47.026317],[83.750393,47.027379],[83.766540,47.027003],[83.780170,47.022877],[83.789618,47.018225],[83.798629,47.014204],[83.816497,47.012173],[83.827310,47.007450],[83.841746,47.001722],[83.851980,46.994817],[83.874976,46.994232],[83.883470,46.989829],[83.883957,46.989577],[83.885863,46.981941],[83.893714,46.982375],[83.907744,46.985825],[83.913470,46.980629],[83.915900,46.972649],[83.924772,46.969911],[83.932973,46.969998],[83.937900,46.977738],[83.951535,46.987246],[83.963569,46.989501],[83.978778,46.981863],[83.991233,46.989889],[84.002738,46.990609],[84.013001,46.982104],[84.020178,46.979724],[84.038516,46.973525],[84.054188,46.969996],[84.066119,46.967655],[84.075096,46.966382],[84.086447,46.965212],[84.103565,46.965935],[84.115563,46.966830],[84.128773,46.970016],[84.132731,46.970971],[84.136991,46.973063],[84.150276,46.977333],[84.158582,46.982218],[84.170676,46.988609],[84.178798,46.993740],[84.195106,47.003512],[84.200012,47.004155],[84.215279,46.998809],[84.226009,46.997703],[84.236346,47.001934],[84.242508,46.996893],[84.250382,46.995033],[84.259310,47.000102],[84.268207,47.003484],[84.278784,46.998642],[84.283552,46.996852],[84.289141,46.994755],[84.297721,46.993985],[84.305399,46.995313],[84.314566,46.997222],[84.323778,47.001278],[84.330355,47.004661],[84.336514,47.005402],[84.341621,47.002173],[84.348797,46.996280],[84.359825,46.994006],[84.371501,46.993337],[84.377846,46.994428],[84.382998,46.995313],[84.393603,46.998838],[84.425430,47.008864],[84.438544,47.009266],[84.449554,47.006416],[84.454519,47.001265],[84.458697,46.996614],[84.464508,46.992901],[84.471442,46.990621],[84.484163,46.984711],[84.496865,46.979159],[84.506507,46.973068],[84.517204,46.974430],[84.548796,46.986460],[84.563129,46.991644],[84.581496,46.994306],[84.588381,46.995569],[84.603028,46.996539],[84.628762,46.994151],[84.639241,46.993947],[84.649751,46.999579],[84.662188,46.999436],[84.668690,46.994872],[84.679781,47.004564],[84.680329,47.004600],[84.693264,47.007108],[84.699565,47.008469],[84.711389,47.008058],[84.748027,47.009848],[84.759946,47.000103],[84.765646,46.993605],[84.781724,46.980088],[84.795312,46.972533]]
沙湾县	[[85.798299,43.850128],[85.797649,43.850279],[85.796984,43.850197],[85.795653,43.849365],[85.794986,43.849216],[85.794787,43.848949],[85.794837,43.847465],[85.794970,43.847082],[85.796035,43.846297],[85.796219,43.846013],[85.796152,43.845663],[85.795686,43.845330],[85.793997,43.844474],[85.793364,43.843841],[85.792648,43.843475],[85.791866,43.843243],[85.791184,43.843177],[85.790151,43.842778],[85.788936,43.841963],[85.788004,43.841214],[85.786905,43.840282],[85.786297,43.839590],[85.786048,43.838374],[85.785998,43.837557],[85.786147,43.836706],[85.786414,43.836056],[85.786580,43.835122],[85.786613,43.833521],[85.786006,43.832963],[85.785689,43.832347],[85.785689,43.830963],[85.785556,43.829663],[85.785306,43.828863],[85.785181,43.825820],[85.784815,43.825287],[85.784282,43.824804],[85.784116,43.824388],[85.784199,43.824004],[85.784698,43.823603],[85.785864,43.822185],[85.786047,43.821634],[85.785997,43.821151],[85.785664,43.820885],[85.784232,43.820469],[85.783741,43.820078],[85.783341,43.819663],[85.783141,43.818978],[85.782875,43.818462],[85.782559,43.818212],[85.781843,43.817963],[85.780460,43.817764],[85.778812,43.817382],[85.777829,43.816850],[85.777230,43.816267],[85.777029,43.815783],[85.777179,43.815299],[85.777747,43.814683],[85.777995,43.814166],[85.777920,43.813557],[85.777372,43.813107],[85.777038,43.812690],[85.776871,43.812174],[85.776938,43.811708],[85.777288,43.811106],[85.777371,43.810624],[85.776822,43.808739],[85.776962,43.805947],[85.776797,43.805413],[85.775448,43.804381],[85.774747,43.804182],[85.774082,43.804182],[85.773699,43.804282],[85.772349,43.804851],[85.771749,43.804934],[85.771266,43.804801],[85.770566,43.804185],[85.770067,43.803435],[85.769733,43.802751],[85.769633,43.802251],[85.769983,43.801367],[85.769958,43.800192],[85.769658,43.797958],[85.768958,43.794774],[85.768300,43.793699],[85.767850,43.791232],[85.768017,43.790598],[85.768567,43.789697],[85.769250,43.788163],[85.769899,43.787779],[85.770708,43.786903],[85.771424,43.785586],[85.771890,43.785452],[85.773306,43.784801],[85.774273,43.784116],[85.775689,43.782648],[85.775872,43.782164],[85.776005,43.781314],[85.776388,43.780730],[85.776346,43.779988],[85.776613,43.779387],[85.777029,43.778820],[85.777745,43.776986],[85.777595,43.776652],[85.776946,43.775953],[85.776846,43.775602],[85.777237,43.772826],[85.777437,43.772126],[85.778103,43.771358],[85.778470,43.770674],[85.778370,43.770107],[85.777720,43.768841],[85.777504,43.767607],[85.777895,43.766731],[85.778012,43.765998],[85.779027,43.764363],[85.779144,43.763696],[85.778961,43.763146],[85.778111,43.761863],[85.777712,43.760929],[85.777328,43.760346],[85.776920,43.760238],[85.776321,43.760238],[85.774455,43.760657],[85.774039,43.760607],[85.773506,43.760107],[85.772873,43.759141],[85.772273,43.758524],[85.771490,43.758075],[85.770540,43.757692],[85.769857,43.757242],[85.768657,43.756209],[85.765716,43.755585],[85.764717,43.755252],[85.764383,43.754836],[85.764000,43.754069],[85.763950,43.753202],[85.764082,43.752051],[85.764049,43.751251],[85.763583,43.750601],[85.762917,43.750034],[85.760391,43.748376],[85.759591,43.747676],[85.759058,43.746942],[85.758874,43.746226],[85.759000,43.745266],[85.759383,43.744532],[85.759868,43.744032],[85.761701,43.743097],[85.761851,43.742781],[85.761735,43.742531],[85.759767,43.741998],[85.757900,43.741714],[85.756883,43.741765],[85.754476,43.742256],[85.753871,43.742190],[85.753288,43.741981],[85.753017,43.741606],[85.752912,43.741043],[85.753037,43.740272],[85.753433,43.739564],[85.754361,43.738636],[85.755153,43.737677],[85.755341,43.737156],[85.755361,43.736739],[85.754820,43.736010],[85.754382,43.735614],[85.753214,43.735093],[85.752047,43.734780],[85.751609,43.734405],[85.751630,43.733905],[85.752318,43.733009],[85.753902,43.731987],[85.754444,43.731404],[85.754486,43.730924],[85.754277,43.730362],[85.753631,43.729778],[85.752861,43.729236],[85.752235,43.729132],[85.751421,43.729236],[85.750254,43.729840],[85.749118,43.730601],[85.747679,43.731393],[85.746907,43.731476],[85.744301,43.731183],[85.740630,43.731724],[85.739128,43.731827],[85.738335,43.731535],[85.737918,43.731014],[85.738001,43.730451],[85.738700,43.729649],[85.740014,43.728462],[85.740369,43.727774],[85.739931,43.727169],[85.738241,43.725793],[85.738220,43.725001],[85.738095,43.724292],[85.737427,43.723416],[85.736906,43.722499],[85.736874,43.721092],[85.736561,43.720300],[85.736144,43.719779],[85.734496,43.718860],[85.733932,43.718318],[85.733181,43.716400],[85.733057,43.715608],[85.733349,43.715170],[85.733808,43.714879],[85.735143,43.714359],[85.736478,43.713422],[85.737324,43.712370],[85.737908,43.711120],[85.737866,43.710119],[85.737532,43.708472],[85.736479,43.704584],[85.736103,43.703835],[85.736103,43.702626],[85.735790,43.702084],[85.735039,43.701332],[85.733912,43.699373],[85.733432,43.697684],[85.733401,43.695944],[85.733693,43.694548],[85.733630,43.693609],[85.733359,43.693088],[85.732900,43.692713],[85.729498,43.690521],[85.727891,43.688832],[85.727171,43.687799],[85.726503,43.685777],[85.726169,43.684234],[85.725939,43.683734],[85.725125,43.683066],[85.723559,43.682022],[85.722370,43.681395],[85.721179,43.679852],[85.719749,43.678818],[85.719728,43.677234],[85.719978,43.676067],[85.720438,43.674880],[85.721921,43.673777],[85.722673,43.673006],[85.722777,43.672506],[85.721941,43.670921],[85.721796,43.669691],[85.721377,43.668503],[85.720355,43.667105],[85.719436,43.666145],[85.718768,43.665185],[85.718705,43.664664],[85.719269,43.663018],[85.719520,43.661434],[85.720626,43.659747],[85.720730,43.658809],[85.720501,43.656141],[85.720710,43.655349],[85.721179,43.654589],[85.721973,43.653882],[85.722056,43.653319],[85.721826,43.651380],[85.721659,43.650879],[85.720929,43.650378],[85.720532,43.649752],[85.720532,43.649128],[85.720908,43.648232],[85.721033,43.647627],[85.720814,43.647033],[85.720271,43.646533],[85.718642,43.645489],[85.717911,43.644571],[85.717514,43.643715],[85.717702,43.642506],[85.717577,43.641673],[85.717723,43.640838],[85.718099,43.640173],[85.719289,43.639194],[85.719634,43.638538],[85.719571,43.637788],[85.718987,43.637120],[85.718047,43.636348],[85.716293,43.634574],[85.715040,43.634092],[85.714268,43.633612],[85.713850,43.632799],[85.713391,43.632381],[85.712555,43.631984],[85.709776,43.631646],[85.708566,43.631353],[85.707594,43.630820],[85.707114,43.630194],[85.706925,43.629526],[85.706967,43.628797],[85.706779,43.626441],[85.706550,43.626066],[85.706424,43.624127],[85.706027,43.623522],[85.702799,43.621630],[85.701943,43.621337],[85.700543,43.621335],[85.699498,43.621062],[85.698600,43.620435],[85.697994,43.619683],[85.697325,43.619370],[85.693814,43.619364],[85.691526,43.620079],[85.690355,43.620285],[85.689101,43.620429],[85.688015,43.620447],[85.686280,43.620715],[85.683939,43.620231],[85.683040,43.620376],[85.682403,43.620739],[85.681901,43.621218],[85.681420,43.622009],[85.681023,43.622467],[85.679560,43.623110],[85.678891,43.623567],[85.677679,43.624149],[85.676571,43.624834],[85.675777,43.625021],[85.675108,43.624998],[85.673875,43.624746],[85.672328,43.624138],[85.671105,43.623834],[85.664939,43.622926],[85.664793,43.622675],[85.664875,43.622300],[85.665273,43.621697],[85.665357,43.621113],[85.665127,43.620654],[85.663936,43.619297],[85.662828,43.618711],[85.659954,43.617549],[85.659097,43.616943],[85.658073,43.616066],[85.657948,43.615190],[85.657550,43.614230],[85.656694,43.613291],[85.655293,43.612058],[85.654207,43.611619],[85.653621,43.611493],[85.651009,43.612113],[85.650048,43.611966],[85.649358,43.611610],[85.648794,43.610796],[85.648387,43.609326],[85.648533,43.608638],[85.648993,43.607993],[85.648700,43.606200],[85.647906,43.604427],[85.647216,43.603821],[85.641596,43.602374],[85.640259,43.601851],[85.639455,43.600922],[85.638828,43.599879],[85.637136,43.597875],[85.636008,43.597186],[85.634839,43.596601],[85.633836,43.595891],[85.631873,43.593532],[85.631403,43.592292],[85.630421,43.591331],[85.627791,43.589848],[85.623950,43.588448],[85.622509,43.587467],[85.621632,43.586736],[85.621131,43.585903],[85.621058,43.585142],[85.622332,43.580953],[85.622353,43.580119],[85.622102,43.579390],[85.621434,43.578889],[85.620933,43.578346],[85.620474,43.577177],[85.620244,43.576949],[85.619034,43.576719],[85.617928,43.576697],[85.616738,43.576800],[85.614850,43.577372],[85.613368,43.577662],[85.612846,43.577620],[85.612200,43.577391],[85.611553,43.576870],[85.611198,43.575994],[85.610468,43.573117],[85.610322,43.571762],[85.609842,43.571199],[85.608862,43.570844],[85.607735,43.570677],[85.606484,43.570614],[85.605775,43.570385],[85.603971,43.570124],[85.602344,43.570061],[85.600822,43.570249],[85.598946,43.571187],[85.598258,43.571374],[85.594839,43.571104],[85.593797,43.570896],[85.593047,43.570250],[85.592630,43.569541],[85.592567,43.567185],[85.592244,43.565924],[85.591744,43.565341],[85.590494,43.564299],[85.588035,43.561986],[85.586889,43.560673],[85.585358,43.558267],[85.584837,43.557225],[85.584171,43.556641],[85.582338,43.555892],[85.581838,43.555413],[85.581609,43.554830],[85.581692,43.554246],[85.581900,43.553724],[85.582379,43.553224],[85.582733,43.552431],[85.582839,43.551326],[85.583150,43.550680],[85.583587,43.549804],[85.584441,43.548699],[85.584421,43.548115],[85.584025,43.547531],[85.583337,43.546802],[85.583193,43.546177],[85.583193,43.545364],[85.583025,43.545030],[85.581919,43.544225],[85.581237,43.543141],[85.580686,43.542625],[85.579704,43.540524],[85.579604,43.539975],[85.579854,43.539590],[85.580237,43.539256],[85.580737,43.538472],[85.581803,43.537787],[85.582910,43.537411],[85.584278,43.537110],[85.587611,43.536475],[85.588861,43.536390],[85.589877,43.536207],[85.590261,43.535956],[85.590378,43.535655],[85.590278,43.535305],[85.589577,43.534505],[85.589361,43.534106],[85.589477,43.533822],[85.589911,43.533504],[85.590711,43.533187],[85.592061,43.532219],[85.593295,43.531885],[85.595229,43.531801],[85.596396,43.531651],[85.596842,43.531517],[85.597201,43.531185],[85.597487,43.530785],[85.595048,43.529555],[85.594025,43.529238],[85.592875,43.529008],[85.592273,43.529003],[85.590830,43.529167],[85.588552,43.529591],[85.587148,43.529938],[85.584196,43.531051],[85.583274,43.531213],[85.581615,43.531274],[85.579946,43.531219],[85.578735,43.530962],[85.577363,43.530426],[85.576575,43.530384],[85.575274,43.530502],[85.573415,43.530528],[85.571924,43.530425],[85.567771,43.530544],[85.565411,43.530492],[85.562378,43.530614],[85.559803,43.530910],[85.557749,43.530904],[85.555978,43.531198],[85.554324,43.531641],[85.552998,43.532252],[85.548934,43.533161],[85.547117,43.533789],[85.544427,43.534022],[85.542421,43.534325],[85.541235,43.534357],[85.539876,43.534071],[85.536677,43.533664],[85.534127,43.533181],[85.533125,43.532901],[85.532138,43.532863],[85.531018,43.533086],[85.529817,43.533509],[85.528490,43.534260],[85.524051,43.535684],[85.521262,43.535847],[85.519683,43.536188],[85.518686,43.536056],[85.518076,43.535694],[85.515823,43.534807],[85.514452,43.534166],[85.513157,43.533130],[85.511467,43.532168],[85.509832,43.530827],[85.509127,43.529890],[85.508995,43.529123],[85.506898,43.526141],[85.506381,43.524797],[85.506118,43.523733],[85.505765,43.523260],[85.505322,43.523022],[85.504086,43.522636],[85.502429,43.522758],[85.499033,43.524038],[85.496882,43.524748],[85.494982,43.525174],[85.494762,43.525101],[85.493663,43.523712],[85.492447,43.522560],[85.490260,43.520917],[85.489751,43.520324],[85.489424,43.519653],[85.489412,43.519157],[85.489899,43.518430],[85.489877,43.518172],[85.488932,43.516613],[85.488624,43.515106],[85.487653,43.512530],[85.487663,43.512116],[85.487795,43.511757],[85.487998,43.511534],[85.488799,43.511056],[85.489177,43.510699],[85.489613,43.510056],[85.489811,43.509058],[85.489746,43.508625],[85.489562,43.508119],[85.488561,43.506731],[85.488378,43.506171],[85.488330,43.504144],[85.486731,43.502975],[85.485785,43.502425],[85.484695,43.502059],[85.483309,43.500696],[85.483239,43.500262],[85.483775,43.499342],[85.483809,43.499007],[85.483764,43.498692],[85.483462,43.498324],[85.482637,43.497941],[85.481644,43.497773],[85.478201,43.497298],[85.475491,43.497154],[85.474270,43.497330],[85.472271,43.498279],[85.471199,43.498337],[85.469271,43.497451],[85.466583,43.496505],[85.464164,43.496162],[85.462741,43.496128],[85.460891,43.496293],[85.459391,43.496622],[85.459018,43.496441],[85.458308,43.495595],[85.457921,43.494642],[85.457838,43.493629],[85.457663,43.492844],[85.457241,43.491983],[85.456758,43.491565],[85.455556,43.491119],[85.454553,43.490891],[85.450610,43.490771],[85.449694,43.490169],[85.448047,43.488611],[85.447232,43.487112],[85.446584,43.484706],[85.446341,43.484097],[85.446032,43.483691],[85.444592,43.482890],[85.443196,43.481825],[85.442385,43.481324],[85.439401,43.480321],[85.437025,43.479756],[85.434808,43.479048],[85.434037,43.478898],[85.430711,43.478691],[85.428506,43.478773],[85.425022,43.479599],[85.422238,43.480377],[85.420944,43.480456],[85.419833,43.480345],[85.418955,43.480118],[85.417778,43.480170],[85.415212,43.480926],[85.414776,43.480985],[85.413772,43.480531],[85.412266,43.480241],[85.409063,43.480314],[85.407546,43.480633],[85.405798,43.480767],[85.403336,43.480220],[85.401916,43.480181],[85.399287,43.480321],[85.396608,43.480785],[85.394294,43.481070],[85.390713,43.481226],[85.389869,43.481391],[85.389312,43.481713],[85.388467,43.481907],[85.387190,43.481821],[85.386126,43.481572],[85.385314,43.481058],[85.383614,43.481038],[85.381382,43.481280],[85.377070,43.482022],[85.373685,43.482360],[85.370924,43.483165],[85.369635,43.484020],[85.367918,43.484763],[85.365603,43.484862],[85.363415,43.485160],[85.360650,43.485107],[85.359444,43.484777],[85.359255,43.484504],[85.359197,43.483302],[85.358023,43.482091],[85.357684,43.481902],[85.357342,43.481835],[85.356177,43.482061],[85.355059,43.482501],[85.353996,43.482686],[85.349348,43.483030],[85.348033,43.483230],[85.345097,43.484202],[85.339893,43.484460],[85.339392,43.484566],[85.338953,43.484803],[85.337781,43.485043],[85.335506,43.485119],[85.334361,43.485307],[85.332659,43.485787],[85.330513,43.486539],[85.328765,43.486608],[85.328297,43.486711],[85.326799,43.487409],[85.325130,43.488357],[85.324592,43.488798],[85.323716,43.490002],[85.323337,43.491070],[85.323216,43.492921],[85.323537,43.493644],[85.324067,43.494125],[85.324380,43.494564],[85.324599,43.495818],[85.324534,43.496444],[85.324603,43.497074],[85.325147,43.498518],[85.325189,43.498978],[85.325072,43.500115],[85.324392,43.501457],[85.324460,43.502039],[85.324342,43.502672],[85.323988,43.503353],[85.323436,43.503801],[85.323199,43.504205],[85.323094,43.504703],[85.323156,43.505229],[85.324182,43.507009],[85.324768,43.508680],[85.325177,43.510629],[85.325917,43.512287],[85.326164,43.513275],[85.326106,43.515106],[85.326185,43.515538],[85.326857,43.516757],[85.327432,43.517549],[85.327357,43.518228],[85.327055,43.518985],[85.326722,43.519364],[85.325961,43.519951],[85.324932,43.520556],[85.323454,43.521171],[85.323096,43.521402],[85.322310,43.522879],[85.321703,43.524386],[85.321339,43.524723],[85.320644,43.525343],[85.319060,43.526443],[85.317145,43.527464],[85.316382,43.528525],[85.315222,43.529173],[85.314477,43.529173],[85.313995,43.529079],[85.311142,43.528114],[85.306077,43.526871],[85.304915,43.526759],[85.303837,43.526868],[85.303076,43.526801],[85.300536,43.524979],[85.299222,43.523764],[85.296999,43.522310],[85.296657,43.521862],[85.296697,43.520454],[85.296444,43.519471],[85.296401,43.518502],[85.297068,43.516502],[85.297854,43.515032],[85.297962,43.513818],[85.297895,43.512936],[85.297616,43.512080],[85.297617,43.511608],[85.297354,43.510358],[85.297278,43.509439],[85.297285,43.509182],[85.297652,43.508630],[85.297757,43.508280],[85.297682,43.507922],[85.296873,43.507324],[85.296420,43.507146],[85.295656,43.506442],[85.293994,43.505431],[85.293200,43.505048],[85.291978,43.504639],[85.290668,43.503566],[85.287454,43.502453],[85.286812,43.502404],[85.286407,43.502514],[85.284644,43.503255],[85.283172,43.504089],[85.281108,43.505955],[85.280858,43.506282],[85.280447,43.506567],[85.277006,43.507171],[85.274526,43.507905],[85.273779,43.508043],[85.270421,43.509213],[85.269343,43.510096],[85.268353,43.511514],[85.267953,43.511793],[85.267516,43.511906],[85.266179,43.511960],[85.262251,43.511413],[85.260446,43.511601],[85.259552,43.511838],[85.258707,43.512229],[85.257958,43.512741],[85.257015,43.512639],[85.256393,43.512737],[85.255445,43.513032],[85.253864,43.513768],[85.253235,43.514212],[85.252716,43.514964],[85.252646,43.515248],[85.252656,43.517062],[85.252311,43.517582],[85.251907,43.518452],[85.251494,43.519890],[85.251457,43.520576],[85.251281,43.520851],[85.250718,43.521044],[85.248828,43.521219],[85.245941,43.521746],[85.244958,43.521634],[85.243531,43.521273],[85.242780,43.521182],[85.241829,43.520893],[85.241402,43.520653],[85.240961,43.520220],[85.240180,43.519171],[85.238365,43.517241],[85.237245,43.515560],[85.236733,43.515130],[85.235841,43.514961],[85.235109,43.514992],[85.234449,43.515181],[85.232849,43.515942],[85.229555,43.517102],[85.228818,43.517126],[85.228368,43.517049],[85.226868,43.516528],[85.225269,43.515788],[85.223387,43.515478],[85.221528,43.514804],[85.218231,43.513806],[85.217080,43.513251],[85.215178,43.511424],[85.214532,43.510245],[85.214270,43.509512],[85.213955,43.509343],[85.213120,43.509523],[85.212010,43.510071],[85.209966,43.510775],[85.209513,43.510804],[85.207429,43.510368],[85.205640,43.510626],[85.204228,43.510626],[85.203296,43.510470],[85.202442,43.510626],[85.202197,43.510745],[85.201813,43.511266],[85.201468,43.511459],[85.201023,43.511577],[85.200036,43.511612],[85.198834,43.512066],[85.196799,43.511962],[85.195573,43.512044],[85.193096,43.512632],[85.191007,43.512524],[85.189709,43.512779],[85.189400,43.512898],[85.189097,43.513500],[85.188948,43.514976],[85.188144,43.516274],[85.187968,43.516469],[85.187694,43.516565],[85.186002,43.516343],[85.185632,43.516214],[85.185211,43.515514],[85.184594,43.515146],[85.182556,43.515167],[85.181406,43.514977],[85.179600,43.515175],[85.178721,43.515063],[85.177410,43.514599],[85.175419,43.513617],[85.174239,43.513303],[85.171297,43.512099],[85.170982,43.511835],[85.170735,43.511447],[85.170504,43.510824],[85.170338,43.510894],[85.169631,43.511825],[85.168393,43.512971],[85.167596,43.513418],[85.165608,43.514009],[85.165300,43.514181],[85.164914,43.514674],[85.164881,43.515173],[85.166118,43.517381],[85.167940,43.519416],[85.167956,43.519807],[85.167659,43.520331],[85.167470,43.520972],[85.166755,43.522150],[85.166746,43.522447],[85.166971,43.522871],[85.167023,43.523392],[85.166914,43.523639],[85.162478,43.525965],[85.161783,43.526475],[85.161007,43.527430],[85.160868,43.528086],[85.160952,43.528680],[85.160904,43.529150],[85.160830,43.529348],[85.160444,43.529738],[85.160370,43.530493],[85.160936,43.532011],[85.159486,43.532940],[85.158309,43.533589],[85.157514,43.533919],[85.157237,43.534089],[85.157164,43.534261],[85.156803,43.535659],[85.156308,43.536860],[85.156222,43.537294],[85.156353,43.538535],[85.156250,43.544819],[85.156879,43.545896],[85.157035,43.546296],[85.157061,43.546654],[85.156950,43.546866],[85.156324,43.547328],[85.155000,43.547770],[85.154039,43.547978],[85.152063,43.548280],[85.149814,43.548459],[85.149103,43.548374],[85.146944,43.547822],[85.145995,43.547709],[85.142381,43.547684],[85.138255,43.547948],[85.136981,43.547798],[85.133477,43.547819],[85.127976,43.548069],[85.120679,43.549053],[85.119471,43.549303],[85.117447,43.550121],[85.116521,43.550354],[85.115483,43.550858],[85.114333,43.551731],[85.112827,43.552512],[85.111688,43.552989],[85.111104,43.553153],[85.108814,43.553413],[85.107986,43.553746],[85.106970,43.554671],[85.105926,43.555372],[85.105470,43.555572],[85.104460,43.555397],[85.101858,43.554710],[85.098111,43.553966],[85.096220,43.553837],[85.093159,43.553312],[85.092306,43.553322],[85.091484,43.553432],[85.090865,43.553620],[85.089792,43.554097],[85.087633,43.555426],[85.086185,43.556548],[85.085529,43.556784],[85.084266,43.556812],[85.082246,43.555959],[85.081535,43.555797],[85.078071,43.555902],[85.077319,43.556012],[85.076465,43.556432],[85.075885,43.556447],[85.075289,43.556342],[85.074397,43.556475],[85.072632,43.557235],[85.070913,43.558133],[85.067602,43.560252],[85.066013,43.560792],[85.065687,43.561381],[85.065668,43.563572],[85.065373,43.564260],[85.064345,43.564873],[85.062722,43.565412],[85.061714,43.565963],[85.061086,43.566348],[85.060699,43.566712],[85.060410,43.567177],[85.060336,43.567374],[85.060394,43.567672],[85.060688,43.568098],[85.060952,43.568401],[85.062059,43.569016],[85.062122,43.569191],[85.061944,43.569386],[85.061530,43.569527],[85.060289,43.569875],[85.059647,43.569912],[85.057817,43.568382],[85.056967,43.568044],[85.055580,43.567824],[85.055466,43.567671],[85.056239,43.563944],[85.056195,43.563470],[85.055949,43.562799],[85.055265,43.561926],[85.054745,43.561507],[85.053194,43.560844],[85.051844,43.559970],[85.050196,43.558557],[85.049602,43.557885],[85.048630,43.556369],[85.048049,43.555748],[85.046903,43.554852],[85.045000,43.552675],[85.042300,43.551277],[85.040617,43.550290],[85.039218,43.549282],[85.038090,43.548357],[85.037689,43.547897],[85.037607,43.547702],[85.037617,43.547315],[85.038194,43.545617],[85.038123,43.545057],[85.037666,43.544069],[85.037554,43.542927],[85.037194,43.542146],[85.037050,43.542014],[85.036815,43.541966],[85.032852,43.541905],[85.032158,43.541810],[85.031643,43.541659],[85.031092,43.541070],[85.030633,43.539939],[85.030177,43.539265],[85.028019,43.536716],[85.027767,43.536238],[85.027636,43.535257],[85.027874,43.533452],[85.028092,43.531793],[85.027850,43.529842],[85.027139,43.528710],[85.026509,43.528009],[85.025225,43.526876],[85.022636,43.525090],[85.021635,43.524535],[85.021553,43.524296],[85.021630,43.523781],[85.021888,43.523142],[85.021836,43.522000],[85.021592,43.521771],[85.020247,43.521140],[85.019347,43.520499],[85.018490,43.519660],[85.017942,43.518909],[85.017829,43.518226],[85.017904,43.517648],[85.018229,43.517087],[85.018627,43.516786],[85.020499,43.514430],[85.020487,43.513843],[85.020358,43.513641],[85.019762,43.513247],[85.018355,43.512606],[85.017069,43.511898],[85.014644,43.510786],[85.012468,43.509373],[85.011757,43.508839],[85.010811,43.507906],[85.010678,43.506838],[85.010605,43.506712],[85.010344,43.506583],[85.004429,43.506955],[85.003678,43.506867],[85.001609,43.505851],[85.000096,43.504685],[84.996775,43.502559],[84.995735,43.501751],[84.995222,43.501157],[84.995011,43.499755],[84.994613,43.499232],[84.993257,43.498659],[84.991526,43.498142],[84.990337,43.497573],[84.989848,43.497233],[84.989614,43.496777],[84.990391,43.495291],[84.990869,43.493718],[84.990671,43.491575],[84.991329,43.490728],[84.992680,43.489727],[84.994203,43.487787],[84.994559,43.487100],[84.994527,43.486795],[84.994079,43.486517],[84.989988,43.486009],[84.988092,43.485377],[84.985416,43.484075],[84.983291,43.482883],[84.982073,43.481955],[84.981186,43.481092],[84.980572,43.480159],[84.980242,43.479870],[84.979857,43.479740],[84.976856,43.479885],[84.975519,43.480040],[84.974011,43.480340],[84.973130,43.480681],[84.970645,43.482089],[84.969869,43.482341],[84.966954,43.483794],[84.965879,43.484868],[84.965192,43.485325],[84.963663,43.486106],[84.962227,43.486705],[84.959997,43.487289],[84.959054,43.487428],[84.958294,43.487373],[84.957322,43.487229],[84.956033,43.486879],[84.954829,43.486310],[84.952325,43.484728],[84.951731,43.484500],[84.950699,43.484309],[84.950072,43.484344],[84.949282,43.484516],[84.947644,43.484895],[84.946513,43.485097],[84.945549,43.485243],[84.944412,43.485325],[84.943653,43.485340],[84.943127,43.485360],[84.942523,43.485221],[84.942025,43.485009],[84.941252,43.484680],[84.940303,43.484085],[84.939264,43.483563],[84.938368,43.483232],[84.937420,43.482929],[84.936742,43.482841],[84.936138,43.482797],[84.935884,43.482783],[84.935259,43.483056],[84.934455,43.483562],[84.934181,43.483836],[84.933629,43.484491],[84.933425,43.484844],[84.933015,43.485196],[84.932788,43.485449],[84.932352,43.485919],[84.930938,43.487378],[84.929692,43.488609],[84.929167,43.489305],[84.929072,43.489393],[84.927902,43.489957],[84.927857,43.489989],[84.927393,43.490310],[84.926963,43.490556],[84.926643,43.490711],[84.926516,43.490787],[84.925989,43.491054],[84.925186,43.491529],[84.924610,43.491909],[84.924315,43.492150],[84.923946,43.492608],[84.923583,43.493199],[84.923266,43.493879],[84.923059,43.494708],[84.923030,43.495340],[84.923095,43.495913],[84.923220,43.496508],[84.923363,43.496927],[84.923490,43.497334],[84.923798,43.498010],[84.924049,43.498546],[84.924120,43.498797],[84.924482,43.499230],[84.924762,43.499584],[84.925141,43.499919],[84.925213,43.499990],[84.914044,43.508003],[84.906036,43.514097],[84.905465,43.514747],[84.905569,43.514957],[84.905641,43.515358],[84.904803,43.516205],[84.902931,43.517615],[84.902260,43.518579],[84.901322,43.519562],[84.900608,43.520048],[84.900097,43.520540],[84.899133,43.521601],[84.898888,43.522385],[84.898965,43.522645],[84.898899,43.524797],[84.898722,43.525547],[84.898246,43.526553],[84.898092,43.527089],[84.897746,43.528735],[84.897447,43.531583],[84.897176,43.532084],[84.896401,43.532398],[84.894221,43.532858],[84.892807,43.533535],[84.891073,43.534521],[84.891021,43.534869],[84.891855,43.537081],[84.892065,43.537895],[84.892071,43.538198],[84.891888,43.538888],[84.891306,43.539889],[84.890923,43.541386],[84.890936,43.542634],[84.891049,43.543057],[84.891455,43.543758],[84.890687,43.544189],[84.890234,43.544559],[84.890144,43.544778],[84.889551,43.547971],[84.889520,43.548581],[84.889062,43.549754],[84.889022,43.550107],[84.889129,43.550253],[84.890238,43.550813],[84.891155,43.551412],[84.892344,43.552286],[84.893327,43.553804],[84.893630,43.555506],[84.893589,43.556057],[84.893431,43.556444],[84.892832,43.557237],[84.890980,43.558748],[84.890519,43.559265],[84.890185,43.559492],[84.889889,43.559927],[84.889988,43.560047],[84.891456,43.560537],[84.893710,43.561485],[84.894586,43.562049],[84.895028,43.562741],[84.895077,43.563557],[84.894949,43.564172],[84.894261,43.565900],[84.894176,43.567658],[84.894327,43.568094],[84.895333,43.569029],[84.897980,43.570085],[84.898225,43.570515],[84.898294,43.571386],[84.898479,43.571958],[84.898492,43.572563],[84.898367,43.573077],[84.897775,43.573991],[84.897484,43.575864],[84.897168,43.576285],[84.896557,43.576729],[84.895143,43.577159],[84.893402,43.577219],[84.890446,43.576824],[84.883633,43.576788],[84.883093,43.576955],[84.882212,43.577421],[84.881651,43.577535],[84.880896,43.577522],[84.880041,43.577341],[84.879394,43.577067],[84.878830,43.577444],[84.872553,43.576466],[84.863210,43.575394],[84.861609,43.574439],[84.860518,43.573907],[84.858407,43.572458],[84.857879,43.571938],[84.856301,43.571726],[84.855689,43.571782],[84.854617,43.571720],[84.852479,43.571426],[84.851292,43.571099],[84.850530,43.570779],[84.849537,43.570091],[84.847442,43.570382],[84.846182,43.570680],[84.844025,43.570840],[84.842876,43.571813],[84.842616,43.571867],[84.842192,43.571768],[84.841236,43.571853],[84.838269,43.572633],[84.837805,43.573037],[84.835265,43.574755],[84.834557,43.575401],[84.834221,43.576379],[84.834501,43.576725],[84.834924,43.578401],[84.834877,43.578578],[84.838579,43.578907],[84.839055,43.579078],[84.841647,43.579336],[84.842913,43.579627],[84.843767,43.579936],[84.845020,43.580618],[84.847262,43.581330],[84.850507,43.581700],[84.853124,43.582861],[84.853607,43.583286],[84.853879,43.583707],[84.853985,43.584047],[84.853971,43.584456],[84.853655,43.585329],[84.852977,43.586033],[84.852715,43.586500],[84.852773,43.587158],[84.852653,43.588227],[84.852295,43.589111],[84.851686,43.590172],[84.850919,43.591054],[84.849838,43.593887],[84.848465,43.595707],[84.847451,43.596801],[84.846690,43.598408],[84.844414,43.600777],[84.843847,43.601517],[84.843198,43.602597],[84.843049,43.603440],[84.843034,43.604367],[84.843232,43.605725],[84.843191,43.606780],[84.843442,43.607750],[84.843091,43.608926],[84.843073,43.609417],[84.843422,43.609823],[84.843517,43.610116],[84.843429,43.610672],[84.843519,43.612306],[84.843212,43.613233],[84.843237,43.613598],[84.843595,43.614355],[84.843545,43.615374],[84.843608,43.615611],[84.844045,43.616511],[84.844003,43.616686],[84.843611,43.617062],[84.843491,43.618184],[84.843044,43.618850],[84.843175,43.620626],[84.843344,43.621337],[84.843816,43.621911],[84.843566,43.623122],[84.843700,43.623574],[84.843197,43.624498],[84.843612,43.625084],[84.844149,43.626201],[84.843874,43.626817],[84.844024,43.627328],[84.843985,43.627726],[84.843856,43.627832],[84.844328,43.628556],[84.844848,43.630369],[84.844869,43.630772],[84.844701,43.631542],[84.844740,43.631983],[84.845504,43.634055],[84.845549,43.634877],[84.845769,43.635616],[84.845833,43.635734],[84.847154,43.636534],[84.847277,43.637590],[84.847500,43.637925],[84.847656,43.638837],[84.849006,43.640037],[84.849420,43.640908],[84.850161,43.641315],[84.851849,43.641913],[84.852128,43.642162],[84.852475,43.642737],[84.852817,43.643021],[84.854078,43.643486],[84.854653,43.643912],[84.855924,43.645439],[84.856641,43.645994],[84.857128,43.646258],[84.858949,43.646901],[84.860068,43.647424],[84.861034,43.648052],[84.861268,43.648416],[84.861701,43.649546],[84.862202,43.649960],[84.862494,43.650629],[84.863518,43.651290],[84.863977,43.652084],[84.864638,43.652177],[84.865072,43.652092],[84.865823,43.652116],[84.866693,43.652387],[84.867539,43.652413],[84.868824,43.653168],[84.870095,43.653462],[84.870286,43.653645],[84.870558,43.654326],[84.870968,43.654712],[84.870988,43.655030],[84.870798,43.655611],[84.870865,43.655839],[84.871349,43.656245],[84.872035,43.657271],[84.872665,43.657753],[84.872671,43.658305],[84.872882,43.658689],[84.873850,43.659212],[84.874413,43.660086],[84.875187,43.660603],[84.875797,43.661549],[84.876811,43.662287],[84.877910,43.663421],[84.878143,43.663821],[84.878169,43.664551],[84.879373,43.665617],[84.879519,43.665901],[84.879572,43.666735],[84.880398,43.667279],[84.880575,43.667858],[84.880942,43.668394],[84.881036,43.669017],[84.881359,43.669275],[84.881418,43.669586],[84.881723,43.669922],[84.881787,43.670312],[84.882244,43.670844],[84.882281,43.671479],[84.882796,43.672017],[84.882937,43.672346],[84.882807,43.673301],[84.883121,43.673950],[84.883939,43.674985],[84.886139,43.677201],[84.886883,43.677630],[84.888387,43.679164],[84.889557,43.680552],[84.889778,43.680946],[84.890002,43.682411],[84.889865,43.684225],[84.890004,43.684934],[84.889930,43.685401],[84.889972,43.685555],[84.890452,43.685892],[84.890524,43.686082],[84.890375,43.687013],[84.890936,43.688035],[84.891079,43.688825],[84.891538,43.689777],[84.891579,43.689987],[84.891415,43.691088],[84.891509,43.691595],[84.891668,43.691946],[84.892226,43.692598],[84.892885,43.693645],[84.892734,43.696074],[84.892909,43.696852],[84.893021,43.699665],[84.893133,43.700023],[84.893443,43.700531],[84.893914,43.701121],[84.894031,43.701430],[84.894066,43.702249],[84.894146,43.702407],[84.895122,43.703365],[84.895086,43.703912],[84.895194,43.704206],[84.896536,43.706404],[84.896625,43.706693],[84.896659,43.707105],[84.896372,43.708273],[84.896356,43.708703],[84.896815,43.709888],[84.896472,43.711080],[84.896454,43.711583],[84.896592,43.711910],[84.897019,43.712457],[84.898512,43.713503],[84.898721,43.713859],[84.898816,43.714286],[84.898875,43.715128],[84.898749,43.715867],[84.898019,43.717455],[84.897987,43.717848],[84.898166,43.719256],[84.898131,43.720667],[84.897856,43.721662],[84.897879,43.721899],[84.898450,43.722593],[84.899971,43.723561],[84.900135,43.724605],[84.900774,43.725694],[84.900901,43.726308],[84.901149,43.726880],[84.901472,43.727447],[84.901907,43.727968],[84.902150,43.728601],[84.902900,43.729600],[84.903946,43.731544],[84.904323,43.732546],[84.904585,43.732955],[84.905736,43.734200],[84.905791,43.734469],[84.906160,43.735162],[84.906236,43.735523],[84.907174,43.737251],[84.908451,43.739074],[84.909653,43.740493],[84.909784,43.740856],[84.909854,43.741582],[84.910225,43.742506],[84.911465,43.743433],[84.913991,43.744696],[84.914178,43.744844],[84.914561,43.745541],[84.914996,43.745777],[84.916427,43.746309],[84.918309,43.746600],[84.920380,43.746833],[84.921639,43.746683],[84.922724,43.746736],[84.923692,43.747220],[84.923994,43.747802],[84.924956,43.748453],[84.925480,43.748992],[84.925736,43.749902],[84.925704,43.750502],[84.925471,43.751300],[84.924481,43.753457],[84.924315,43.754045],[84.924391,43.754401],[84.924844,43.755030],[84.925017,43.755593],[84.925063,43.756111],[84.924946,43.756751],[84.925198,43.757453],[84.925342,43.758409],[84.925340,43.758784],[84.925148,43.759230],[84.925280,43.759882],[84.925258,43.760202],[84.924645,43.761271],[84.924685,43.762990],[84.925110,43.764488],[84.926130,43.766377],[84.926153,43.766986],[84.925558,43.768245],[84.925527,43.768986],[84.925680,43.770101],[84.925337,43.770984],[84.925252,43.771983],[84.924830,43.772658],[84.923203,43.774132],[84.923015,43.774447],[84.922996,43.774680],[84.923054,43.774921],[84.923395,43.775312],[84.923465,43.775518],[84.923460,43.777180],[84.923546,43.777613],[84.923437,43.778568],[84.923035,43.779315],[84.923052,43.779442],[84.923217,43.779810],[84.923862,43.780703],[84.923881,43.782058],[84.924712,43.783359],[84.924723,43.783671],[84.924562,43.783844],[84.924437,43.784266],[84.924484,43.784804],[84.924666,43.785329],[84.924860,43.786429],[84.924686,43.786650],[84.924586,43.786977],[84.924312,43.787228],[84.923272,43.787496],[84.922899,43.787713],[84.922444,43.788330],[84.922005,43.789515],[84.921185,43.790444],[84.921053,43.791058],[84.921219,43.792023],[84.921382,43.792472],[84.921307,43.793190],[84.921140,43.793343],[84.921096,43.793546],[84.921168,43.794375],[84.920477,43.795245],[84.920389,43.795499],[84.920457,43.796454],[84.920782,43.797261],[84.920970,43.797597],[84.923075,43.799583],[84.923340,43.799916],[84.923591,43.800690],[84.925321,43.802565],[84.925398,43.802875],[84.925355,43.803835],[84.925581,43.804657],[84.925891,43.804959],[84.926391,43.805257],[84.926777,43.805657],[84.927626,43.807051],[84.927712,43.807789],[84.927929,43.808226],[84.929092,43.809210],[84.929765,43.809959],[84.929913,43.810819],[84.930131,43.811240],[84.931076,43.811823],[84.931024,43.812351],[84.931086,43.812472],[84.932527,43.813137],[84.933733,43.813889],[84.935622,43.815704],[84.935887,43.816069],[84.936914,43.816554],[84.937781,43.817124],[84.938609,43.817901],[84.938713,43.818098],[84.938662,43.818531],[84.938419,43.819104],[84.938590,43.819692],[84.940029,43.820591],[84.942366,43.822236],[84.944264,43.823967],[84.945734,43.825048],[84.946663,43.825570],[84.947539,43.826199],[84.947777,43.826527],[84.948477,43.828355],[84.948817,43.828753],[84.949968,43.829568],[84.950841,43.829925],[84.951395,43.830285],[84.951621,43.830776],[84.951618,43.831345],[84.951902,43.832346],[84.952027,43.834211],[84.952384,43.835227],[84.953096,43.836285],[84.953510,43.837301],[84.954693,43.838960],[84.954913,43.840027],[84.955054,43.840282],[84.955584,43.840832],[84.956124,43.841095],[84.958575,43.840929],[84.959521,43.840984],[84.961207,43.841305],[84.961940,43.841788],[84.962060,43.842654],[84.961704,43.844302],[84.961660,43.845115],[84.961236,43.845391],[84.959909,43.845837],[84.959604,43.846312],[84.959299,43.847315],[84.959419,43.848676],[84.960055,43.849853],[84.960042,43.850183],[84.958557,43.851382],[84.957416,43.852555],[84.956461,43.853385],[84.954664,43.854788],[84.952291,43.855549],[84.950660,43.856364],[84.948824,43.856473],[84.948306,43.856605],[84.947684,43.857065],[84.947047,43.857778],[84.945802,43.859743],[84.945377,43.860165],[84.944092,43.860810],[84.943720,43.861126],[84.943309,43.861866],[84.943204,43.862222],[84.942846,43.862551],[84.942394,43.864017],[84.941758,43.864717],[84.940380,43.865559],[84.939943,43.865888],[84.939692,43.866205],[84.939294,43.867565],[84.938500,43.868515],[84.937811,43.869782],[84.936710,43.870599],[84.936339,43.871021],[84.935863,43.872474],[84.935518,43.873966],[84.935439,43.874798],[84.935518,43.875921],[84.935849,43.876661],[84.936459,43.877481],[84.936591,43.877904],[84.936538,43.878802],[84.936631,43.879304],[84.937134,43.879860],[84.938035,43.880495],[84.938274,43.880839],[84.938287,43.881301],[84.938088,43.881710],[84.937267,43.882554],[84.936790,43.883254],[84.936697,43.883676],[84.936883,43.884165],[84.938062,43.885554],[84.938088,43.885937],[84.937930,43.886307],[84.937386,43.886900],[84.937188,43.887283],[84.937174,43.887627],[84.939997,43.888925],[84.940368,43.889296],[84.940977,43.890591],[84.941017,43.891265],[84.941163,43.891767],[84.941401,43.891979],[84.941865,43.892046],[84.942925,43.891942],[84.943535,43.891983],[84.944065,43.892169],[84.946305,43.893361],[84.947352,43.893614],[84.948890,43.893749],[84.949871,43.894002],[84.951064,43.894441],[84.952695,43.895395],[84.953716,43.895661],[84.955215,43.895902],[84.955878,43.896141],[84.956978,43.897082],[84.957575,43.897387],[84.958570,43.897653],[84.959923,43.898158],[84.960440,43.898516],[84.960745,43.899098],[84.960785,43.899957],[84.960652,43.901000],[84.959777,43.902279],[84.959658,43.902741],[84.959764,43.903111],[84.960202,43.903720],[84.960334,43.904130],[84.960440,43.904936],[84.960759,43.906007],[84.960772,43.906839],[84.960971,43.908213],[84.960825,43.908715],[84.960241,43.909479],[84.960228,43.909823],[84.960692,43.911079],[84.961959,43.911907],[84.962291,43.912225],[84.962371,43.912608],[84.962172,43.913242],[84.961376,43.914759],[84.961455,43.915050],[84.962702,43.915674],[84.962888,43.915859],[84.962834,43.916136],[84.962450,43.916413],[84.962039,43.916874],[84.961986,43.917112],[84.962450,43.917839],[84.962517,43.918183],[84.962397,43.918539],[84.962065,43.919014],[84.961986,43.919357],[84.962065,43.919648],[84.962570,43.920072],[84.963856,43.920841],[84.965196,43.922245],[84.965661,43.923144],[84.965740,43.924016],[84.965595,43.924874],[84.965209,43.925639],[84.963525,43.927616],[84.963306,43.928138],[84.963293,43.929776],[84.963134,43.930197],[84.962709,43.930474],[84.961899,43.930697],[84.961436,43.931051],[84.960665,43.931434],[84.957403,43.932113],[84.956846,43.932428],[84.956408,43.932929],[84.956348,43.933451],[84.956468,43.934310],[84.956481,43.935300],[84.956362,43.935974],[84.956096,43.936449],[84.955460,43.937332],[84.950706,43.942850],[84.948081,43.944839],[84.947737,43.945446],[84.946809,43.946462],[84.946385,43.947108],[84.945947,43.948785],[84.945112,43.950580],[84.945112,43.950936],[84.945430,43.951756],[84.945324,43.953341],[84.945126,43.954199],[84.945139,43.955005],[84.945232,43.955375],[84.946107,43.956776],[84.946186,43.958058],[84.946107,43.959564],[84.945895,43.960593],[84.945934,43.961558],[84.946173,43.962998],[84.946067,43.963698],[84.945749,43.964688],[84.945789,43.965203],[84.946325,43.966611],[84.945901,43.968750],[84.945477,43.970268],[84.945252,43.972949],[84.945132,43.973517],[84.945278,43.974257],[84.944906,43.976700],[84.945451,43.977982],[84.945503,43.979026],[84.945675,43.979409],[84.946590,43.980124],[84.946895,43.980943],[84.947466,43.981816],[84.948704,43.983278],[84.948943,43.983781],[84.949130,43.984613],[84.949447,43.985221],[84.950136,43.985989],[84.951847,43.986943],[84.953391,43.989291],[84.955513,43.991383],[84.955858,43.991951],[84.957244,43.993335],[84.957483,43.993930],[84.957880,43.995899],[84.958278,43.996798],[84.958371,43.997432],[84.958060,43.998692],[84.958347,44.000572],[84.958571,44.001213],[84.959061,44.002078],[84.959940,44.004081],[84.959986,44.006367],[84.960392,44.006941],[84.963830,44.010060],[84.965691,44.013901],[84.969750,44.018022],[84.974638,44.024129],[84.979103,44.029104],[84.984728,44.031926],[84.986522,44.032052],[84.988713,44.031891],[84.990714,44.032597],[84.992553,44.035009],[84.999397,44.038819],[85.001190,44.039233],[85.006762,44.039050],[85.010165,44.040028],[85.013997,44.042435],[85.016648,44.045700],[85.020487,44.048530],[85.021883,44.048666],[85.022473,44.048372],[85.023867,44.048220],[85.025476,44.049062],[85.025889,44.049915],[85.028104,44.051192],[85.031491,44.051160],[85.034095,44.052282],[85.036293,44.052694],[85.039510,44.054242],[85.042542,44.056648],[85.042757,44.057363],[85.041194,44.059230],[85.040812,44.059951],[85.040850,44.061814],[85.041470,44.063094],[85.041509,44.064668],[85.043124,44.065941],[85.045322,44.066353],[85.046325,44.066912],[85.046746,44.067909],[85.047948,44.068616],[85.051148,44.069298],[85.051960,44.070150],[85.052182,44.071152],[85.056391,44.072977],[85.063851,44.077767],[85.067653,44.079015],[85.070245,44.079279],[85.072057,44.080409],[85.072463,44.080974],[85.078685,44.083919],[85.079686,44.084188],[85.089145,44.090389],[85.094010,44.095338],[85.095468,44.096501],[85.095611,44.097052],[85.095685,44.097932],[85.095638,44.099773],[85.095499,44.100892],[85.095511,44.101975],[85.095923,44.106301],[85.096191,44.107783],[85.096270,44.108935],[85.096569,44.110116],[85.096698,44.112056],[85.096588,44.116567],[85.095940,44.123395],[85.095884,44.125137],[85.095357,44.128089],[85.094830,44.132503],[85.094015,44.136052],[85.092759,44.139984],[85.092445,44.142306],[85.092366,44.144361],[85.091799,44.147880],[85.092762,44.148959],[85.092835,44.149277],[85.092709,44.149556],[85.092357,44.149920],[85.092099,44.151295],[85.092127,44.151741],[85.092340,44.152178],[85.092393,44.152658],[85.092210,44.153021],[85.091147,44.154156],[85.091319,44.154795],[85.091080,44.156220],[85.090828,44.156991],[85.090313,44.157852],[85.090373,44.158763],[85.090578,44.159037],[85.090913,44.159276],[85.090967,44.159717],[85.090762,44.160113],[85.089092,44.161335],[85.088674,44.161971],[85.087842,44.163884],[85.087852,44.164234],[85.088054,44.164702],[85.088483,44.165091],[85.089041,44.166972],[85.089126,44.167775],[85.089078,44.168442],[85.088728,44.168993],[85.088577,44.169430],[85.088558,44.169761],[85.088653,44.169991],[85.088599,44.170211],[85.087581,44.171915],[85.087625,44.173708],[85.087745,44.173853],[85.087705,44.175065],[85.087848,44.176192],[85.088648,44.177808],[85.089104,44.178394],[85.089545,44.179416],[85.089874,44.179722],[85.090054,44.180091],[85.090070,44.180403],[85.091141,44.181943],[85.091348,44.182563],[85.091359,44.182871],[85.091495,44.183165],[85.091792,44.183497],[85.092105,44.184275],[85.092235,44.185551],[85.092522,44.186080],[85.092380,44.186826],[85.092453,44.187201],[85.092834,44.187805],[85.092998,44.188343],[85.093052,44.189445],[85.093195,44.189934],[85.094219,44.191400],[85.094217,44.191796],[85.093911,44.192138],[85.093877,44.192321],[85.093765,44.193868],[85.093425,44.194603],[85.093643,44.195519],[85.093536,44.197257],[85.093577,44.197574],[85.093792,44.197940],[85.094514,44.198571],[85.094772,44.198985],[85.094595,44.199691],[85.094739,44.200660],[85.094523,44.201210],[85.094112,44.201732],[85.094069,44.202008],[85.094100,44.202365],[85.094372,44.202689],[85.094488,44.203739],[85.094679,44.204050],[85.094945,44.207089],[85.095305,44.207461],[85.095148,44.207809],[85.095162,44.208012],[85.095534,44.208842],[85.095547,44.209100],[85.095440,44.209246],[85.095051,44.209353],[85.095116,44.209859],[85.094853,44.210318],[85.095024,44.210589],[85.095031,44.210767],[85.094565,44.211801],[85.094365,44.212831],[85.094405,44.213336],[85.094702,44.213928],[85.094905,44.214946],[85.095175,44.215448],[85.095119,44.216139],[85.095347,44.216361],[85.095479,44.216892],[85.095352,44.218329],[85.095546,44.218643],[85.095522,44.219374],[85.095618,44.219588],[85.096370,44.220446],[85.096461,44.220829],[85.097575,44.222117],[85.097801,44.222788],[85.098532,44.224305],[85.098894,44.224709],[85.099175,44.225320],[85.099338,44.225473],[85.099324,44.225749],[85.099898,44.226211],[85.099779,44.226725],[85.100192,44.227276],[85.100144,44.227688],[85.099811,44.228051],[85.099850,44.228239],[85.100691,44.228945],[85.100716,44.229237],[85.100458,44.229544],[85.100248,44.230099],[85.100655,44.230856],[85.100662,44.231327],[85.100361,44.231924],[85.100645,44.233580],[85.100365,44.234568],[85.100375,44.234925],[85.100641,44.235434],[85.100900,44.236935],[85.100883,44.237725],[85.101184,44.239292],[85.101324,44.240659],[85.102024,44.241777],[85.101664,44.243106],[85.102185,44.243831],[85.101989,44.244183],[85.102050,44.244412],[85.103039,44.245333],[85.103222,44.246042],[85.103892,44.246647],[85.104173,44.247061],[85.104652,44.248685],[85.104484,44.249392],[85.105287,44.249778],[85.105402,44.249915],[85.105376,44.250178],[85.105034,44.250579],[85.104934,44.250892],[85.105376,44.251578],[85.106049,44.253550],[85.106386,44.254899],[85.106480,44.255725],[85.106614,44.256120],[85.106616,44.256277],[85.106660,44.259908],[85.106703,44.263531],[85.106721,44.263730],[85.106989,44.267352],[85.107251,44.270974],[85.107510,44.274601],[85.107780,44.278223],[85.107597,44.279481],[85.107431,44.280690],[85.107536,44.280880],[85.107590,44.282676],[85.107807,44.283372],[85.109164,44.284445],[85.109647,44.284647],[85.110066,44.285019],[85.111278,44.285672],[85.111779,44.286609],[85.111797,44.286846],[85.112135,44.287257],[85.112238,44.288292],[85.112451,44.288606],[85.112487,44.289363],[85.112256,44.290536],[85.112421,44.291680],[85.112680,44.292139],[85.112760,44.292838],[85.112391,44.293681],[85.112383,44.293932],[85.112552,44.294381],[85.112497,44.294651],[85.112037,44.295218],[85.111985,44.295800],[85.112084,44.296968],[85.112018,44.297570],[85.112088,44.297928],[85.112282,44.298137],[85.112031,44.298880],[85.112051,44.299058],[85.112309,44.299422],[85.112320,44.299754],[85.111960,44.300431],[85.111953,44.300643],[85.112270,44.301315],[85.112390,44.302498],[85.111985,44.303115],[85.111626,44.304444],[85.111321,44.304863],[85.110608,44.305479],[85.110338,44.306538],[85.110330,44.307052],[85.109790,44.308386],[85.109658,44.309555],[85.110381,44.309715],[85.110816,44.309952],[85.111571,44.310528],[85.111795,44.311163],[85.111818,44.311902],[85.112016,44.312436],[85.112487,44.314565],[85.112499,44.316352],[85.113248,44.317866],[85.113546,44.319254],[85.113423,44.320546],[85.113427,44.321816],[85.113468,44.322071],[85.113778,44.322547],[85.113702,44.323477],[85.113913,44.325047],[85.113684,44.326015],[85.113241,44.327311],[85.113210,44.327699],[85.113295,44.327989],[85.113994,44.328650],[85.114226,44.329628],[85.114830,44.330551],[85.114815,44.330973],[85.114993,44.331606],[85.115114,44.332756],[85.114960,44.333526],[85.115222,44.334115],[85.115221,44.334766],[85.114760,44.336329],[85.114396,44.340056],[85.113921,44.343148],[85.113340,44.343750],[85.124855,44.340133],[85.133719,44.337536],[85.161171,44.329269],[85.161580,44.329186],[85.161927,44.329041],[85.168845,44.326956],[85.171304,44.326131],[85.173998,44.325387],[85.175152,44.325239],[85.175831,44.325230],[85.176984,44.325227],[85.177627,44.325206],[85.178418,44.325195],[85.179745,44.325241],[85.179814,44.325269],[85.179864,44.325273],[85.180065,44.325595],[85.180732,44.327346],[85.180765,44.329619],[85.181379,44.331157],[85.181906,44.332115],[85.181692,44.333686],[85.182130,44.334909],[85.181549,44.336313],[85.181829,44.337965],[85.181903,44.338282],[85.182212,44.339575],[85.181755,44.341691],[85.182204,44.343227],[85.181949,44.346135],[85.183462,44.350597],[85.184568,44.355643],[85.185115,44.358844],[85.185835,44.362121],[85.185742,44.363090],[85.186298,44.364815],[85.187019,44.367935],[85.187342,44.371519],[85.187592,44.372151],[85.188857,44.379185],[85.189222,44.380614],[85.189977,44.383573],[85.190139,44.385707],[85.191176,44.389292],[85.191023,44.390079],[85.191650,44.393530],[85.192440,44.395919],[85.192320,44.397562],[85.193748,44.401788],[85.194039,44.404711],[85.195096,44.407433],[85.196140,44.413111],[85.197590,44.419459],[85.197933,44.420399],[85.197807,44.422292],[85.198288,44.424572],[85.198328,44.425658],[85.198358,44.426483],[85.198590,44.427566],[85.198671,44.428752],[85.199210,44.431363],[85.199449,44.432945],[85.199675,44.434439],[85.200814,44.435767],[85.203656,44.438263],[85.204135,44.439963],[85.204464,44.442677],[85.205108,44.444739],[85.205945,44.446855],[85.206082,44.447547],[85.205925,44.449979],[85.207125,44.451379],[85.207829,44.453394],[85.208213,44.455049],[85.208728,44.455799],[85.209205,44.459861],[85.210161,44.461303],[85.210747,44.461576],[85.210575,44.463801],[85.210262,44.465253],[85.210343,44.465967],[85.210492,44.466519],[85.210850,44.467029],[85.211121,44.469008],[85.211369,44.469680],[85.211846,44.470355],[85.212429,44.472079],[85.212495,44.472830],[85.212357,44.473304],[85.212391,44.474210],[85.212541,44.474717],[85.212666,44.476056],[85.213200,44.478118],[85.212901,44.479214],[85.214039,44.479312],[85.215244,44.479545],[85.222711,44.480200],[85.228603,44.479298],[85.230229,44.479203],[85.236035,44.478605],[85.241914,44.478716],[85.250275,44.477610],[85.254648,44.476697],[85.254885,44.478553],[85.253328,44.480283],[85.253335,44.480572],[85.254152,44.481277],[85.254205,44.483563],[85.253633,44.484858],[85.255526,44.488845],[85.255762,44.490559],[85.254992,44.491707],[85.251641,44.493608],[85.246468,44.494393],[85.245491,44.495403],[85.243377,44.499150],[85.243005,44.500161],[85.243057,44.502447],[85.242477,44.503311],[85.240532,44.505486],[85.239968,44.507061],[85.239625,44.509646],[85.240037,44.510210],[85.240067,44.511353],[85.235728,44.513844],[85.235949,44.514702],[85.238389,44.516672],[85.238610,44.517521],[85.237215,44.517689],[85.236208,44.517413],[85.234424,44.517720],[85.233868,44.519592],[85.233974,44.524308],[85.234828,44.526731],[85.234851,44.527874],[85.234066,44.528457],[85.233745,44.531754],[85.233151,44.532186],[85.231565,44.532495],[85.230201,44.533941],[85.229454,44.536243],[85.229492,44.538097],[85.230117,44.539239],[85.229201,44.542681],[85.229438,44.544250],[85.230041,44.544671],[85.230269,44.545674],[85.228912,44.547696],[85.229342,44.549180],[85.229781,44.550687],[85.230390,44.551109],[85.232189,44.551226],[85.232418,44.552651],[85.231634,44.553234],[85.231442,44.553671],[85.233073,44.554937],[85.233875,44.555066],[85.234484,44.555490],[85.234934,44.557628],[85.234156,44.558498],[85.234789,44.560208],[85.235414,44.561198],[85.234240,44.562215],[85.233691,44.564654],[85.233928,44.566079],[85.236566,44.567765],[85.236779,44.568623],[85.236391,44.569058],[85.235407,44.569637],[85.235818,44.570345],[85.236833,44.570909],[85.237275,44.572472],[85.239509,44.574161],[85.238762,44.576606],[85.238800,44.578325],[85.239607,44.579297],[85.239256,44.581451],[85.239881,44.582297],[85.239737,44.584877],[85.240972,44.586434],[85.240819,44.588294],[85.241430,44.589005],[85.241072,44.590872],[85.240492,44.591448],[85.240508,44.592168],[85.241117,44.592591],[85.241139,44.593878],[85.239973,44.595174],[85.238655,44.598771],[85.235004,44.601181],[85.235100,44.601465],[85.235075,44.601972],[85.234797,44.602215],[85.234408,44.602403],[85.233566,44.602471],[85.232949,44.602624],[85.232327,44.602997],[85.231613,44.602631],[85.231019,44.603619],[85.230112,44.604224],[85.229934,44.605040],[85.229658,44.605333],[85.229724,44.605663],[85.229517,44.606235],[85.228969,44.606664],[85.228523,44.607449],[85.226963,44.608519],[85.226258,44.609139],[85.226242,44.609602],[85.226498,44.609988],[85.226835,44.610236],[85.226828,44.610429],[85.225847,44.612106],[85.225063,44.612737],[85.223000,44.613214],[85.222776,44.613419],[85.222687,44.613914],[85.222846,44.614674],[85.223158,44.615253],[85.223146,44.615645],[85.222926,44.615900],[85.222658,44.616113],[85.222198,44.616262],[85.220314,44.616778],[85.220525,44.616998],[85.220518,44.617215],[85.219411,44.617215],[85.219077,44.617490],[85.218529,44.617652],[85.218347,44.617929],[85.218015,44.618157],[85.217320,44.618132],[85.217144,44.618222],[85.216790,44.619327],[85.216500,44.620508],[85.216888,44.621122],[85.216986,44.622323],[85.216915,44.623387],[85.214819,44.623971],[85.213883,44.624739],[85.212863,44.624882],[85.212453,44.624925],[85.212097,44.625650],[85.212141,44.626430],[85.211290,44.627041],[85.210327,44.627227],[85.210228,44.627497],[85.210129,44.627759],[85.210334,44.628050],[85.210384,44.628604],[85.209775,44.628931],[85.209364,44.629371],[85.208789,44.629787],[85.208486,44.630181],[85.208060,44.630537],[85.208046,44.630948],[85.207863,44.631318],[85.207847,44.631928],[85.207649,44.632538],[85.206615,44.632994],[85.205892,44.633577],[85.204858,44.634047],[85.204094,44.634573],[85.203805,44.634945],[85.203017,44.636107],[85.200738,44.636182],[85.198712,44.635504],[85.186756,44.635918],[85.179893,44.634708],[85.163080,44.631525],[85.160811,44.630891],[85.150190,44.629718],[85.141647,44.629405],[85.131447,44.628820],[85.119820,44.628072],[85.118269,44.627823],[85.116080,44.627825],[85.112368,44.627467],[85.103316,44.627693],[85.099190,44.627796],[85.093608,44.627935],[85.081814,44.627963],[85.078864,44.627371],[85.068360,44.626379],[85.065200,44.625716],[85.055088,44.624382],[85.046780,44.623117],[85.018256,44.619649],[85.019509,44.632371],[85.021783,44.650311],[85.022113,44.653035],[85.023643,44.665647],[85.023623,44.666221],[85.023852,44.668079],[85.024220,44.670030],[85.024406,44.674495],[85.024615,44.675593],[85.024834,44.678200],[85.024998,44.678793],[85.025254,44.681588],[85.025102,44.682601],[85.025452,44.685603],[85.025342,44.686690],[85.026042,44.688199],[85.026816,44.689256],[85.027517,44.690473],[85.028989,44.691688],[85.030225,44.692450],[85.033308,44.693531],[85.037886,44.694735],[85.039937,44.695185],[85.041838,44.695915],[85.043487,44.696058],[85.045317,44.696576],[85.052880,44.698130],[85.052348,44.701721],[85.050423,44.712878],[85.050493,44.713131],[85.050676,44.713225],[85.051897,44.713341],[85.052025,44.714299],[85.052654,44.716137],[85.053116,44.717064],[85.054008,44.718185],[85.054130,44.718957],[85.054792,44.723165],[85.054406,44.723351],[85.053518,44.724483],[85.053245,44.726642],[85.050844,44.732733],[85.049385,44.736003],[85.047629,44.739195],[85.046596,44.740205],[85.041371,44.742551],[85.038746,44.743350],[85.035508,44.744528],[85.031624,44.745585],[85.026679,44.748397],[85.023985,44.749693],[85.021954,44.750606],[85.019371,44.751548],[85.015326,44.752852],[85.012936,44.754010],[85.010856,44.754854],[85.010403,44.755283],[85.018808,44.757822],[85.026635,44.760479],[85.030590,44.761620],[85.037218,44.763799],[85.037578,44.764140],[85.044666,44.768493],[85.046778,44.769790],[85.047406,44.770204],[85.047462,44.770456],[85.047130,44.772961],[85.046793,44.778013],[85.046436,44.783362],[85.045999,44.787391],[85.045993,44.788962],[85.045888,44.790155],[85.045709,44.790904],[85.045593,44.791031],[85.045308,44.791105],[85.043430,44.791420],[85.042722,44.791619],[85.042320,44.791987],[85.040997,44.793641],[85.040200,44.794198],[85.038823,44.794882],[85.036606,44.796309],[85.035627,44.796666],[85.034891,44.796827],[85.034321,44.797137],[85.033552,44.797720],[85.031953,44.799343],[85.031055,44.801804],[85.030205,44.802882],[85.029226,44.803756],[85.026490,44.806690],[85.025988,44.807716],[85.024218,44.810535],[85.023682,44.811222],[85.022984,44.812466],[85.022501,44.813840],[85.022072,44.814475],[85.021555,44.815956],[85.020815,44.818792],[85.020669,44.820306],[85.019950,44.822665],[85.019627,44.826579],[85.019797,44.831581],[85.020152,44.834827],[85.020519,44.836126],[85.020494,44.837199],[85.020607,44.838551],[85.026359,44.845931],[85.029880,44.850269],[85.032055,44.859636],[85.031793,44.860567],[85.031645,44.862136],[85.030300,44.870911],[85.028567,44.880982],[85.027668,44.884617],[85.027148,44.886207],[85.027135,44.886595],[85.027639,44.887889],[85.028984,44.890515],[85.029335,44.891638],[85.030204,44.893678],[85.030616,44.895258],[85.031359,44.896840],[85.032748,44.900542],[85.033225,44.901662],[85.033645,44.902649],[85.034211,44.904407],[85.034510,44.904802],[85.035474,44.907684],[85.036131,44.909013],[85.036549,44.910434],[85.037240,44.912174],[85.038199,44.913301],[85.039514,44.915061],[85.041896,44.918481],[85.043612,44.920946],[85.050074,44.929865],[85.051032,44.931351],[85.051536,44.931816],[85.059956,44.934462],[85.064982,44.936216],[85.075248,44.939567],[85.080286,44.941384],[85.084797,44.942755],[85.091080,44.945296],[85.107115,44.951383],[85.114493,44.954270],[85.120092,44.956269],[85.127893,44.959379],[85.131258,44.960567],[85.136432,44.962660],[85.147987,44.967630],[85.155480,44.970699],[85.156033,44.971025],[85.158234,44.977861],[85.160298,44.985372],[85.161621,44.989570],[85.162767,44.993741],[85.165361,45.001585],[85.171715,45.022676],[85.194987,45.029618],[85.213365,45.027982],[85.214271,45.027970],[85.220349,45.024715],[85.221705,45.024300],[85.225116,45.023597],[85.239602,45.020017],[85.240849,45.019709],[85.242026,45.020877],[85.242910,45.020999],[85.255355,45.028892],[85.258432,45.031577],[85.259699,45.034432],[85.260157,45.037436],[85.257874,45.044474],[85.254577,45.051515],[85.253395,45.052820],[85.251600,45.054124],[85.251440,45.055985],[85.253333,45.060118],[85.253555,45.061408],[85.251593,45.064285],[85.250327,45.071745],[85.249548,45.073047],[85.248549,45.073626],[85.248006,45.074238],[85.247480,45.074595],[85.246852,45.074729],[85.246270,45.074720],[85.245750,45.074916],[85.242687,45.076564],[85.240869,45.077999],[85.238461,45.080225],[85.238438,45.081004],[85.238758,45.083625],[85.239115,45.085444],[85.238877,45.085875],[85.237932,45.086329],[85.237042,45.086934],[85.236782,45.087307],[85.236699,45.087723],[85.236683,45.088258],[85.237056,45.091423],[85.237913,45.101902],[85.238419,45.110001],[85.238608,45.116106],[85.238911,45.117397],[85.239144,45.119014],[85.241022,45.127803],[85.241211,45.129703],[85.242005,45.133435],[85.242457,45.134102],[85.243213,45.135994],[85.244411,45.138536],[85.245272,45.140071],[85.246683,45.142943],[85.247173,45.144346],[85.248618,45.149968],[85.248622,45.150963],[85.248999,45.151763],[85.249430,45.154122],[85.250023,45.156355],[85.250398,45.158363],[85.250295,45.158629],[85.249954,45.158974],[85.248378,45.160112],[85.245216,45.163073],[85.241755,45.166139],[85.239344,45.168092],[85.238688,45.168692],[85.238392,45.169093],[85.232566,45.174252],[85.221620,45.187666],[85.216641,45.194055],[85.210834,45.201268],[85.206125,45.206910],[85.205924,45.207300],[85.206035,45.210912],[85.205905,45.213936],[85.205916,45.220707],[85.205719,45.224724],[85.205751,45.227826],[85.205623,45.228927],[85.204830,45.232368],[85.204280,45.234313],[85.203528,45.236971],[85.202069,45.242630],[85.201666,45.243456],[85.201925,45.244200],[85.204178,45.248214],[85.205368,45.250931],[85.206504,45.252711],[85.208624,45.254797],[85.209387,45.255318],[85.213197,45.258490],[85.214806,45.259951],[85.216823,45.261552],[85.218338,45.262969],[85.220014,45.264189],[85.222480,45.266590],[85.224339,45.268005],[85.225152,45.269212],[85.225820,45.270525],[85.226496,45.271221],[85.227582,45.273184],[85.235796,45.285600],[85.235987,45.285981],[85.237697,45.289396],[85.239406,45.292803],[85.239485,45.293054],[85.240553,45.296587],[85.241619,45.300129],[85.242687,45.303670],[85.243051,45.306136],[85.243573,45.309734],[85.244093,45.313336],[85.244632,45.315980],[85.245369,45.319561],[85.245465,45.321739],[85.245639,45.325355],[85.245813,45.328971],[85.250874,45.329543],[85.255945,45.330125],[85.261008,45.330699],[85.261965,45.330808],[85.267091,45.331075],[85.272209,45.331339],[85.277338,45.331608],[85.282460,45.331878],[85.287590,45.332140],[85.291835,45.332367],[85.296976,45.332439],[85.302119,45.332512],[85.307271,45.332586],[85.312407,45.332664],[85.317550,45.332739],[85.322130,45.332804],[85.327275,45.332961],[85.332420,45.333110],[85.445227,45.333109],[85.450344,45.333030],[85.455458,45.332950],[85.460573,45.332870],[85.463947,45.332818],[85.469051,45.332649],[85.474162,45.332476],[85.479264,45.332305],[85.484374,45.332139],[85.489475,45.331968],[85.494575,45.331792],[85.499683,45.331621],[85.499951,45.331611],[85.505050,45.331640],[85.510159,45.331663],[85.515275,45.331692],[85.520375,45.331720],[85.525493,45.331740],[85.530594,45.331770],[85.535706,45.331800],[85.537807,45.331808],[85.542919,45.331661],[85.548032,45.331510],[85.553137,45.331361],[85.558254,45.331208],[85.563362,45.331060],[85.567995,45.330927],[85.573106,45.331155],[85.578210,45.331384],[85.583325,45.331614],[85.588442,45.331845],[85.590982,45.331956],[85.596118,45.332037],[85.601248,45.332124],[85.606370,45.332212],[85.611501,45.332292],[85.659267,45.332166],[85.664323,45.331520],[85.666864,45.331195],[85.667177,45.327580],[85.667498,45.323969],[85.667594,45.322962],[85.667046,45.319363],[85.666612,45.316519],[85.667308,45.312935],[85.667907,45.309906],[85.668429,45.306313],[85.668891,45.303063],[85.669239,45.299448],[85.669568,45.295976],[85.669517,45.292356],[85.669490,45.290932],[85.669855,45.287321],[85.670133,45.284531],[85.670490,45.280920],[85.670768,45.278134],[85.670742,45.274514],[85.670716,45.270893],[85.670690,45.267273],[85.670655,45.263657],[85.670637,45.260033],[85.670602,45.256417],[85.670576,45.252792],[85.670549,45.249172],[85.670524,45.245552],[85.670498,45.241936],[85.670463,45.238311],[85.670435,45.234695],[85.670409,45.231075],[85.670383,45.227454],[85.670357,45.223834],[85.670330,45.220214],[85.670305,45.216589],[85.670270,45.212969],[85.670251,45.209348],[85.670216,45.205728],[85.670190,45.202108],[85.670164,45.198487],[85.670138,45.194867],[85.670111,45.191247],[85.670076,45.187626],[85.670059,45.184006],[85.670024,45.180385],[85.669998,45.176765],[85.669972,45.173140],[85.669945,45.169520],[85.669919,45.165899],[85.669892,45.162279],[85.669866,45.158658],[85.669832,45.155034],[85.669814,45.151418],[85.669779,45.147793],[85.669752,45.144172],[85.669726,45.140552],[85.669700,45.136927],[85.669674,45.133307],[85.669639,45.129686],[85.669622,45.126066],[85.669587,45.122445],[85.669561,45.118825],[85.669533,45.115200],[85.669507,45.111575],[85.669481,45.107955],[85.669446,45.104334],[85.669428,45.100709],[85.669393,45.097089],[85.669367,45.093468],[85.669341,45.089848],[85.669315,45.086223],[85.669288,45.082602],[85.669253,45.078977],[85.669236,45.075357],[85.669201,45.071736],[85.669183,45.068112],[85.669148,45.064491],[85.669122,45.060866],[85.669096,45.057246],[85.669061,45.053621],[85.669043,45.050000],[85.669008,45.046380],[85.668991,45.042755],[85.668956,45.039135],[85.668938,45.035514],[85.668903,45.031889],[85.668868,45.028269],[85.668850,45.024644],[85.668815,45.021023],[85.668798,45.017398],[85.668763,45.013774],[85.668745,45.010153],[85.668710,45.006528],[85.668684,45.002903],[85.668658,44.999279],[85.668632,44.995658],[85.668605,44.992033],[85.668597,44.990683],[85.668539,44.988276],[85.668849,44.977649],[85.668785,44.965701],[85.668921,44.919290],[85.781482,44.922903],[85.787607,44.921783],[85.790818,44.920913],[85.796430,44.919155],[85.803563,44.915649],[85.805077,44.914904],[85.808653,44.912424],[85.811331,44.910180],[85.814890,44.906337],[85.816552,44.903930],[85.817944,44.902219],[85.820848,44.899278],[85.822978,44.896785],[85.825660,44.894266],[85.829154,44.891393],[85.832706,44.889018],[85.838794,44.885460],[85.841974,44.883812],[85.849922,44.879339],[85.852548,44.877734],[85.860929,44.871966],[85.866235,44.867637],[85.868414,44.865960],[85.871018,44.862612],[85.874138,44.858048],[85.877998,44.852829],[85.878433,44.852068],[85.879248,44.849717],[85.880661,44.846390],[85.883444,44.841244],[85.884878,44.838331],[85.885604,44.836362],[85.886021,44.834784],[85.886117,44.834004],[85.886083,44.831590],[85.886364,44.828966],[85.886348,44.827570],[85.886781,44.825433],[85.886793,44.823153],[85.889759,44.816164],[85.891397,44.813170],[85.893995,44.810512],[85.896836,44.807224],[85.898559,44.805906],[85.901528,44.803194],[85.920417,44.790229],[85.930172,44.780044],[85.935936,44.773909],[85.937981,44.769387],[85.942116,44.759632],[85.938706,44.757750],[85.928505,44.750743],[85.917003,44.743653],[85.909953,44.738961],[85.906931,44.737497],[85.906132,44.737110],[85.907818,44.735635],[85.911629,44.734123],[85.911944,44.733644],[85.912160,44.729122],[85.912445,44.726102],[85.911459,44.725184],[85.911903,44.725014],[85.912853,44.724651],[85.913309,44.724386],[85.913572,44.724096],[85.913556,44.723671],[85.913283,44.723186],[85.912826,44.722665],[85.912757,44.722068],[85.912931,44.721875],[85.913970,44.721747],[85.914542,44.722149],[85.915145,44.723050],[85.915509,44.723845],[85.916229,44.724048],[85.916918,44.723796],[85.916973,44.723040],[85.917384,44.722591],[85.918641,44.721662],[85.919648,44.720330],[85.920643,44.719640],[85.921668,44.719077],[85.922014,44.718690],[85.921994,44.718082],[85.921703,44.717230],[85.919645,44.716199],[85.918204,44.715737],[85.916757,44.715630],[85.915337,44.715800],[85.914347,44.716237],[85.914172,44.717004],[85.913725,44.717631],[85.912702,44.718103],[85.911797,44.718346],[85.910815,44.718336],[85.909468,44.718105],[85.907574,44.717289],[85.907478,44.716938],[85.907712,44.716447],[85.908575,44.715939],[85.910454,44.715258],[85.912121,44.714792],[85.913111,44.714343],[85.913784,44.712778],[85.913308,44.710707],[85.911613,44.708407],[85.911711,44.707444],[85.912026,44.706535],[85.912265,44.706216],[85.912568,44.705932],[85.913011,44.705795],[85.913896,44.705521],[85.914787,44.705633],[85.915058,44.705848],[85.915227,44.706263],[85.915232,44.706779],[85.914785,44.707044],[85.913608,44.707124],[85.912985,44.707319],[85.912809,44.707707],[85.912846,44.708287],[85.913073,44.708639],[85.913382,44.708901],[85.914021,44.709165],[85.914891,44.709099],[85.915367,44.708634],[85.916608,44.706351],[85.917016,44.706068],[85.917420,44.705981],[85.918039,44.706033],[85.918338,44.706408],[85.918146,44.707162],[85.918245,44.708450],[85.918955,44.709594],[85.919325,44.710005],[85.919644,44.710192],[85.919941,44.710212],[85.920892,44.709292],[85.922577,44.708340],[85.923695,44.707502],[85.923902,44.706804],[85.923764,44.706407],[85.921481,44.705322],[85.921141,44.705032],[85.921148,44.704665],[85.921502,44.704244],[85.923213,44.703550],[85.924133,44.703467],[85.924945,44.703522],[85.925804,44.704093],[85.926355,44.705218],[85.927193,44.706075],[85.928040,44.706429],[85.928942,44.706438],[85.930145,44.705843],[85.930631,44.704815],[85.930643,44.704172],[85.930274,44.703193],[85.929355,44.702403],[85.928300,44.701933],[85.926231,44.701612],[85.925852,44.701428],[85.925356,44.700804],[85.925285,44.700435],[85.925451,44.699247],[85.925356,44.698305],[85.924384,44.695856],[85.923944,44.695433],[85.922732,44.695208],[85.921683,44.695352],[85.920581,44.695341],[85.920053,44.695152],[85.919341,44.694491],[85.919248,44.693928],[85.919471,44.693098],[85.920248,44.692469],[85.921084,44.692064],[85.922042,44.692046],[85.922760,44.692420],[85.926976,44.695166],[85.927572,44.696022],[85.928337,44.696437],[85.929164,44.696601],[85.930059,44.696530],[85.931509,44.695944],[85.933006,44.694817],[85.934411,44.692887],[85.934898,44.691831],[85.935775,44.690566],[85.935805,44.689821],[85.935046,44.688724],[85.934947,44.688197],[85.935062,44.686768],[85.934980,44.686361],[85.935405,44.686127],[85.937734,44.686095],[85.938439,44.685844],[85.938785,44.685452],[85.939236,44.684149],[85.939474,44.683928],[85.940057,44.683722],[85.943892,44.683747],[85.945115,44.683445],[85.946258,44.682648],[85.947195,44.681643],[85.947521,44.681010],[85.946915,44.680653],[85.945804,44.680463],[85.940907,44.680449],[85.938020,44.680573],[85.936791,44.679946],[85.935726,44.678849],[85.936028,44.677631],[85.936647,44.676398],[85.936819,44.675368],[85.937426,44.674795],[85.938311,44.674408],[85.939818,44.674350],[85.940851,44.676456],[85.941804,44.677636],[85.942315,44.677917],[85.942933,44.678027],[85.943661,44.677886],[85.943982,44.677511],[85.944230,44.676739],[85.943977,44.674688],[85.943995,44.673713],[85.943441,44.673156],[85.943048,44.673030],[85.941529,44.672854],[85.940754,44.672496],[85.940195,44.671882],[85.939065,44.671325],[85.936134,44.671072],[85.934460,44.670667],[85.932802,44.669406],[85.932748,44.668843],[85.933033,44.668118],[85.934869,44.667428],[85.936615,44.667401],[85.937089,44.667618],[85.937230,44.669140],[85.937424,44.669824],[85.938063,44.670264],[85.938745,44.670465],[85.939496,44.670399],[85.940389,44.669853],[85.940975,44.668757],[85.941037,44.667152],[85.941184,44.666155],[85.941717,44.665185],[85.942841,44.664498],[85.944006,44.663984],[85.946328,44.663693],[85.949480,44.663458],[85.949850,44.663141],[85.949951,44.662787],[85.949781,44.662165],[85.949682,44.661802],[85.950183,44.661303],[85.952189,44.659989],[85.954424,44.658987],[85.956924,44.658906],[85.959411,44.658206],[85.960068,44.657060],[85.960554,44.655184],[85.960282,44.653695],[85.959929,44.653157],[85.959587,44.652913],[85.958778,44.653035],[85.958203,44.653330],[85.956834,44.654505],[85.956297,44.654757],[85.955886,44.654752],[85.955048,44.654284],[85.954436,44.653806],[85.954151,44.653120],[85.955092,44.646516],[85.954905,44.645240],[85.954453,44.644386],[85.954777,44.643380],[85.955550,44.641724],[85.955122,44.639550],[85.955604,44.638566],[85.958274,44.637822],[85.960317,44.637477],[85.960233,44.637047],[85.960447,44.636864],[85.961177,44.636619],[85.961863,44.636192],[85.962507,44.635825],[85.962636,44.635673],[85.962936,44.635367],[85.963280,44.635154],[85.963623,44.634970],[85.964395,44.634909],[85.965211,44.634665],[85.965812,44.634085],[85.966198,44.633627],[85.966498,44.633230],[85.966627,44.632955],[85.966584,44.632405],[85.966284,44.631977],[85.966026,44.631916],[85.965468,44.631916],[85.964910,44.632008],[85.964524,44.632130],[85.964310,44.632558],[85.963966,44.633168],[85.963065,44.633565],[85.962421,44.633962],[85.961735,44.634634],[85.961005,44.634818],[85.960447,44.634848],[85.959932,44.634665],[85.959675,44.634390],[85.959632,44.634237],[85.960276,44.633474],[85.961005,44.633138],[85.961477,44.632894],[85.961949,44.632558],[85.962293,44.632130],[85.962722,44.631672],[85.962808,44.631214],[85.962808,44.630664],[85.962808,44.630206],[85.962850,44.629504],[85.962979,44.629107],[85.963280,44.629046],[85.963323,44.628740],[85.963108,44.628557],[85.962335,44.628557],[85.961477,44.628679],[85.961263,44.628801],[85.960791,44.629107],[85.960276,44.629381],[85.959803,44.629809],[85.959074,44.630053],[85.958473,44.630084],[85.957701,44.629748],[85.956971,44.629259],[85.956489,44.628974],[85.956585,44.628861],[85.956585,44.628617],[85.956370,44.628189],[85.956198,44.627548],[85.955555,44.627212],[85.954997,44.626907],[85.954139,44.626449],[85.953280,44.626296],[85.952250,44.626052],[85.951607,44.625654],[85.950662,44.625074],[85.950276,44.624738],[85.950104,44.624402],[85.950062,44.623944],[85.949976,44.623425],[85.949976,44.623150],[85.949933,44.622753],[85.949976,44.622417],[85.950534,44.622142],[85.951392,44.621867],[85.952422,44.621775],[85.953237,44.621775],[85.953967,44.621775],[85.955555,44.621775],[85.956413,44.621897],[85.957143,44.622233],[85.957915,44.622692],[85.958688,44.622722],[85.959374,44.622661],[85.959846,44.622478],[85.960061,44.622356],[85.960404,44.621989],[85.960576,44.621775],[85.961177,44.621287],[85.960919,44.620737],[85.960490,44.620401],[85.959760,44.620126],[85.959073,44.618904],[85.959287,44.618751],[85.959717,44.618354],[85.960317,44.618232],[85.960961,44.617987],[85.961390,44.617865],[85.961734,44.617651],[85.961819,44.617285],[85.961648,44.616552],[85.961562,44.615880],[85.960747,44.615696],[85.959802,44.615482],[85.959159,44.615299],[85.958730,44.615055],[85.958386,44.614841],[85.958129,44.614505],[85.958215,44.613955],[85.958730,44.613558],[85.958858,44.613497],[85.959545,44.613008],[85.959888,44.612702],[85.960189,44.612275],[85.960446,44.611878],[85.960446,44.611755],[85.960575,44.611511],[85.960747,44.611083],[85.960875,44.610778],[85.961004,44.610442],[85.961176,44.610014],[85.961262,44.609831],[85.961562,44.609403],[85.961862,44.609250],[85.961991,44.609067],[85.962077,44.608731],[85.962077,44.608303],[85.962077,44.607753],[85.962077,44.607386],[85.961862,44.606928],[85.961433,44.606409],[85.961047,44.606134],[85.961090,44.605920],[85.961390,44.605767],[85.961304,44.605462],[85.961090,44.605125],[85.960532,44.605125],[85.959888,44.605125],[85.959202,44.605156],[85.958815,44.605187],[85.958000,44.605339],[85.957399,44.605614],[85.956755,44.606256],[85.956326,44.606684],[85.956069,44.607142],[85.955597,44.607631],[85.954781,44.608120],[85.953794,44.608486],[85.952850,44.608456],[85.952292,44.608456],[85.951606,44.608150],[85.950318,44.607784],[85.950104,44.607448],[85.949288,44.606684],[85.949159,44.606042],[85.949159,44.605370],[85.949073,44.604604],[85.949073,44.604085],[85.949073,44.603596],[85.949073,44.603077],[85.949116,44.602832],[85.949416,44.602404],[85.949760,44.602038],[85.950704,44.601977],[85.951262,44.601977],[85.951562,44.602007],[85.951863,44.602099],[85.952292,44.602252],[85.952635,44.602618],[85.953322,44.603077],[85.954051,44.603596],[85.955124,44.603627],[85.955854,44.603290],[85.955854,44.603107],[85.955854,44.602679],[85.955639,44.602190],[85.955639,44.601946],[85.955296,44.601702],[85.954781,44.601610],[85.954180,44.601365],[85.953665,44.600846],[85.953150,44.600388],[85.953193,44.599868],[85.953193,44.599593],[85.953193,44.598951],[85.953279,44.598524],[85.953751,44.598432],[85.953665,44.598126],[85.954094,44.598126],[85.954867,44.598126],[85.955725,44.598524],[85.956326,44.598890],[85.956798,44.599196],[85.956841,44.599563],[85.956927,44.599654],[85.957013,44.599746],[85.957270,44.600174],[85.958300,44.600479],[85.958772,44.600877],[85.959330,44.601121],[85.959845,44.601213],[85.960317,44.601213],[85.960660,44.600968],[85.961218,44.600540],[85.961604,44.600327],[85.961948,44.599990],[85.961991,44.599838],[85.961991,44.599410],[85.961948,44.598951],[85.962463,44.598401],[85.962463,44.598096],[85.962463,44.597699],[85.962291,44.597393],[85.961991,44.596996],[85.961733,44.596782],[85.961218,44.596599],[85.960360,44.597026],[85.959630,44.597179],[85.958901,44.597424],[85.957485,44.597393],[85.956583,44.596996],[85.955897,44.596415],[85.955596,44.595682],[85.955639,44.595346],[85.955682,44.594796],[85.955768,44.594368],[85.955940,44.593848],[85.956068,44.593390],[85.956240,44.592870],[85.956283,44.592442],[85.956326,44.591801],[85.956927,44.591312],[85.957270,44.590975],[85.958085,44.590762],[85.959373,44.590853],[85.960274,44.590853],[85.961004,44.590823],[85.961819,44.590517],[85.962291,44.590089],[85.962420,44.589447],[85.962291,44.588714],[85.961390,44.588194],[85.960403,44.588164],[85.959201,44.588164],[85.958343,44.588164],[85.957399,44.588194],[85.956970,44.588255],[85.956111,44.588469],[85.955167,44.588683],[85.954094,44.588500],[85.953322,44.588500],[85.952676,44.588227],[85.952247,44.587830],[85.951774,44.587463],[85.951217,44.587096],[85.950744,44.586852],[85.950401,44.586393],[85.950144,44.585538],[85.949457,44.584987],[85.949071,44.584712],[85.948427,44.584529],[85.947526,44.584284],[85.947054,44.584193],[85.945895,44.583459],[85.944908,44.583001],[85.944436,44.582817],[85.943964,44.582542],[85.943621,44.582236],[85.943363,44.581931],[85.943363,44.581900],[85.942806,44.581440],[85.942076,44.581073],[85.941475,44.580920],[85.941304,44.580645],[85.941261,44.580156],[85.941089,44.579636],[85.941089,44.579086],[85.941475,44.578536],[85.941990,44.578444],[85.942462,44.578383],[85.943321,44.578383],[85.943878,44.578413],[85.945037,44.578811],[85.945981,44.579208],[85.947011,44.579911],[85.947955,44.580125],[85.948985,44.580125],[85.949758,44.580003],[85.950316,44.579606],[85.950359,44.579239],[85.950101,44.578933],[85.948942,44.578597],[85.948127,44.578475],[85.946889,44.578265],[85.946502,44.578081],[85.945773,44.577684],[85.945344,44.576981],[85.945258,44.576736],[85.945043,44.576461],[85.944829,44.576094],[85.944571,44.575727],[85.944357,44.575422],[85.944142,44.575208],[85.944013,44.574902],[85.943970,44.574688],[85.943327,44.573893],[85.942468,44.573312],[85.941953,44.573190],[85.941524,44.573007],[85.941095,44.572823],[85.940537,44.572579],[85.940322,44.572365],[85.940194,44.571998],[85.940194,44.571875],[85.940448,44.571567],[85.940835,44.571475],[85.941650,44.571323],[85.942508,44.571292],[85.943238,44.571139],[85.943581,44.570803],[85.943925,44.570405],[85.944697,44.570314],[85.945298,44.569886],[85.945512,44.569549],[85.945598,44.569121],[85.946328,44.569091],[85.946886,44.569091],[85.947143,44.569030],[85.947486,44.568877],[85.948388,44.568754],[85.948946,44.568754],[85.949461,44.568357],[85.949804,44.567837],[85.950405,44.567501],[85.951606,44.567379],[85.951993,44.567012],[85.951735,44.566492],[85.951349,44.566370],[85.950877,44.566217],[85.950920,44.565850],[85.950362,44.565269],[85.950362,44.565086],[85.950619,44.564810],[85.951006,44.564443],[85.950877,44.564291],[85.950448,44.564229],[85.950061,44.564168],[85.949203,44.564168],[85.949074,44.564138],[85.948388,44.563954],[85.947916,44.563985],[85.947658,44.563985],[85.947100,44.564015],[85.946499,44.564199],[85.946070,44.564015],[85.946070,44.563068],[85.946199,44.562487],[85.946199,44.562120],[85.946027,44.561936],[85.946285,44.561478],[85.946242,44.561080],[85.946199,44.560774],[85.946671,44.560438],[85.946886,44.560071],[85.946843,44.559765],[85.947615,44.559429],[85.947873,44.559001],[85.947830,44.558634],[85.945427,44.558450],[85.943967,44.558145],[85.943324,44.558114],[85.942508,44.558481],[85.941393,44.558878],[85.940878,44.558664],[85.940534,44.558664],[85.940534,44.558900],[85.940446,44.558878],[85.939075,44.558533],[85.932551,44.554311],[85.932465,44.553087],[85.931521,44.552904],[85.931521,44.552598],[85.931178,44.552598],[85.930577,44.551864],[85.926629,44.551558],[85.925856,44.551497],[85.926114,44.550335],[85.925599,44.549785],[85.924654,44.549295],[85.923882,44.548378],[85.923453,44.547277],[85.923367,44.546665],[85.923195,44.546053],[85.923195,44.545258],[85.922595,44.543362],[85.922595,44.542933],[85.922938,44.542566],[85.922595,44.542016],[85.923624,44.541588],[85.923539,44.541159],[85.921136,44.540425],[85.921222,44.539263],[85.920191,44.538590],[85.920191,44.538101],[85.919934,44.537795],[85.919934,44.537244],[85.919419,44.536938],[85.918732,44.535898],[85.918818,44.534797],[85.919505,44.534185],[85.919505,44.533573],[85.919848,44.531799],[85.920535,44.530148],[85.920879,44.528128],[85.920535,44.525864],[85.919760,44.524878],[85.918560,44.523356],[85.922939,44.508911],[85.916759,44.506219],[85.913669,44.509646],[85.907059,44.507438],[85.906150,44.507134],[85.903885,44.493547],[85.901224,44.491037],[85.898134,44.490792],[85.897104,44.483444],[85.895988,44.482587],[85.896589,44.481852],[85.896331,44.472788],[85.884058,44.462437],[85.884488,44.457842],[85.885604,44.456127],[85.892384,44.451961],[85.899164,44.451777],[85.901139,44.447917],[85.903027,44.446324],[85.905002,44.446262],[85.906289,44.446262],[85.907662,44.446507],[85.909121,44.447304],[85.910581,44.447610],[85.912040,44.447426],[85.912555,44.446875],[85.912297,44.446017],[85.912125,44.445159],[85.911439,44.443811],[85.912984,44.443750],[85.914958,44.443689],[85.915902,44.443137],[85.916675,44.442463],[85.916675,44.441850],[85.916160,44.441850],[85.914785,44.440747],[85.914443,44.439889],[85.913928,44.439338],[85.914529,44.438602],[85.913583,44.437439],[85.912811,44.437133],[85.911523,44.436397],[85.911351,44.435110],[85.911351,44.433946],[85.910922,44.432965],[85.908777,44.432046],[85.907918,44.431249],[85.908004,44.429839],[85.908605,44.429288],[85.908862,44.428308],[85.908433,44.427755],[85.908777,44.427142],[85.911008,44.426775],[85.912200,44.426513],[85.911694,44.420305],[85.911633,44.418637],[85.909721,44.419695],[85.907876,44.420218],[85.905558,44.420968],[85.899593,44.421137],[85.893242,44.421045],[85.893048,44.418133],[85.892834,44.415359],[85.892448,44.415251],[85.892147,44.414760],[85.891353,44.414516],[85.890881,44.414118],[85.890795,44.413872],[85.889980,44.413764],[85.889401,44.410101],[85.889208,44.408813],[85.889486,44.408384],[85.889465,44.407250],[85.889937,44.406468],[85.890109,44.406160],[85.887148,44.402681],[85.885538,44.401454],[85.887040,44.399431],[85.893949,44.397866],[85.894561,44.397292],[85.894303,44.397054],[85.895194,44.396250],[85.895430,44.395935],[85.896492,44.395360],[85.896847,44.395053],[85.897254,44.394823],[85.898648,44.392914],[85.900805,44.389891],[85.901073,44.389331],[85.900923,44.385450],[85.900869,44.383065],[85.900687,44.380871],[85.900913,44.380787],[85.901213,44.380848],[85.901813,44.381101],[85.902210,44.381339],[85.902629,44.381538],[85.903037,44.381584],[85.903412,44.381630],[85.904345,44.381937],[85.906643,44.382727],[85.909061,44.383669],[85.909091,44.382701],[85.908138,44.365723],[85.907885,44.361227],[85.907856,44.360704],[85.907322,44.354941],[85.905348,44.337542],[85.904866,44.333289],[85.904790,44.332618],[85.913792,44.328820],[85.918470,44.322706],[85.926113,44.319582],[85.932450,44.318095],[85.935470,44.317387],[85.931192,44.298281],[85.935385,44.297700],[85.943113,44.296629],[85.946737,44.311411],[85.954203,44.309632],[85.952610,44.294249],[85.955447,44.293538],[85.957940,44.290735],[85.959361,44.289277],[85.960150,44.288466],[85.960331,44.286116],[85.960014,44.285161],[85.960888,44.277256],[85.962271,44.264743],[85.962762,44.258983],[85.965474,44.258510],[85.965718,44.256035],[85.966107,44.252094],[85.966333,44.249807],[85.966426,44.249581],[85.967444,44.249332],[85.968486,44.248803],[85.970192,44.247447],[85.970843,44.246753],[85.971104,44.246047],[85.971156,44.245337],[85.971010,44.244606],[85.970666,44.243882],[85.969695,44.243548],[85.969399,44.243493],[85.969350,44.243483],[85.969341,44.243481],[85.966740,44.242992],[85.966370,44.243031],[85.966725,44.240965],[85.967410,44.240342],[85.967547,44.239817],[85.967440,44.238708],[85.968231,44.237496],[85.970034,44.235303],[85.969418,44.233682],[85.969485,44.232555],[85.970168,44.232135],[85.970747,44.231012],[85.972565,44.226674],[85.976131,44.216956],[85.976433,44.215936],[85.976695,44.214347],[85.976793,44.211509],[85.977047,44.210453],[85.978026,44.208730],[85.978466,44.207616],[85.978998,44.206879],[85.979515,44.205252],[85.979555,44.204642],[85.979210,44.203657],[85.979637,44.202837],[85.979327,44.201363],[85.978412,44.199617],[85.978434,44.198392],[85.978359,44.198110],[85.977199,44.196786],[85.977022,44.196417],[85.976956,44.195597],[85.977393,44.194783],[85.977547,44.194208],[85.977479,44.193530],[85.977024,44.193126],[85.975606,44.192347],[85.975072,44.191917],[85.974531,44.191309],[85.973856,44.190104],[85.973536,44.188800],[85.973489,44.187799],[85.973890,44.185043],[85.973960,44.183281],[85.974206,44.182871],[85.974933,44.182484],[85.975715,44.182408],[85.978984,44.182435],[85.979607,44.182321],[85.980178,44.182093],[85.980972,44.181572],[85.982042,44.180644],[85.982621,44.179935],[85.982969,44.179316],[85.983454,44.178004],[85.983792,44.175151],[85.984019,44.174391],[85.984600,44.173230],[85.985728,44.172075],[85.986214,44.171287],[85.986535,44.170282],[85.986553,44.169795],[85.986305,44.168619],[85.985581,44.167702],[85.985357,44.166921],[85.985615,44.164532],[85.986089,44.163236],[85.986049,44.162540],[85.985459,44.160070],[85.985493,44.159569],[85.985706,44.159236],[85.986762,44.158490],[85.986780,44.158364],[85.986468,44.158103],[85.985689,44.157830],[85.985709,44.157603],[85.985890,44.157330],[85.986430,44.157044],[85.987124,44.157107],[85.990362,44.156802],[85.991218,44.156421],[85.991900,44.156417],[85.992420,44.156483],[85.993416,44.156942],[85.995043,44.157230],[85.996864,44.157448],[85.998526,44.157424],[85.999532,44.156687],[86.000366,44.156508],[86.001463,44.156383],[86.002410,44.156126],[86.003826,44.156295],[86.005539,44.155087],[86.006827,44.155008],[86.008778,44.155358],[86.009906,44.155175],[86.012421,44.155066],[86.016577,44.154246],[86.018083,44.154160],[86.019259,44.154345],[86.019732,44.154693],[86.019841,44.155315],[86.019985,44.155628],[86.020266,44.155802],[86.021439,44.156190],[86.025078,44.156478],[86.026935,44.156135],[86.027913,44.156596],[86.028676,44.156763],[86.029141,44.156741],[86.030604,44.156433],[86.032281,44.156853],[86.032816,44.156836],[86.033893,44.156462],[86.035027,44.156193],[86.036455,44.156498],[86.037879,44.156171],[86.038591,44.156404],[86.039568,44.156524],[86.040442,44.156424],[86.041423,44.156660],[86.042016,44.156901],[86.042881,44.156893],[86.046134,44.156068],[86.050187,44.156303],[86.051296,44.156914],[86.052045,44.157197],[86.053257,44.157438],[86.054048,44.157445],[86.056399,44.156957],[86.058833,44.156648],[86.059751,44.156991],[86.060978,44.157649],[86.062350,44.158526],[86.063802,44.158420],[86.063900,44.158843],[86.064271,44.159372],[86.064853,44.159743],[86.065916,44.160232],[86.066673,44.160333],[86.067889,44.160298],[86.069542,44.160033],[86.070656,44.159631],[86.071360,44.158886],[86.074049,44.157353],[86.077231,44.156810],[86.078303,44.156717],[86.079622,44.156729],[86.081042,44.155840],[86.083606,44.155751],[86.085130,44.155933],[86.087734,44.155998],[86.088342,44.155801],[86.088883,44.155320],[86.089607,44.154503],[86.089939,44.153968],[86.089778,44.152714],[86.089596,44.152349],[86.088893,44.151423],[86.076788,44.143395],[86.074026,44.141361],[86.072938,44.140009],[86.072568,44.139386],[86.072581,44.138589],[86.072701,44.138100],[86.073245,44.137872],[86.073975,44.137906],[86.074827,44.138534],[86.078424,44.140603],[86.080140,44.141070],[86.081129,44.141144],[86.082057,44.140973],[86.082523,44.140748],[86.082838,44.140474],[86.082950,44.139996],[86.082221,44.138207],[86.077622,44.131812],[86.077460,44.131313],[86.077815,44.130294],[86.078490,44.129708],[86.079567,44.129430],[86.085156,44.128298],[86.094795,44.126348],[86.096184,44.125958],[86.095970,44.125664],[86.095436,44.124922],[86.094696,44.124179],[86.093956,44.123435],[86.093216,44.122681],[86.092483,44.121938],[86.091545,44.121184],[86.090605,44.120430],[86.089660,44.119819],[86.088720,44.119065],[86.087980,44.118321],[86.087049,44.117566],[86.086102,44.116956],[86.085362,44.116203],[86.084423,44.115448],[86.083690,44.114704],[86.083148,44.113962],[86.082407,44.113218],[86.081866,44.112475],[86.081331,44.111742],[86.081186,44.111021],[86.081041,44.110291],[86.080696,44.109560],[86.080353,44.108837],[86.080017,44.108106],[86.079277,44.107352],[86.078735,44.106619],[86.077994,44.105866],[86.077046,44.105254],[86.076115,44.104499],[86.075168,44.103888],[86.074228,44.103133],[86.073288,44.102378],[86.072341,44.101766],[86.071408,44.101011],[86.070453,44.100399],[86.069514,44.099788],[86.068558,44.099176],[86.067595,44.098852],[86.066640,44.098231],[86.066113,44.097893],[86.065693,44.097619],[86.064760,44.096863],[86.063797,44.096395],[86.062864,44.095640],[86.062123,44.094895],[86.061580,44.094152],[86.061045,44.093418],[86.060899,44.092688],[86.060792,44.092157],[86.060181,44.091461],[86.056584,44.087365],[86.053887,44.082511],[86.047794,44.074621],[86.042607,44.068116],[86.038036,44.062075],[86.035354,44.056768],[86.031347,44.052794],[86.026348,44.049948],[86.022027,44.046197],[86.015545,44.040119],[86.009664,44.035191],[86.003809,44.029353],[85.996969,44.024634],[85.991670,44.021318],[85.986366,44.018001],[85.981078,44.014685],[85.974545,44.010204],[85.971321,44.007185],[85.970547,44.006459],[85.967559,44.003613],[85.967407,44.003070],[85.967407,44.002320],[85.967674,44.001788],[85.968427,44.001161],[85.968840,44.000290],[85.968792,43.999612],[85.968500,43.999055],[85.967795,43.998641],[85.965487,43.998248],[85.964612,43.997738],[85.964175,43.996793],[85.963932,43.995921],[85.963568,43.995242],[85.962644,43.994489],[85.962365,43.993847],[85.962536,43.992782],[85.963021,43.991767],[85.963215,43.990896],[85.962875,43.990362],[85.962195,43.990095],[85.960738,43.989801],[85.958746,43.989602],[85.957532,43.988873],[85.956634,43.987443],[85.956634,43.986378],[85.957057,43.985423],[85.958030,43.984215],[85.958054,43.983489],[85.957738,43.982398],[85.957738,43.981043],[85.957641,43.980050],[85.955698,43.978351],[85.955383,43.977334],[85.955504,43.976366],[85.956672,43.974778],[85.957061,43.973888],[85.956886,43.972900],[85.956536,43.972086],[85.955526,43.971483],[85.954632,43.970784],[85.954399,43.969893],[85.954574,43.969157],[85.955322,43.968104],[85.955574,43.967504],[85.955419,43.967077],[85.954583,43.966572],[85.952835,43.965736],[85.951494,43.965229],[85.949766,43.964877],[85.949028,43.964624],[85.948950,43.964198],[85.949513,43.963405],[85.950484,43.962361],[85.951426,43.959739],[85.953641,43.958524],[85.955195,43.958081],[85.956011,43.957986],[85.957643,43.958552],[85.958323,43.958553],[85.959159,43.958226],[85.960072,43.957318],[85.960363,43.956389],[85.960470,43.953262],[85.961422,43.952082],[85.961850,43.951328],[85.961889,43.950554],[85.961539,43.949894],[85.959868,43.948690],[85.958915,43.947835],[85.958876,43.946712],[85.959284,43.945512],[85.959673,43.944777],[85.959751,43.943616],[85.960101,43.942958],[85.961144,43.942656],[85.962030,43.942581],[85.962668,43.942412],[85.963352,43.942011],[85.963803,43.941377],[85.964067,43.940448],[85.964253,43.939302],[85.964502,43.938822],[85.965046,43.938436],[85.966835,43.937790],[85.968949,43.937207],[85.969581,43.936935],[85.970288,43.936355],[85.970965,43.935422],[85.971120,43.934956],[85.971081,43.934272],[85.970804,43.933828],[85.970449,43.933258],[85.969707,43.932817],[85.968360,43.932658],[85.966174,43.931949],[85.965029,43.931720],[85.964080,43.931673],[85.962830,43.931767],[85.959417,43.932663],[85.957617,43.932786],[85.956272,43.932555],[85.955577,43.932368],[85.954877,43.932360],[85.954153,43.932642],[85.953216,43.933168],[85.952112,43.933480],[85.951512,43.933509],[85.949970,43.933168],[85.948950,43.933167],[85.946599,43.933164],[85.944226,43.933356],[85.940950,43.933813],[85.940225,43.933852],[85.938432,43.933617],[85.937834,43.933647],[85.935129,43.934194],[85.933851,43.934256],[85.931243,43.933972],[85.929349,43.933917],[85.925085,43.933989],[85.923856,43.934048],[85.921413,43.934374],[85.919719,43.934357],[85.919215,43.934262],[85.918689,43.934022],[85.918482,43.933841],[85.918491,43.933374],[85.919053,43.933151],[85.921080,43.932925],[85.922469,43.932397],[85.922983,43.932004],[85.923203,43.931584],[85.923305,43.931001],[85.923078,43.930550],[85.922734,43.930215],[85.922293,43.929961],[85.921718,43.929869],[85.920945,43.929909],[85.920244,43.930082],[85.918007,43.931449],[85.917432,43.931522],[85.916804,43.931327],[85.916563,43.931087],[85.916006,43.930219],[85.915675,43.929208],[85.915538,43.929033],[85.915232,43.928916],[85.914634,43.928910],[85.914133,43.929049],[85.912168,43.930068],[85.911474,43.930138],[85.910819,43.930044],[85.909939,43.929619],[85.909217,43.929014],[85.907902,43.927142],[85.907277,43.926598],[85.906565,43.926168],[85.905594,43.925753],[85.905150,43.925657],[85.904164,43.925655],[85.903132,43.926027],[85.903027,43.926350],[85.903117,43.926891],[85.903496,43.927938],[85.903441,43.928225],[85.903007,43.928437],[85.902591,43.928433],[85.901851,43.928066],[85.900436,43.926469],[85.899356,43.925668],[85.897428,43.924930],[85.896438,43.924669],[85.895749,43.924231],[85.895478,43.923864],[85.895292,43.923408],[85.895230,43.922679],[85.894937,43.921959],[85.894125,43.921188],[85.892722,43.921109],[85.891024,43.921341],[85.889333,43.921437],[85.888588,43.921223],[85.887581,43.920631],[85.886894,43.920493],[85.883888,43.920578],[85.883463,43.920153],[85.882816,43.918860],[85.882282,43.918172],[85.881399,43.917516],[85.880598,43.917046],[85.879921,43.916860],[85.878663,43.916709],[85.877923,43.916444],[85.877529,43.916105],[85.877406,43.915718],[85.877412,43.914452],[85.877250,43.913414],[85.875404,43.911133],[85.875180,43.909871],[85.875229,43.909493],[85.874948,43.909249],[85.874418,43.909049],[85.870624,43.909004],[85.868284,43.909307],[85.867788,43.909268],[85.867396,43.908977],[85.867069,43.907859],[85.866484,43.906516],[85.865978,43.905862],[85.865327,43.905396],[85.864589,43.905030],[85.863502,43.904698],[85.862862,43.904405],[85.862421,43.904077],[85.861429,43.902714],[85.860937,43.902559],[85.859520,43.902578],[85.858727,43.902463],[85.858334,43.902244],[85.857966,43.901873],[85.857704,43.901447],[85.857446,43.900765],[85.856951,43.899932],[85.855859,43.898542],[85.854789,43.898041],[85.853259,43.897560],[85.852574,43.897051],[85.852187,43.896472],[85.851944,43.895772],[85.851615,43.895244],[85.851104,43.894777],[85.850195,43.894671],[85.849739,43.894725],[85.848931,43.894946],[85.848086,43.895502],[85.847536,43.895678],[85.846937,43.895770],[85.846242,43.895719],[85.844912,43.895332],[85.844608,43.895120],[85.844271,43.894537],[85.844154,43.893763],[85.843905,43.893464],[85.843476,43.893282],[85.841632,43.893148],[85.840099,43.892701],[85.839561,43.892337],[85.839251,43.892014],[85.838659,43.891023],[85.838047,43.890318],[85.837398,43.889903],[85.836538,43.889506],[85.836098,43.889178],[85.835662,43.888635],[85.835473,43.888130],[85.835499,43.886799],[85.835956,43.886227],[85.838058,43.885366],[85.838212,43.885032],[85.838123,43.884482],[85.837823,43.883953],[85.837367,43.883563],[85.836510,43.883209],[85.835282,43.882330],[85.834868,43.882158],[85.834498,43.882077],[85.832953,43.882103],[85.831743,43.881958],[85.831228,43.881798],[85.830761,43.881508],[85.830301,43.880999],[85.829514,43.878988],[85.829221,43.878582],[85.827995,43.877647],[85.827816,43.877332],[85.827865,43.875227],[85.827502,43.874405],[85.826988,43.873813],[85.825596,43.872720],[85.825164,43.872141],[85.825300,43.870494],[85.825108,43.869874],[85.825194,43.868840],[85.825230,43.867693],[85.825142,43.867485],[85.824834,43.867034],[85.823497,43.865975],[85.822441,43.865367],[85.821335,43.864913],[85.815721,43.862814],[85.814402,43.861796],[85.813227,43.859995],[85.811875,43.859276],[85.811709,43.858608],[85.811035,43.857718],[85.809787,43.856919],[85.809255,43.856404],[85.809138,43.855821],[85.809122,43.854737],[85.808939,43.853937],[85.809156,43.853520],[85.809604,43.853102],[85.809854,43.852568],[85.809754,43.852085],[85.809271,43.851469],[85.808656,43.850987],[85.807957,43.850638],[85.807458,43.850589],[85.802641,43.851088],[85.801744,43.850990],[85.801243,43.850607],[85.800927,43.849991],[85.800812,43.849207],[85.800412,43.848958],[85.799913,43.848958],[85.799381,43.849226],[85.798299,43.850128]]	塔城地区	[[84.943604,46.861920],[84.955088,46.861090],[84.959888,46.864154],[84.962755,46.870843],[84.964733,46.874925],[84.968315,46.876541],[84.975769,46.879770],[84.980024,46.883104],[84.979771,46.885222],[84.979327,46.888808],[84.979240,46.890244],[84.979013,46.893840],[84.979127,46.897127],[84.979249,46.900727],[84.979493,46.902886],[84.979895,46.906478],[84.981787,46.909484],[84.983863,46.912803],[84.985153,46.914861],[84.987220,46.918185],[84.989924,46.920416],[84.993290,46.923196],[84.995523,46.924289],[84.999823,46.926386],[85.002606,46.926924],[85.007690,46.927899],[85.012775,46.928879],[85.017938,46.928820],[85.023205,46.928761],[85.027670,46.928904],[85.032935,46.929071],[85.038174,46.928672],[85.043411,46.928263],[85.047542,46.928290],[85.052812,46.928328],[85.054684,46.928970],[85.059386,46.930603],[85.064114,46.931992],[85.068953,46.933415],[85.071850,46.934474],[85.076487,46.936169],[85.078183,46.937278],[85.081983,46.939774],[85.082470,46.940626],[85.084400,46.943975],[85.084505,46.944227],[85.085904,46.947694],[85.087313,46.951164],[85.088660,46.954018],[85.090277,46.957445],[85.090955,46.958179],[85.093761,46.961229],[85.096568,46.964278],[85.099330,46.966233],[85.102986,46.968816],[85.107240,46.971022],[85.111432,46.973187],[85.115189,46.974879],[85.119579,46.976856],[85.120724,46.977411],[85.125000,46.979496],[85.129283,46.981580],[85.133557,46.983664],[85.134433,46.984054],[85.138810,46.986041],[85.143186,46.988024],[85.147552,46.990006],[85.151070,46.991303],[85.155695,46.993002],[85.160312,46.994701],[85.160528,46.994752],[85.165516,46.995863],[85.170496,46.996975],[85.175484,46.998090],[85.175908,47.001528],[85.178792,47.005305],[85.187167,47.007617],[85.191523,47.013016],[85.194442,47.016263],[85.195837,47.018949],[85.198652,47.024311],[85.204543,47.029752],[85.209638,47.035697],[85.213997,47.041098],[85.219978,47.044951],[85.231745,47.052265],[85.238642,47.056321],[85.253666,47.054741],[85.260536,47.054404],[85.268982,47.056206],[85.273223,47.062353],[85.275814,47.066962],[85.276431,47.068921],[85.281414,47.069048],[85.285684,47.069157],[85.291091,47.066624],[85.303197,47.060961],[85.307183,47.058045],[85.317950,47.050152],[85.319769,47.048936],[85.326159,47.044896],[85.331313,47.045727],[85.335493,47.047133],[85.342466,47.049817],[85.350841,47.053054],[85.355715,47.054443],[85.358274,47.054608],[85.363529,47.054942],[85.368775,47.055275],[85.371907,47.055279],[85.380655,47.053070],[85.386349,47.053206],[85.396993,47.053946],[85.407560,47.056136],[85.418025,47.060267],[85.426489,47.061424],[85.441124,47.063369],[85.441358,47.063359],[85.446614,47.063151],[85.451851,47.062946],[85.459233,47.062431],[85.466076,47.062071],[85.471308,47.061798],[85.473833,47.061157],[85.478753,47.059906],[85.484864,47.057987],[85.493041,47.057477],[85.498269,47.057148],[85.501044,47.057366],[85.511025,47.057779],[85.516262,47.057781],[85.520739,47.057563],[85.525969,47.057314],[85.526592,47.057543],[85.533733,47.056764],[85.540106,47.057403],[85.540125,47.057292],[85.540002,47.054952],[85.539812,47.053924],[85.539029,47.052259],[85.538451,47.051660],[85.536992,47.050600],[85.536414,47.050406],[85.536030,47.050412],[85.537402,47.049970],[85.539589,47.049792],[85.540427,47.049865],[85.541432,47.050524],[85.543508,47.052182],[85.544245,47.052599],[85.546251,47.053499],[85.547345,47.053711],[85.548852,47.054456],[85.549448,47.054440],[85.551063,47.054017],[85.551711,47.053773],[85.552937,47.053051],[85.553816,47.052747],[85.554298,47.052437],[85.555265,47.051163],[85.555561,47.050946],[85.555992,47.050825],[85.557375,47.051092],[85.558582,47.051094],[85.559570,47.051294],[85.560289,47.051249],[85.561324,47.051428],[85.562667,47.051496],[85.564319,47.051414],[85.566364,47.050976],[85.568588,47.050130],[85.569342,47.049950],[85.569718,47.050195],[85.571541,47.052339],[85.572000,47.053465],[85.572930,47.055279],[85.573554,47.055967],[85.574990,47.057163],[85.576172,47.057575],[85.577118,47.058256],[85.578601,47.058860],[85.578923,47.059388],[85.579453,47.059615],[85.580351,47.059798],[85.581664,47.059887],[85.583424,47.059907],[85.584513,47.059794],[85.585425,47.060046],[85.586332,47.060497],[85.587869,47.060242],[85.588548,47.060004],[85.589437,47.059428],[85.592461,47.059181],[85.597105,47.059001],[85.600010,47.058638],[85.600643,47.058489],[85.603314,47.058312],[85.604990,47.058066],[85.606906,47.057513],[85.608303,47.056818],[85.608813,47.056667],[85.611105,47.056381],[85.611355,47.056217],[85.611657,47.055807],[85.612050,47.054847],[85.612625,47.054550],[85.613868,47.054503],[85.614295,47.054603],[85.615414,47.055204],[85.616538,47.056183],[85.617324,47.056655],[85.618206,47.056938],[85.619094,47.056981],[85.620539,47.056858],[85.622024,47.056385],[85.622879,47.055956],[85.623052,47.055790],[85.623314,47.055154],[85.623519,47.054937],[85.623802,47.054699],[85.624841,47.054282],[85.625277,47.054006],[85.626002,47.053287],[85.627134,47.052819],[85.629051,47.052289],[85.630330,47.051478],[85.631254,47.051343],[85.631621,47.051411],[85.632135,47.051711],[85.633726,47.053074],[85.635417,47.053584],[85.637042,47.054245],[85.637587,47.054567],[85.637868,47.054969],[85.639321,47.055795],[85.639981,47.056391],[85.640344,47.056590],[85.640787,47.056690],[85.642203,47.056552],[85.643737,47.055996],[85.644593,47.055556],[85.645275,47.055324],[85.645907,47.055228],[85.646844,47.055219],[85.647989,47.055497],[85.649155,47.055534],[85.650678,47.055423],[85.651856,47.055597],[85.652486,47.055595],[85.652933,47.055537],[85.654512,47.055066],[85.657039,47.054738],[85.657348,47.054669],[85.657743,47.054244],[85.657829,47.053868],[85.658089,47.053327],[85.658405,47.052985],[85.658555,47.052515],[85.659917,47.052052],[85.661754,47.051742],[85.663813,47.051073],[85.668732,47.050940],[85.669897,47.051050],[85.670369,47.051203],[85.670885,47.051435],[85.671319,47.051902],[85.672157,47.052186],[85.672756,47.052194],[85.676294,47.051382],[85.676956,47.051328],[85.678338,47.051337],[85.679838,47.051572],[85.682694,47.052229],[85.685238,47.053070],[85.687636,47.053652],[85.693702,47.055551],[85.695400,47.055815],[85.696352,47.055848],[85.699427,47.055679],[85.702479,47.055242],[85.704177,47.054865],[85.704467,47.054932],[85.705389,47.056160],[85.705750,47.056458],[85.707884,47.057114],[85.709665,47.058369],[85.710153,47.058501],[85.712097,47.058704],[85.713219,47.058666],[85.713729,47.058536],[85.714240,47.058364],[85.715795,47.057514],[85.716973,47.057036],[85.721361,47.055827],[85.723961,47.054905],[85.724659,47.054578],[85.726513,47.053401],[85.727518,47.053056],[85.728315,47.053045],[85.729888,47.053389],[85.732483,47.055190],[85.732847,47.055280],[85.733969,47.055213],[85.735455,47.054645],[85.737565,47.054261],[85.738569,47.053947],[85.739536,47.053214],[85.740820,47.051410],[85.741287,47.051143],[85.741655,47.051115],[85.742361,47.051135],[85.743704,47.051339],[85.744463,47.051683],[85.747259,47.053318],[85.747971,47.053630],[85.749173,47.053984],[85.750094,47.053920],[85.751811,47.053185],[85.752488,47.052713],[85.753694,47.052322],[85.756610,47.051944],[85.757747,47.052037],[85.759081,47.052537],[85.760761,47.052828],[85.761189,47.052843],[85.762485,47.052441],[85.762929,47.052395],[85.766497,47.052842],[85.768292,47.053205],[85.772697,47.055127],[85.773395,47.055629],[85.774385,47.056904],[85.774678,47.057028],[85.775342,47.057076],[85.775889,47.057061],[85.776395,47.056894],[85.779571,47.055640],[85.782992,47.053948],[85.783983,47.053886],[85.785542,47.054205],[85.785999,47.054219],[85.791905,47.053622],[85.794579,47.053525],[85.796069,47.053564],[85.797641,47.053902],[85.798882,47.054541],[85.799375,47.054940],[85.799980,47.055583],[85.802241,47.058776],[85.802751,47.059084],[85.803820,47.059447],[85.806244,47.060628],[85.807085,47.061323],[85.807987,47.061887],[85.808442,47.062033],[85.809976,47.062047],[85.812339,47.061339],[85.815794,47.060574],[85.818430,47.059473],[85.820435,47.058894],[85.821573,47.058777],[85.822251,47.058803],[85.822882,47.058990],[85.823271,47.059388],[85.823470,47.059734],[85.823819,47.060658],[85.824063,47.060984],[85.824383,47.061168],[85.826826,47.061452],[85.836487,47.062980],[85.837563,47.063019],[85.838865,47.062889],[85.843210,47.061852],[85.844365,47.061665],[85.846905,47.061574],[85.851535,47.061780],[85.852349,47.062364],[85.853100,47.063139],[85.853614,47.063933],[85.853933,47.064188],[85.854958,47.064602],[85.856311,47.064836],[85.858216,47.064761],[85.860808,47.063685],[85.861392,47.063305],[85.863337,47.062765],[85.864760,47.062524],[85.865884,47.062392],[85.869254,47.062234],[85.873802,47.062303],[85.877560,47.061987],[85.877882,47.062122],[85.880676,47.064190],[85.881194,47.064807],[85.881514,47.065053],[85.882115,47.065331],[85.885038,47.066167],[85.887553,47.066767],[85.888320,47.066854],[85.891883,47.066841],[85.892843,47.066911],[85.893372,47.067037],[85.894734,47.067657],[85.895889,47.068336],[85.897918,47.070363],[85.902074,47.074030],[85.902560,47.074156],[85.902947,47.074018],[85.905953,47.071791],[85.907103,47.071255],[85.908070,47.070961],[85.909585,47.070799],[85.911554,47.070736],[85.916334,47.070193],[85.917281,47.070233],[85.918063,47.070311],[85.918828,47.070633],[85.919527,47.071166],[85.920860,47.071938],[85.921150,47.072215],[85.921274,47.073415],[85.921418,47.073619],[85.922284,47.074022],[85.925859,47.074606],[85.926804,47.074934],[85.928755,47.074498],[85.933177,47.074028],[85.935878,47.073985],[85.936811,47.073844],[85.938397,47.074023],[85.938812,47.073877],[85.940593,47.072878],[85.941323,47.072866],[85.942376,47.073207],[85.943590,47.073755],[85.944194,47.073903],[85.946545,47.073995],[85.946957,47.074093],[85.947406,47.074332],[85.949082,47.075933],[85.950696,47.077172],[85.951611,47.077585],[85.952227,47.077760],[85.953366,47.077976],[85.954840,47.078002],[85.956785,47.077846],[85.958435,47.077320],[85.960246,47.076308],[85.963276,47.074262],[85.964527,47.073713],[85.966336,47.073490],[85.971048,47.073567],[85.973531,47.073493],[85.974990,47.073614],[85.978482,47.073378],[85.980074,47.073059],[85.981336,47.072689],[85.985194,47.071395],[85.987468,47.070727],[85.988672,47.070470],[85.989501,47.070390],[85.991804,47.069666],[85.993991,47.069259],[85.997098,47.068277],[86.001172,47.067255],[86.002399,47.067176],[86.005215,47.066576],[86.005750,47.066360],[86.006388,47.065766],[86.007103,47.063966],[86.007748,47.062981],[86.008759,47.062103],[86.009412,47.061398],[86.010492,47.059741],[86.013754,47.057174],[86.015213,47.056348],[86.017828,47.055582],[86.022429,47.054929],[86.024049,47.054902],[86.025650,47.054485],[86.029026,47.052279],[86.032672,47.050123],[86.032934,47.049931],[86.033145,47.049591],[86.034285,47.049001],[86.035929,47.048407],[86.036712,47.047989],[86.036975,47.047751],[86.037049,47.047418],[86.036602,47.046570],[86.036565,47.046338],[86.037556,47.045023],[86.041159,47.042134],[86.042239,47.041117],[86.043617,47.040084],[86.047324,47.038158],[86.050129,47.037196],[86.052503,47.036711],[86.053123,47.036291],[86.053196,47.035995],[86.053129,47.035179],[86.052452,47.034282],[86.050276,47.030542],[86.049755,47.030054],[86.048772,47.028783],[86.048714,47.026857],[86.049030,47.025125],[86.051920,47.025341],[86.062520,47.025743],[86.064679,47.026233],[86.065462,47.026514],[86.066864,47.026709],[86.071220,47.026810],[86.071993,47.026730],[86.072516,47.026380],[86.073317,47.026132],[86.074910,47.025932],[86.079093,47.025543],[86.080283,47.025506],[86.082723,47.025632],[86.083225,47.025704],[86.085130,47.026364],[86.087981,47.026437],[86.088731,47.026555],[86.089710,47.026901],[86.092788,47.028263],[86.093498,47.028487],[86.102935,47.029178],[86.105939,47.029261],[86.111032,47.029215],[86.112348,47.029611],[86.115289,47.030796],[86.116431,47.031075],[86.117931,47.031311],[86.120075,47.031417],[86.122203,47.031379],[86.125595,47.031691],[86.126347,47.031867],[86.128131,47.032082],[86.148222,47.034327],[86.178000,47.040002],[86.179000,47.040068],[86.180350,47.039839],[86.181586,47.039410],[86.183263,47.039314],[86.184675,47.039601],[86.186649,47.040477],[86.189399,47.041109],[86.191444,47.041316],[86.197773,47.041516],[86.200603,47.041878],[86.201023,47.042180],[86.201640,47.042350],[86.206264,47.043024],[86.206817,47.043213],[86.207868,47.043873],[86.208427,47.043835],[86.211807,47.044463],[86.213778,47.044988],[86.218695,47.045879],[86.222579,47.047000],[86.225075,47.047370],[86.233772,47.050562],[86.238985,47.051285],[86.244334,47.052931],[86.251139,47.052722],[86.252793,47.053078],[86.253753,47.053410],[86.256340,47.055424],[86.258308,47.056231],[86.261618,47.057289],[86.267709,47.058861],[86.272131,47.060129],[86.273635,47.061067],[86.274767,47.061517],[86.278089,47.061892],[86.279557,47.061903],[86.287954,47.064162],[86.292785,47.065719],[86.294474,47.066568],[86.299734,47.068706],[86.300789,47.068983],[86.306891,47.071254],[86.315326,47.076242],[86.317483,47.077773],[86.318024,47.077896],[86.318869,47.077903],[86.319583,47.077774],[86.319759,47.077375],[86.319765,47.076932],[86.319479,47.076269],[86.318492,47.074826],[86.317706,47.073006],[86.317643,47.072278],[86.317719,47.072011],[86.318003,47.071880],[86.322748,47.073639],[86.326788,47.074915],[86.330031,47.075333],[86.332904,47.075957],[86.339912,47.078175],[86.342409,47.079456],[86.350970,47.081910],[86.352939,47.082259],[86.354843,47.082916],[86.361965,47.083761],[86.366816,47.084815],[86.373404,47.086778],[86.373781,47.086622],[86.373988,47.086556],[86.374132,47.086529],[86.374451,47.086509],[86.377652,47.087242],[86.380157,47.087215],[86.389223,47.086985],[86.396862,47.087447],[86.397778,47.087595],[86.398197,47.087629],[86.408193,47.088048],[86.411079,47.087996],[86.414862,47.087304],[86.419164,47.087148],[86.420167,47.087019],[86.423511,47.086172],[86.425711,47.085955],[86.428824,47.084865],[86.432054,47.084084],[86.433842,47.083556],[86.434688,47.083183],[86.435456,47.083236],[86.437545,47.084129],[86.438738,47.084376],[86.442221,47.084830],[86.444339,47.085255],[86.445629,47.085652],[86.446332,47.086097],[86.448696,47.086087],[86.451523,47.086313],[86.454363,47.086346],[86.455969,47.086634],[86.458157,47.087216],[86.462418,47.087628],[86.465025,47.087717],[86.468889,47.087525],[86.469667,47.087661],[86.470756,47.088465],[86.471618,47.088726],[86.472458,47.088753],[86.475999,47.089161],[86.476836,47.089513],[86.477577,47.089665],[86.478515,47.089650],[86.480446,47.088984],[86.481481,47.088986],[86.482185,47.089254],[86.483469,47.089942],[86.484009,47.090736],[86.484908,47.090989],[86.486002,47.091116],[86.487330,47.090968],[86.490066,47.090262],[86.491356,47.090330],[86.492355,47.090182],[86.492711,47.089806],[86.492820,47.088628],[86.492569,47.087971],[86.491323,47.087126],[86.490381,47.086608],[86.489896,47.085824],[86.489590,47.085575],[86.489608,47.085030],[86.489437,47.083920],[86.488809,47.083224],[86.488065,47.082172],[86.488016,47.081693],[86.488178,47.081076],[86.489034,47.080038],[86.489207,47.078534],[86.489585,47.077568],[86.489863,47.077125],[86.490681,47.076196],[86.490762,47.075784],[86.490766,47.074427],[86.491227,47.072653],[86.493071,47.069217],[86.493527,47.068741],[86.494356,47.068391],[86.495520,47.067748],[86.496775,47.066500],[86.496579,47.066062],[86.496337,47.065770],[86.495438,47.065082],[86.493697,47.064249],[86.496571,47.063373],[86.498997,47.062951],[86.499901,47.062559],[86.502287,47.061757],[86.503994,47.061434],[86.505357,47.061344],[86.510078,47.061442],[86.517624,47.061319],[86.523773,47.060532],[86.526299,47.059855],[86.528652,47.059524],[86.529776,47.059041],[86.531778,47.058468],[86.534674,47.057311],[86.536710,47.056950],[86.539787,47.056090],[86.542623,47.054892],[86.546264,47.052668],[86.548694,47.051402],[86.550025,47.051112],[86.551597,47.051006],[86.554338,47.051145],[86.557431,47.051528],[86.561966,47.052533],[86.566214,47.053862],[86.567989,47.053704],[86.573795,47.052261],[86.577584,47.051947],[86.581133,47.051957],[86.587874,47.052706],[86.605276,47.055117],[86.614158,47.056609],[86.620796,47.057446],[86.631347,47.059193],[86.698637,47.069410],[86.701333,47.069117],[86.703975,47.068706],[86.704938,47.068681],[86.706024,47.068793],[86.708749,47.069470],[86.712501,47.071052],[86.715104,47.071937],[86.718225,47.072569],[86.724862,47.073238],[86.734004,47.073090],[86.737994,47.073263],[86.741297,47.073841],[86.745453,47.074784],[86.748570,47.075126],[86.750660,47.075511],[86.755247,47.076696],[86.757857,47.076978],[86.760645,47.077625],[86.777779,47.078175],[86.794166,47.079686],[86.798424,47.080025],[86.800341,47.080094],[86.802952,47.080446],[86.804271,47.080688],[86.804243,47.081177],[86.804595,47.082003],[86.806802,47.085416],[86.860946,47.093415],[86.898166,47.098824],[86.937766,47.104746],[86.978544,47.110689],[87.035189,47.119005],[87.037432,47.118878],[87.040668,47.118692],[87.040310,47.117072],[87.038985,47.097954],[87.037078,47.077873],[87.033360,47.031778],[87.031446,47.011929],[87.030686,47.001641],[87.029744,46.985673],[87.029262,46.972308],[87.029617,46.970851],[87.033538,46.967377],[87.035911,46.964872],[87.041491,46.961564],[87.045882,46.957523],[87.050743,46.951376],[87.051929,46.950082],[87.054301,46.948628],[87.056909,46.946364],[87.058569,46.945394],[87.062837,46.943942],[87.064377,46.942648],[87.065913,46.938114],[87.066503,46.935199],[87.067448,46.933499],[87.068395,46.932528],[87.077511,46.927026],[87.087211,46.920953],[87.096430,46.915037],[87.121568,46.899942],[87.183234,46.862184],[87.203685,46.849561],[87.203794,46.847050],[87.202677,46.800239],[87.202065,46.762416],[87.201580,46.726621],[87.201680,46.715726],[87.195381,46.708123],[87.181886,46.691828],[87.142245,46.639671],[87.096192,46.579741],[87.037192,46.503534],[87.037033,46.499623],[87.039142,46.496043],[87.081150,46.427598],[87.129581,46.348127],[87.171845,46.275389],[87.199764,46.228911],[87.234479,46.170765],[87.262241,46.125049],[87.300745,46.060484],[87.336082,46.005118],[87.336353,46.004268],[87.336580,46.003556],[87.337415,45.999996],[87.338260,45.996435],[87.338730,45.994423],[87.339278,45.990836],[87.339809,45.987245],[87.339870,45.986885],[87.340497,45.983302],[87.340984,45.980487],[87.341054,45.976878],[87.341123,45.973268],[87.341132,45.972934],[87.341201,45.969324],[87.341271,45.965710],[87.341271,45.965606],[87.340435,45.962047],[87.339607,45.958483],[87.339450,45.957802],[87.339433,45.954192],[87.339424,45.950582],[87.339406,45.946972],[87.339389,45.943362],[87.339371,45.939753],[87.339362,45.936143],[87.339344,45.932533],[87.339327,45.928919],[87.339309,45.925310],[87.339300,45.921704],[87.339283,45.918089],[87.339274,45.914480],[87.339256,45.910874],[87.339238,45.907256],[87.339229,45.903646],[87.339212,45.900040],[87.339194,45.896426],[87.339177,45.892817],[87.339168,45.889207],[87.339150,45.885592],[87.339132,45.881982],[87.339115,45.878373],[87.339106,45.874758],[87.339088,45.871153],[87.339079,45.867539],[87.339062,45.863925],[87.339044,45.860320],[87.339035,45.856705],[87.339017,45.853091],[87.339000,45.849485],[87.338982,45.845871],[87.338973,45.842262],[87.338956,45.838647],[87.338938,45.835037],[87.338920,45.831423],[87.338911,45.827814],[87.338902,45.824203],[87.338885,45.820589],[87.338867,45.816979],[87.338850,45.813365],[87.338841,45.809755],[87.338823,45.806140],[87.338805,45.802530],[87.338788,45.798920],[87.338779,45.795302],[87.338761,45.791696],[87.338743,45.788082],[87.338735,45.784469],[87.338717,45.780859],[87.338708,45.777243],[87.338690,45.773633],[87.338674,45.770019],[87.338656,45.766409],[87.338646,45.762796],[87.338630,45.759181],[87.338611,45.755570],[87.338593,45.751961],[87.338585,45.748347],[87.338567,45.744727],[87.338558,45.741117],[87.338541,45.737507],[87.338531,45.733888],[87.338515,45.730279],[87.338496,45.726669],[87.338478,45.723054],[87.338461,45.719440],[87.338452,45.715826],[87.338435,45.712215],[87.338416,45.708601],[87.338408,45.704986],[87.338391,45.701376],[87.338381,45.697762],[87.338363,45.694147],[87.338346,45.690532],[87.338337,45.686918],[87.338319,45.683308],[87.338302,45.679689],[87.338285,45.676078],[87.338275,45.672464],[87.338257,45.668854],[87.338248,45.665235],[87.338231,45.661625],[87.338213,45.658009],[87.338204,45.654396],[87.338187,45.650780],[87.338169,45.647166],[87.338151,45.643551],[87.338142,45.639941],[87.338126,45.636322],[87.338107,45.632708],[87.338089,45.629093],[87.338082,45.625478],[87.338073,45.621864],[87.338054,45.618248],[87.338037,45.614634],[87.338020,45.611023],[87.338011,45.607409],[87.337993,45.603790],[87.337976,45.600175],[87.337958,45.596560],[87.337949,45.592945],[87.337940,45.589331],[87.337922,45.585716],[87.337905,45.582101],[87.337887,45.578486],[87.337878,45.574871],[87.337861,45.571255],[87.337843,45.567636],[87.337825,45.564022],[87.337815,45.560411],[87.337807,45.556792],[87.337789,45.553177],[87.337772,45.549562],[87.337754,45.545947],[87.337745,45.542332],[87.337728,45.538713],[87.337710,45.535098],[87.337693,45.531483],[87.337684,45.527868],[87.337665,45.524253],[87.337649,45.520633],[87.337640,45.517018],[87.337631,45.513399],[87.337613,45.509788],[87.337595,45.506169],[87.337578,45.502553],[87.337569,45.498934],[87.337551,45.495319],[87.337534,45.491704],[87.337516,45.488088],[87.337507,45.484473],[87.337498,45.480854],[87.337481,45.477234],[87.337463,45.473619],[87.337445,45.470004],[87.337436,45.466388],[87.337419,45.462769],[87.337401,45.459149],[87.337383,45.455534],[87.337375,45.451914],[87.337366,45.448303],[87.337348,45.444684],[87.337330,45.441064],[87.337313,45.437449],[87.337304,45.433829],[87.337286,45.430213],[87.337269,45.426598],[87.337251,45.422978],[87.337242,45.419359],[87.337233,45.415743],[87.337215,45.412123],[87.337194,45.408506],[87.337177,45.404886],[87.337168,45.401271],[87.337150,45.397651],[87.337132,45.394031],[87.337115,45.390415],[87.337106,45.386795],[87.337097,45.383180],[87.337079,45.379564],[87.337062,45.375944],[87.337053,45.372325],[87.337035,45.368705],[87.337017,45.365085],[87.337000,45.361469],[87.336982,45.357849],[87.336973,45.354233],[87.336956,45.350613],[87.336947,45.346993],[87.336929,45.343373],[87.336920,45.339758],[87.336902,45.336138],[87.336885,45.332518],[87.336876,45.330604],[87.004095,45.331205],[86.980641,45.331265],[86.957290,45.331325],[86.942199,45.331364],[86.913536,45.331437],[86.781294,45.331777],[86.750468,45.331855],[86.703771,45.331976],[86.627885,45.332169],[86.613977,45.332205],[86.583257,45.332284],[86.558517,45.332347],[86.487103,45.332530],[86.458624,45.332484],[86.431847,45.332440],[86.398869,45.332386],[86.374149,45.332346],[86.316504,45.332252],[85.666864,45.331195],[85.667177,45.327580],[85.667498,45.323969],[85.667594,45.322962],[85.667046,45.319363],[85.666612,45.316519],[85.667308,45.312935],[85.667907,45.309906],[85.668429,45.306313],[85.668891,45.303063],[85.669239,45.299448],[85.669568,45.295976],[85.669517,45.292356],[85.669490,45.290932],[85.669855,45.287321],[85.670133,45.284531],[85.670490,45.280920],[85.670768,45.278134],[85.670742,45.274514],[85.670716,45.270893],[85.670690,45.267273],[85.670655,45.263657],[85.670637,45.260033],[85.670602,45.256417],[85.670576,45.252792],[85.670549,45.249172],[85.670524,45.245552],[85.670498,45.241936],[85.670463,45.238311],[85.670435,45.234695],[85.670409,45.231075],[85.670383,45.227454],[85.670357,45.223834],[85.670330,45.220214],[85.670305,45.216589],[85.670270,45.212969],[85.670251,45.209348],[85.670216,45.205728],[85.670190,45.202108],[85.670164,45.198487],[85.670138,45.194867],[85.670111,45.191247],[85.670076,45.187626],[85.670059,45.184006],[85.670024,45.180385],[85.669998,45.176765],[85.669972,45.173140],[85.669945,45.169520],[85.669919,45.165899],[85.669892,45.162279],[85.669866,45.158658],[85.669832,45.155034],[85.669814,45.151418],[85.669779,45.147793],[85.669752,45.144172],[85.669726,45.140552],[85.669700,45.136927],[85.669674,45.133307],[85.669639,45.129686],[85.669622,45.126066],[85.669587,45.122445],[85.669561,45.118825],[85.669533,45.115200],[85.669507,45.111575],[85.669481,45.107955],[85.669446,45.104334],[85.669428,45.100709],[85.669393,45.097089],[85.669367,45.093468],[85.669341,45.089848],[85.669315,45.086223],[85.669288,45.082602],[85.669253,45.078977],[85.669236,45.075357],[85.669201,45.071736],[85.669183,45.068112],[85.669148,45.064491],[85.669122,45.060866],[85.669096,45.057246],[85.669061,45.053621],[85.669043,45.050000],[85.669008,45.046380],[85.668991,45.042755],[85.668956,45.039135],[85.668938,45.035514],[85.668903,45.031889],[85.668868,45.028269],[85.668850,45.024644],[85.668815,45.021023],[85.668798,45.017398],[85.668763,45.013774],[85.668745,45.010153],[85.668710,45.006528],[85.668684,45.002903],[85.668658,44.999279],[85.668632,44.995658],[85.668605,44.992033],[85.668597,44.990683],[85.668539,44.988276],[85.668849,44.977649],[85.668785,44.965701],[85.668921,44.919290],[85.781482,44.922903],[85.787607,44.921783],[85.790818,44.920913],[85.796430,44.919155],[85.803563,44.915649],[85.805077,44.914904],[85.808653,44.912424],[85.811331,44.910180],[85.814890,44.906337],[85.816552,44.903930],[85.817944,44.902219],[85.820848,44.899278],[85.822978,44.896785],[85.825660,44.894266],[85.829154,44.891393],[85.832706,44.889018],[85.838794,44.885460],[85.841974,44.883812],[85.849922,44.879339],[85.852548,44.877734],[85.860929,44.871966],[85.866235,44.867637],[85.868414,44.865960],[85.871018,44.862612],[85.874138,44.858048],[85.877998,44.852829],[85.878433,44.852068],[85.879248,44.849717],[85.880661,44.846390],[85.883444,44.841244],[85.884878,44.838331],[85.885604,44.836362],[85.886021,44.834784],[85.886117,44.834004],[85.886083,44.831590],[85.886364,44.828966],[85.886348,44.827570],[85.886781,44.825433],[85.886793,44.823153],[85.889759,44.816164],[85.891397,44.813170],[85.893995,44.810512],[85.896836,44.807224],[85.898559,44.805906],[85.901528,44.803194],[85.920417,44.790229],[85.930172,44.780044],[85.935936,44.773909],[85.937981,44.769387],[85.942116,44.759632],[85.938706,44.757750],[85.928505,44.750743],[85.917003,44.743653],[85.909953,44.738961],[85.906931,44.737497],[85.906132,44.737110],[85.907818,44.735635],[85.911629,44.734123],[85.911944,44.733644],[85.912160,44.729122],[85.912445,44.726102],[85.911459,44.725184],[85.911903,44.725014],[85.912853,44.724651],[85.913309,44.724386],[85.913572,44.724096],[85.913556,44.723671],[85.913283,44.723186],[85.912826,44.722665],[85.912757,44.722068],[85.912931,44.721875],[85.913970,44.721747],[85.914542,44.722149],[85.915145,44.723050],[85.915509,44.723845],[85.916229,44.724048],[85.916918,44.723796],[85.916973,44.723040],[85.917384,44.722591],[85.918641,44.721662],[85.919648,44.720330],[85.920643,44.719640],[85.921668,44.719077],[85.922014,44.718690],[85.921994,44.718082],[85.921703,44.717230],[85.919645,44.716199],[85.918204,44.715737],[85.916757,44.715630],[85.915337,44.715800],[85.914347,44.716237],[85.914172,44.717004],[85.913725,44.717631],[85.912702,44.718103],[85.911797,44.718346],[85.910815,44.718336],[85.909468,44.718105],[85.907574,44.717289],[85.907478,44.716938],[85.907712,44.716447],[85.908575,44.715939],[85.910454,44.715258],[85.912121,44.714792],[85.913111,44.714343],[85.913784,44.712778],[85.913308,44.710707],[85.911613,44.708407],[85.911711,44.707444],[85.912026,44.706535],[85.912265,44.706216],[85.912568,44.705932],[85.913011,44.705795],[85.913896,44.705521],[85.914787,44.705633],[85.915058,44.705848],[85.915227,44.706263],[85.915232,44.706779],[85.914785,44.707044],[85.913608,44.707124],[85.912985,44.707319],[85.912809,44.707707],[85.912846,44.708287],[85.913073,44.708639],[85.913382,44.708901],[85.914021,44.709165],[85.914891,44.709099],[85.915367,44.708634],[85.916608,44.706351],[85.917016,44.706068],[85.917420,44.705981],[85.918039,44.706033],[85.918338,44.706408],[85.918146,44.707162],[85.918245,44.708450],[85.918955,44.709594],[85.919325,44.710005],[85.919644,44.710192],[85.919941,44.710212],[85.920892,44.709292],[85.922577,44.708340],[85.923695,44.707502],[85.923902,44.706804],[85.923764,44.706407],[85.921481,44.705322],[85.921141,44.705032],[85.921148,44.704665],[85.921502,44.704244],[85.923213,44.703550],[85.924133,44.703467],[85.924945,44.703522],[85.925804,44.704093],[85.926355,44.705218],[85.927193,44.706075],[85.928040,44.706429],[85.928942,44.706438],[85.930145,44.705843],[85.930631,44.704815],[85.930643,44.704172],[85.930274,44.703193],[85.929355,44.702403],[85.928300,44.701933],[85.926231,44.701612],[85.925852,44.701428],[85.925356,44.700804],[85.925285,44.700435],[85.925451,44.699247],[85.925356,44.698305],[85.924384,44.695856],[85.923944,44.695433],[85.922732,44.695208],[85.921683,44.695352],[85.920581,44.695341],[85.920053,44.695152],[85.919341,44.694491],[85.919248,44.693928],[85.919471,44.693098],[85.920248,44.692469],[85.921084,44.692064],[85.922042,44.692046],[85.922760,44.692420],[85.926976,44.695166],[85.927572,44.696022],[85.928337,44.696437],[85.929164,44.696601],[85.930059,44.696530],[85.931509,44.695944],[85.933006,44.694817],[85.934411,44.692887],[85.934898,44.691831],[85.935775,44.690566],[85.935805,44.689821],[85.935046,44.688724],[85.934947,44.688197],[85.935062,44.686768],[85.934980,44.686361],[85.935405,44.686127],[85.937734,44.686095],[85.938439,44.685844],[85.938785,44.685452],[85.939236,44.684149],[85.939474,44.683928],[85.940057,44.683722],[85.943892,44.683747],[85.945115,44.683445],[85.946258,44.682648],[85.947195,44.681643],[85.947521,44.681010],[85.946915,44.680653],[85.945804,44.680463],[85.940907,44.680449],[85.938020,44.680573],[85.936791,44.679946],[85.935726,44.678849],[85.936028,44.677631],[85.936647,44.676398],[85.936819,44.675368],[85.937426,44.674795],[85.938311,44.674408],[85.939818,44.674350],[85.940851,44.676456],[85.941804,44.677636],[85.942315,44.677917],[85.942933,44.678027],[85.943661,44.677886],[85.943982,44.677511],[85.944230,44.676739],[85.943977,44.674688],[85.943995,44.673713],[85.943441,44.673156],[85.943048,44.673030],[85.941529,44.672854],[85.940754,44.672496],[85.940195,44.671882],[85.939065,44.671325],[85.936134,44.671072],[85.934460,44.670667],[85.932802,44.669406],[85.932748,44.668843],[85.933033,44.668118],[85.934869,44.667428],[85.936615,44.667401],[85.937089,44.667618],[85.937230,44.669140],[85.937424,44.669824],[85.938063,44.670264],[85.938745,44.670465],[85.939496,44.670399],[85.940389,44.669853],[85.940975,44.668757],[85.941037,44.667152],[85.941184,44.666155],[85.941717,44.665185],[85.942841,44.664498],[85.944006,44.663984],[85.946328,44.663693],[85.949480,44.663458],[85.949850,44.663141],[85.949951,44.662787],[85.949781,44.662165],[85.949682,44.661802],[85.950183,44.661303],[85.952189,44.659989],[85.954424,44.658987],[85.956924,44.658906],[85.959411,44.658206],[85.960068,44.657060],[85.960554,44.655184],[85.960282,44.653695],[85.959929,44.653157],[85.959587,44.652913],[85.958778,44.653035],[85.958203,44.653330],[85.956834,44.654505],[85.956297,44.654757],[85.955886,44.654752],[85.955048,44.654284],[85.954436,44.653806],[85.954151,44.653120],[85.955092,44.646516],[85.954905,44.645240],[85.954453,44.644386],[85.954777,44.643380],[85.955550,44.641724],[85.955122,44.639550],[85.955604,44.638566],[85.958274,44.637822],[85.960317,44.637477],[85.960233,44.637047],[85.960447,44.636864],[85.961177,44.636619],[85.961863,44.636192],[85.962507,44.635825],[85.962636,44.635673],[85.962936,44.635367],[85.963280,44.635154],[85.963623,44.634970],[85.964395,44.634909],[85.965211,44.634665],[85.965812,44.634085],[85.966198,44.633627],[85.966498,44.633230],[85.966627,44.632955],[85.966584,44.632405],[85.966284,44.631977],[85.966026,44.631916],[85.965468,44.631916],[85.964910,44.632008],[85.964524,44.632130],[85.964310,44.632558],[85.963966,44.633168],[85.963065,44.633565],[85.962421,44.633962],[85.961735,44.634634],[85.961005,44.634818],[85.960447,44.634848],[85.959932,44.634665],[85.959675,44.634390],[85.959632,44.634237],[85.960276,44.633474],[85.961005,44.633138],[85.961477,44.632894],[85.961949,44.632558],[85.962293,44.632130],[85.962722,44.631672],[85.962808,44.631214],[85.962808,44.630664],[85.962808,44.630206],[85.962850,44.629504],[85.962979,44.629107],[85.963280,44.629046],[85.963323,44.628740],[85.963108,44.628557],[85.962335,44.628557],[85.961477,44.628679],[85.961263,44.628801],[85.960791,44.629107],[85.960276,44.629381],[85.959803,44.629809],[85.959074,44.630053],[85.958473,44.630084],[85.957701,44.629748],[85.956971,44.629259],[85.956489,44.628974],[85.956585,44.628861],[85.956585,44.628617],[85.956370,44.628189],[85.956198,44.627548],[85.955555,44.627212],[85.954997,44.626907],[85.954139,44.626449],[85.953280,44.626296],[85.952250,44.626052],[85.951607,44.625654],[85.950662,44.625074],[85.950276,44.624738],[85.950104,44.624402],[85.950062,44.623944],[85.949976,44.623425],[85.949976,44.623150],[85.949933,44.622753],[85.949976,44.622417],[85.950534,44.622142],[85.951392,44.621867],[85.952422,44.621775],[85.953237,44.621775],[85.953967,44.621775],[85.955555,44.621775],[85.956413,44.621897],[85.957143,44.622233],[85.957915,44.622692],[85.958688,44.622722],[85.959374,44.622661],[85.959846,44.622478],[85.960061,44.622356],[85.960404,44.621989],[85.960576,44.621775],[85.961177,44.621287],[85.960919,44.620737],[85.960490,44.620401],[85.959760,44.620126],[85.959073,44.618904],[85.959287,44.618751],[85.959717,44.618354],[85.960317,44.618232],[85.960961,44.617987],[85.961390,44.617865],[85.961734,44.617651],[85.961819,44.617285],[85.961648,44.616552],[85.961562,44.615880],[85.960747,44.615696],[85.959802,44.615482],[85.959159,44.615299],[85.958730,44.615055],[85.958386,44.614841],[85.958129,44.614505],[85.958215,44.613955],[85.958730,44.613558],[85.958858,44.613497],[85.959545,44.613008],[85.959888,44.612702],[85.960189,44.612275],[85.960446,44.611878],[85.960446,44.611755],[85.960575,44.611511],[85.960747,44.611083],[85.960875,44.610778],[85.961004,44.610442],[85.961176,44.610014],[85.961262,44.609831],[85.961562,44.609403],[85.961862,44.609250],[85.961991,44.609067],[85.962077,44.608731],[85.962077,44.608303],[85.962077,44.607753],[85.962077,44.607386],[85.961862,44.606928],[85.961433,44.606409],[85.961047,44.606134],[85.961090,44.605920],[85.961390,44.605767],[85.961304,44.605462],[85.961090,44.605125],[85.960532,44.605125],[85.959888,44.605125],[85.959202,44.605156],[85.958815,44.605187],[85.958000,44.605339],[85.957399,44.605614],[85.956755,44.606256],[85.956326,44.606684],[85.956069,44.607142],[85.955597,44.607631],[85.954781,44.608120],[85.953794,44.608486],[85.952850,44.608456],[85.952292,44.608456],[85.951606,44.608150],[85.950318,44.607784],[85.950104,44.607448],[85.949288,44.606684],[85.949159,44.606042],[85.949159,44.605370],[85.949073,44.604604],[85.949073,44.604085],[85.949073,44.603596],[85.949073,44.603077],[85.949116,44.602832],[85.949416,44.602404],[85.949760,44.602038],[85.950704,44.601977],[85.951262,44.601977],[85.951562,44.602007],[85.951863,44.602099],[85.952292,44.602252],[85.952635,44.602618],[85.953322,44.603077],[85.954051,44.603596],[85.955124,44.603627],[85.955854,44.603290],[85.955854,44.603107],[85.955854,44.602679],[85.955639,44.602190],[85.955639,44.601946],[85.955296,44.601702],[85.954781,44.601610],[85.954180,44.601365],[85.953665,44.600846],[85.953150,44.600388],[85.953193,44.599868],[85.953193,44.599593],[85.953193,44.598951],[85.953279,44.598524],[85.953751,44.598432],[85.953665,44.598126],[85.954094,44.598126],[85.954867,44.598126],[85.955725,44.598524],[85.956326,44.598890],[85.956798,44.599196],[85.956841,44.599563],[85.956927,44.599654],[85.957013,44.599746],[85.957270,44.600174],[85.958300,44.600479],[85.958772,44.600877],[85.959330,44.601121],[85.959845,44.601213],[85.960317,44.601213],[85.960660,44.600968],[85.961218,44.600540],[85.961604,44.600327],[85.961948,44.599990],[85.961991,44.599838],[85.961991,44.599410],[85.961948,44.598951],[85.962463,44.598401],[85.962463,44.598096],[85.962463,44.597699],[85.962291,44.597393],[85.961991,44.596996],[85.961733,44.596782],[85.961218,44.596599],[85.960360,44.597026],[85.959630,44.597179],[85.958901,44.597424],[85.957485,44.597393],[85.956583,44.596996],[85.955897,44.596415],[85.955596,44.595682],[85.955639,44.595346],[85.955682,44.594796],[85.955768,44.594368],[85.955940,44.593848],[85.956068,44.593390],[85.956240,44.592870],[85.956283,44.592442],[85.956326,44.591801],[85.956927,44.591312],[85.957270,44.590975],[85.958085,44.590762],[85.959373,44.590853],[85.960274,44.590853],[85.961004,44.590823],[85.961819,44.590517],[85.962291,44.590089],[85.962420,44.589447],[85.962291,44.588714],[85.961390,44.588194],[85.960403,44.588164],[85.959201,44.588164],[85.958343,44.588164],[85.957399,44.588194],[85.956970,44.588255],[85.956111,44.588469],[85.955167,44.588683],[85.954094,44.588500],[85.953322,44.588500],[85.952676,44.588227],[85.952247,44.587830],[85.951774,44.587463],[85.951217,44.587096],[85.950744,44.586852],[85.950401,44.586393],[85.950144,44.585538],[85.949457,44.584987],[85.949071,44.584712],[85.948427,44.584529],[85.947526,44.584284],[85.947054,44.584193],[85.945895,44.583459],[85.944908,44.583001],[85.944436,44.582817],[85.943964,44.582542],[85.943621,44.582236],[85.943363,44.581931],[85.943363,44.581900],[85.942806,44.581440],[85.942076,44.581073],[85.941475,44.580920],[85.941304,44.580645],[85.941261,44.580156],[85.941089,44.579636],[85.941089,44.579086],[85.941475,44.578536],[85.941990,44.578444],[85.942462,44.578383],[85.943321,44.578383],[85.943878,44.578413],[85.945037,44.578811],[85.945981,44.579208],[85.947011,44.579911],[85.947955,44.580125],[85.948985,44.580125],[85.949758,44.580003],[85.950316,44.579606],[85.950359,44.579239],[85.950101,44.578933],[85.948942,44.578597],[85.948127,44.578475],[85.946889,44.578265],[85.946502,44.578081],[85.945773,44.577684],[85.945344,44.576981],[85.945258,44.576736],[85.945043,44.576461],[85.944829,44.576094],[85.944571,44.575727],[85.944357,44.575422],[85.944142,44.575208],[85.944013,44.574902],[85.943970,44.574688],[85.943327,44.573893],[85.942468,44.573312],[85.941953,44.573190],[85.941524,44.573007],[85.941095,44.572823],[85.940537,44.572579],[85.940322,44.572365],[85.940194,44.571998],[85.940194,44.571875],[85.940448,44.571567],[85.940835,44.571475],[85.941650,44.571323],[85.942508,44.571292],[85.943238,44.571139],[85.943581,44.570803],[85.943925,44.570405],[85.944697,44.570314],[85.945298,44.569886],[85.945512,44.569549],[85.945598,44.569121],[85.946328,44.569091],[85.946886,44.569091],[85.947143,44.569030],[85.947486,44.568877],[85.948388,44.568754],[85.948946,44.568754],[85.949461,44.568357],[85.949804,44.567837],[85.950405,44.567501],[85.951606,44.567379],[85.951993,44.567012],[85.951735,44.566492],[85.951349,44.566370],[85.950877,44.566217],[85.950920,44.565850],[85.950362,44.565269],[85.950362,44.565086],[85.950619,44.564810],[85.951006,44.564443],[85.950877,44.564291],[85.950448,44.564229],[85.950061,44.564168],[85.949203,44.564168],[85.949074,44.564138],[85.948388,44.563954],[85.947916,44.563985],[85.947658,44.563985],[85.947100,44.564015],[85.946499,44.564199],[85.946070,44.564015],[85.946070,44.563068],[85.946199,44.562487],[85.946199,44.562120],[85.946027,44.561936],[85.946285,44.561478],[85.946242,44.561080],[85.946199,44.560774],[85.946671,44.560438],[85.946886,44.560071],[85.946843,44.559765],[85.947615,44.559429],[85.947873,44.559001],[85.947830,44.558634],[85.945427,44.558450],[85.943967,44.558145],[85.943324,44.558114],[85.942508,44.558481],[85.941393,44.558878],[85.940878,44.558664],[85.940534,44.558664],[85.940534,44.558900],[85.940446,44.558878],[85.939075,44.558533],[85.932551,44.554311],[85.932465,44.553087],[85.931521,44.552904],[85.931521,44.552598],[85.931178,44.552598],[85.930577,44.551864],[85.926629,44.551558],[85.925856,44.551497],[85.926114,44.550335],[85.925599,44.549785],[85.924654,44.549295],[85.923882,44.548378],[85.923453,44.547277],[85.923367,44.546665],[85.923195,44.546053],[85.923195,44.545258],[85.922595,44.543362],[85.922595,44.542933],[85.922938,44.542566],[85.922595,44.542016],[85.923624,44.541588],[85.923539,44.541159],[85.921136,44.540425],[85.921222,44.539263],[85.920191,44.538590],[85.920191,44.538101],[85.919934,44.537795],[85.919934,44.537244],[85.919419,44.536938],[85.918732,44.535898],[85.918818,44.534797],[85.919505,44.534185],[85.919505,44.533573],[85.919848,44.531799],[85.920535,44.530148],[85.920879,44.528128],[85.920535,44.525864],[85.919760,44.524878],[85.918560,44.523356],[85.922939,44.508911],[85.916759,44.506219],[85.913669,44.509646],[85.907059,44.507438],[85.906150,44.507134],[85.903885,44.493547],[85.901224,44.491037],[85.898134,44.490792],[85.897104,44.483444],[85.895988,44.482587],[85.896589,44.481852],[85.896331,44.472788],[85.884058,44.462437],[85.884488,44.457842],[85.885604,44.456127],[85.892384,44.451961],[85.899164,44.451777],[85.901139,44.447917],[85.903027,44.446324],[85.905002,44.446262],[85.906289,44.446262],[85.907662,44.446507],[85.909121,44.447304],[85.910581,44.447610],[85.912040,44.447426],[85.912555,44.446875],[85.912297,44.446017],[85.912125,44.445159],[85.911439,44.443811],[85.912984,44.443750],[85.914958,44.443689],[85.915902,44.443137],[85.916675,44.442463],[85.916675,44.441850],[85.916160,44.441850],[85.914785,44.440747],[85.914443,44.439889],[85.913928,44.439338],[85.914529,44.438602],[85.913583,44.437439],[85.912811,44.437133],[85.911523,44.436397],[85.911351,44.435110],[85.911351,44.433946],[85.910922,44.432965],[85.908777,44.432046],[85.907918,44.431249],[85.908004,44.429839],[85.908605,44.429288],[85.908862,44.428308],[85.908433,44.427755],[85.908777,44.427142],[85.911008,44.426775],[85.912200,44.426513],[85.911694,44.420305],[85.911633,44.418637],[85.909721,44.419695],[85.907876,44.420218],[85.905558,44.420968],[85.899593,44.421137],[85.893242,44.421045],[85.893048,44.418133],[85.892834,44.415359],[85.892448,44.415251],[85.892147,44.414760],[85.891353,44.414516],[85.890881,44.414118],[85.890795,44.413872],[85.889980,44.413764],[85.889401,44.410101],[85.889208,44.408813],[85.889486,44.408384],[85.889465,44.407250],[85.889937,44.406468],[85.890109,44.406160],[85.887148,44.402681],[85.885538,44.401454],[85.887040,44.399431],[85.893949,44.397866],[85.894561,44.397292],[85.894303,44.397054],[85.895194,44.396250],[85.895430,44.395935],[85.896492,44.395360],[85.896847,44.395053],[85.897254,44.394823],[85.898648,44.392914],[85.900805,44.389891],[85.901073,44.389331],[85.900923,44.385450],[85.900869,44.383065],[85.900687,44.380871],[85.900913,44.380787],[85.901213,44.380848],[85.901813,44.381101],[85.902210,44.381339],[85.902629,44.381538],[85.903037,44.381584],[85.903412,44.381630],[85.904345,44.381937],[85.906643,44.382727],[85.909061,44.383669],[85.909091,44.382701],[85.908138,44.365723],[85.907885,44.361227],[85.907856,44.360704],[85.907322,44.354941],[85.905348,44.337542],[85.904866,44.333289],[85.904790,44.332618],[85.913792,44.328820],[85.918470,44.322706],[85.926113,44.319582],[85.932450,44.318095],[85.935470,44.317387],[85.931192,44.298281],[85.935385,44.297700],[85.943113,44.296629],[85.946737,44.311411],[85.954203,44.309632],[85.952610,44.294249],[85.955447,44.293538],[85.957940,44.290735],[85.959361,44.289277],[85.960150,44.288466],[85.960331,44.286116],[85.960014,44.285161],[85.960888,44.277256],[85.962271,44.264743],[85.962762,44.258983],[85.965474,44.258510],[85.965718,44.256035],[85.966107,44.252094],[85.966333,44.249807],[85.966426,44.249581],[85.967444,44.249332],[85.968486,44.248803],[85.970192,44.247447],[85.970843,44.246753],[85.971104,44.246047],[85.971156,44.245337],[85.971010,44.244606],[85.970666,44.243882],[85.969695,44.243548],[85.969399,44.243493],[85.969350,44.243483],[85.969341,44.243481],[85.966740,44.242992],[85.966370,44.243031],[85.966725,44.240965],[85.967410,44.240342],[85.967547,44.239817],[85.967440,44.238708],[85.968231,44.237496],[85.970034,44.235303],[85.969418,44.233682],[85.969485,44.232555],[85.970168,44.232135],[85.970747,44.231012],[85.972565,44.226674],[85.976131,44.216956],[85.976433,44.215936],[85.976695,44.214347],[85.976793,44.211509],[85.977047,44.210453],[85.978026,44.208730],[85.978466,44.207616],[85.978998,44.206879],[85.979515,44.205252],[85.979555,44.204642],[85.979210,44.203657],[85.979637,44.202837],[85.979327,44.201363],[85.978412,44.199617],[85.978434,44.198392],[85.978359,44.198110],[85.977199,44.196786],[85.977022,44.196417],[85.976956,44.195597],[85.977393,44.194783],[85.977547,44.194208],[85.977479,44.193530],[85.977024,44.193126],[85.975606,44.192347],[85.975072,44.191917],[85.974531,44.191309],[85.973856,44.190104],[85.973536,44.188800],[85.973489,44.187799],[85.973890,44.185043],[85.973960,44.183281],[85.974206,44.182871],[85.974933,44.182484],[85.975715,44.182408],[85.978984,44.182435],[85.979607,44.182321],[85.980178,44.182093],[85.980972,44.181572],[85.982042,44.180644],[85.982621,44.179935],[85.982969,44.179316],[85.983454,44.178004],[85.983792,44.175151],[85.984019,44.174391],[85.984600,44.173230],[85.985728,44.172075],[85.986214,44.171287],[85.986535,44.170282],[85.986553,44.169795],[85.986305,44.168619],[85.985581,44.167702],[85.985357,44.166921],[85.985615,44.164532],[85.986089,44.163236],[85.986049,44.162540],[85.985459,44.160070],[85.985493,44.159569],[85.985706,44.159236],[85.986762,44.158490],[85.986780,44.158364],[85.986468,44.158103],[85.985689,44.157830],[85.985709,44.157603],[85.985890,44.157330],[85.986430,44.157044],[85.987124,44.157107],[85.990362,44.156802],[85.991218,44.156421],[85.991900,44.156417],[85.992420,44.156483],[85.993416,44.156942],[85.995043,44.157230],[85.996864,44.157448],[85.998526,44.157424],[85.999532,44.156687],[86.000366,44.156508],[86.001463,44.156383],[86.002410,44.156126],[86.003826,44.156295],[86.005539,44.155087],[86.006827,44.155008],[86.008778,44.155358],[86.009906,44.155175],[86.012421,44.155066],[86.016577,44.154246],[86.018083,44.154160],[86.019259,44.154345],[86.019732,44.154693],[86.019841,44.155315],[86.019985,44.155628],[86.020266,44.155802],[86.021439,44.156190],[86.025078,44.156478],[86.026935,44.156135],[86.027913,44.156596],[86.028676,44.156763],[86.029141,44.156741],[86.030604,44.156433],[86.032281,44.156853],[86.032816,44.156836],[86.033893,44.156462],[86.035027,44.156193],[86.036455,44.156498],[86.037879,44.156171],[86.038591,44.156404],[86.039568,44.156524],[86.040442,44.156424],[86.041423,44.156660],[86.042016,44.156901],[86.042881,44.156893],[86.046134,44.156068],[86.050187,44.156303],[86.051296,44.156914],[86.052045,44.157197],[86.053257,44.157438],[86.054048,44.157445],[86.056399,44.156957],[86.058833,44.156648],[86.059751,44.156991],[86.060978,44.157649],[86.062350,44.158526],[86.063802,44.158420],[86.063900,44.158843],[86.064271,44.159372],[86.064853,44.159743],[86.065916,44.160232],[86.066673,44.160333],[86.067889,44.160298],[86.069542,44.160033],[86.070656,44.159631],[86.071360,44.158886],[86.074049,44.157353],[86.077231,44.156810],[86.078303,44.156717],[86.079622,44.156729],[86.081042,44.155840],[86.083606,44.155751],[86.085130,44.155933],[86.087734,44.155998],[86.088342,44.155801],[86.088883,44.155320],[86.089607,44.154503],[86.089939,44.153968],[86.089778,44.152714],[86.089596,44.152349],[86.088893,44.151423],[86.076788,44.143395],[86.074026,44.141361],[86.072938,44.140009],[86.072568,44.139386],[86.072581,44.138589],[86.072701,44.138100],[86.073245,44.137872],[86.073975,44.137906],[86.074827,44.138534],[86.078424,44.140603],[86.080140,44.141070],[86.081129,44.141144],[86.082057,44.140973],[86.082523,44.140748],[86.082838,44.140474],[86.082950,44.139996],[86.082221,44.138207],[86.077622,44.131812],[86.077460,44.131313],[86.077815,44.130294],[86.078490,44.129708],[86.079567,44.129430],[86.085156,44.128298],[86.094795,44.126348],[86.096184,44.125958],[86.095970,44.125664],[86.095436,44.124922],[86.094696,44.124179],[86.093956,44.123435],[86.093216,44.122681],[86.092483,44.121938],[86.091545,44.121184],[86.090605,44.120430],[86.089660,44.119819],[86.088720,44.119065],[86.087980,44.118321],[86.087049,44.117566],[86.086102,44.116956],[86.085362,44.116203],[86.084423,44.115448],[86.083690,44.114704],[86.083148,44.113962],[86.082407,44.113218],[86.081866,44.112475],[86.081331,44.111742],[86.081186,44.111021],[86.081041,44.110291],[86.080696,44.109560],[86.080353,44.108837],[86.080017,44.108106],[86.079277,44.107352],[86.078735,44.106619],[86.077994,44.105866],[86.077046,44.105254],[86.076115,44.104499],[86.075168,44.103888],[86.074228,44.103133],[86.073288,44.102378],[86.072341,44.101766],[86.071408,44.101011],[86.070453,44.100399],[86.069514,44.099788],[86.068558,44.099176],[86.067595,44.098852],[86.066640,44.098231],[86.066113,44.097893],[86.065693,44.097619],[86.064760,44.096863],[86.063797,44.096395],[86.062864,44.095640],[86.062123,44.094895],[86.061580,44.094152],[86.061045,44.093418],[86.060899,44.092688],[86.060792,44.092157],[86.060181,44.091461],[86.056584,44.087365],[86.053887,44.082511],[86.047794,44.074621],[86.042607,44.068116],[86.038036,44.062075],[86.035354,44.056768],[86.031347,44.052794],[86.026348,44.049948],[86.022027,44.046197],[86.015545,44.040119],[86.009664,44.035191],[86.003809,44.029353],[85.996969,44.024634],[85.991670,44.021318],[85.986366,44.018001],[85.981078,44.014685],[85.974545,44.010204],[85.971321,44.007185],[85.970547,44.006459],[85.967559,44.003613],[85.967407,44.003070],[85.967407,44.002320],[85.967674,44.001788],[85.968427,44.001161],[85.968840,44.000290],[85.968792,43.999612],[85.968500,43.999055],[85.967795,43.998641],[85.965487,43.998248],[85.964612,43.997738],[85.964175,43.996793],[85.963932,43.995921],[85.963568,43.995242],[85.962644,43.994489],[85.962365,43.993847],[85.962536,43.992782],[85.963021,43.991767],[85.963215,43.990896],[85.962875,43.990362],[85.962195,43.990095],[85.960738,43.989801],[85.958746,43.989602],[85.957532,43.988873],[85.956634,43.987443],[85.956634,43.986378],[85.957057,43.985423],[85.958030,43.984215],[85.958054,43.983489],[85.957738,43.982398],[85.957738,43.981043],[85.957641,43.980050],[85.955698,43.978351],[85.955383,43.977334],[85.955504,43.976366],[85.956672,43.974778],[85.957061,43.973888],[85.956886,43.972900],[85.956536,43.972086],[85.955526,43.971483],[85.954632,43.970784],[85.954399,43.969893],[85.954574,43.969157],[85.955322,43.968104],[85.955574,43.967504],[85.955419,43.967077],[85.954583,43.966572],[85.952835,43.965736],[85.951494,43.965229],[85.949766,43.964877],[85.949028,43.964624],[85.948950,43.964198],[85.949513,43.963405],[85.950484,43.962361],[85.951426,43.959739],[85.953641,43.958524],[85.955195,43.958081],[85.956011,43.957986],[85.957643,43.958552],[85.958323,43.958553],[85.959159,43.958226],[85.960072,43.957318],[85.960363,43.956389],[85.960470,43.953262],[85.961422,43.952082],[85.961850,43.951328],[85.961889,43.950554],[85.961539,43.949894],[85.959868,43.948690],[85.958915,43.947835],[85.958876,43.946712],[85.959284,43.945512],[85.959673,43.944777],[85.959751,43.943616],[85.960101,43.942958],[85.961144,43.942656],[85.962030,43.942581],[85.962668,43.942412],[85.963352,43.942011],[85.963803,43.941377],[85.964067,43.940448],[85.964253,43.939302],[85.964502,43.938822],[85.965046,43.938436],[85.966835,43.937790],[85.968949,43.937207],[85.969581,43.936935],[85.970288,43.936355],[85.970965,43.935422],[85.971120,43.934956],[85.971081,43.934272],[85.970804,43.933828],[85.970449,43.933258],[85.969707,43.932817],[85.968360,43.932658],[85.966174,43.931949],[85.965029,43.931720],[85.964080,43.931673],[85.962830,43.931767],[85.959417,43.932663],[85.957617,43.932786],[85.956272,43.932555],[85.955577,43.932368],[85.954877,43.932360],[85.954153,43.932642],[85.953216,43.933168],[85.952112,43.933480],[85.951512,43.933509],[85.949970,43.933168],[85.948950,43.933167],[85.946599,43.933164],[85.944226,43.933356],[85.940950,43.933813],[85.940225,43.933852],[85.938432,43.933617],[85.937834,43.933647],[85.935129,43.934194],[85.933851,43.934256],[85.931243,43.933972],[85.929349,43.933917],[85.925085,43.933989],[85.923856,43.934048],[85.921413,43.934374],[85.919719,43.934357],[85.919215,43.934262],[85.918689,43.934022],[85.918482,43.933841],[85.918491,43.933374],[85.919053,43.933151],[85.921080,43.932925],[85.922469,43.932397],[85.922983,43.932004],[85.923203,43.931584],[85.923305,43.931001],[85.923078,43.930550],[85.922734,43.930215],[85.922293,43.929961],[85.921718,43.929869],[85.920945,43.929909],[85.920244,43.930082],[85.918007,43.931449],[85.917432,43.931522],[85.916804,43.931327],[85.916563,43.931087],[85.916006,43.930219],[85.915675,43.929208],[85.915538,43.929033],[85.915232,43.928916],[85.914634,43.928910],[85.914133,43.929049],[85.912168,43.930068],[85.911474,43.930138],[85.910819,43.930044],[85.909939,43.929619],[85.909217,43.929014],[85.907902,43.927142],[85.907277,43.926598],[85.906565,43.926168],[85.905594,43.925753],[85.905150,43.925657],[85.904164,43.925655],[85.903132,43.926027],[85.903027,43.926350],[85.903117,43.926891],[85.903496,43.927938],[85.903441,43.928225],[85.903007,43.928437],[85.902591,43.928433],[85.901851,43.928066],[85.900436,43.926469],[85.899356,43.925668],[85.897428,43.924930],[85.896438,43.924669],[85.895749,43.924231],[85.895478,43.923864],[85.895292,43.923408],[85.895230,43.922679],[85.894937,43.921959],[85.894125,43.921188],[85.892722,43.921109],[85.891024,43.921341],[85.889333,43.921437],[85.888588,43.921223],[85.887581,43.920631],[85.886894,43.920493],[85.883888,43.920578],[85.883463,43.920153],[85.882816,43.918860],[85.882282,43.918172],[85.881399,43.917516],[85.880598,43.917046],[85.879921,43.916860],[85.878663,43.916709],[85.877923,43.916444],[85.877529,43.916105],[85.877406,43.915718],[85.877412,43.914452],[85.877250,43.913414],[85.875404,43.911133],[85.875180,43.909871],[85.875229,43.909493],[85.874948,43.909249],[85.874418,43.909049],[85.870624,43.909004],[85.868284,43.909307],[85.867788,43.909268],[85.867396,43.908977],[85.867069,43.907859],[85.866484,43.906516],[85.865978,43.905862],[85.865327,43.905396],[85.864589,43.905030],[85.863502,43.904698],[85.862862,43.904405],[85.862421,43.904077],[85.861429,43.902714],[85.860937,43.902559],[85.859520,43.902578],[85.858727,43.902463],[85.858334,43.902244],[85.857966,43.901873],[85.857704,43.901447],[85.857446,43.900765],[85.856951,43.899932],[85.855859,43.898542],[85.854789,43.898041],[85.853259,43.897560],[85.852574,43.897051],[85.852187,43.896472],[85.851944,43.895772],[85.851615,43.895244],[85.851104,43.894777],[85.850195,43.894671],[85.849739,43.894725],[85.848931,43.894946],[85.848086,43.895502],[85.847536,43.895678],[85.846937,43.895770],[85.846242,43.895719],[85.844912,43.895332],[85.844608,43.895120],[85.844271,43.894537],[85.844154,43.893763],[85.843905,43.893464],[85.843476,43.893282],[85.841632,43.893148],[85.840099,43.892701],[85.839561,43.892337],[85.839251,43.892014],[85.838659,43.891023],[85.838047,43.890318],[85.837398,43.889903],[85.836538,43.889506],[85.836098,43.889178],[85.835662,43.888635],[85.835473,43.888130],[85.835499,43.886799],[85.835956,43.886227],[85.838058,43.885366],[85.838212,43.885032],[85.838123,43.884482],[85.837823,43.883953],[85.837367,43.883563],[85.836510,43.883209],[85.835282,43.882330],[85.834868,43.882158],[85.834498,43.882077],[85.832953,43.882103],[85.831743,43.881958],[85.831228,43.881798],[85.830761,43.881508],[85.830301,43.880999],[85.829514,43.878988],[85.829221,43.878582],[85.827995,43.877647],[85.827816,43.877332],[85.827865,43.875227],[85.827502,43.874405],[85.826988,43.873813],[85.825596,43.872720],[85.825164,43.872141],[85.825300,43.870494],[85.825108,43.869874],[85.825194,43.868840],[85.825230,43.867693],[85.825142,43.867485],[85.824834,43.867034],[85.823497,43.865975],[85.822441,43.865367],[85.821335,43.864913],[85.815721,43.862814],[85.814402,43.861796],[85.813227,43.859995],[85.811875,43.859276],[85.811709,43.858608],[85.811035,43.857718],[85.809787,43.856919],[85.809255,43.856404],[85.809138,43.855821],[85.809122,43.854737],[85.808939,43.853937],[85.809156,43.853520],[85.809604,43.853102],[85.809854,43.852568],[85.809754,43.852085],[85.809271,43.851469],[85.808656,43.850987],[85.807957,43.850638],[85.807458,43.850589],[85.802641,43.851088],[85.801744,43.850990],[85.801243,43.850607],[85.800927,43.849991],[85.800812,43.849207],[85.800412,43.848958],[85.799913,43.848958],[85.799381,43.849226],[85.798299,43.850128],[85.797649,43.850279],[85.796984,43.850197],[85.795653,43.849365],[85.794986,43.849216],[85.794787,43.848949],[85.794837,43.847465],[85.794970,43.847082],[85.796035,43.846297],[85.796219,43.846013],[85.796152,43.845663],[85.795686,43.845330],[85.793997,43.844474],[85.793364,43.843841],[85.792648,43.843475],[85.791866,43.843243],[85.791184,43.843177],[85.790151,43.842778],[85.788936,43.841963],[85.788004,43.841214],[85.786905,43.840282],[85.786297,43.839590],[85.786048,43.838374],[85.785998,43.837557],[85.786147,43.836706],[85.786414,43.836056],[85.786580,43.835122],[85.786613,43.833521],[85.786006,43.832963],[85.785689,43.832347],[85.785689,43.830963],[85.785556,43.829663],[85.785306,43.828863],[85.785181,43.825820],[85.784815,43.825287],[85.784282,43.824804],[85.784116,43.824388],[85.784199,43.824004],[85.784698,43.823603],[85.785864,43.822185],[85.786047,43.821634],[85.785997,43.821151],[85.785664,43.820885],[85.784232,43.820469],[85.783741,43.820078],[85.783341,43.819663],[85.783141,43.818978],[85.782875,43.818462],[85.782559,43.818212],[85.781843,43.817963],[85.780460,43.817764],[85.778812,43.817382],[85.777829,43.816850],[85.777230,43.816267],[85.777029,43.815783],[85.777179,43.815299],[85.777747,43.814683],[85.777995,43.814166],[85.777920,43.813557],[85.777372,43.813107],[85.777038,43.812690],[85.776871,43.812174],[85.776938,43.811708],[85.777288,43.811106],[85.777371,43.810624],[85.776822,43.808739],[85.776962,43.805947],[85.776797,43.805413],[85.775448,43.804381],[85.774747,43.804182],[85.774082,43.804182],[85.773699,43.804282],[85.772349,43.804851],[85.771749,43.804934],[85.771266,43.804801],[85.770566,43.804185],[85.770067,43.803435],[85.769733,43.802751],[85.769633,43.802251],[85.769983,43.801367],[85.769958,43.800192],[85.769658,43.797958],[85.768958,43.794774],[85.768300,43.793699],[85.767850,43.791232],[85.768017,43.790598],[85.768567,43.789697],[85.769250,43.788163],[85.769899,43.787779],[85.770708,43.786903],[85.771424,43.785586],[85.771890,43.785452],[85.773306,43.784801],[85.774273,43.784116],[85.775689,43.782648],[85.775872,43.782164],[85.776005,43.781314],[85.776388,43.780730],[85.776346,43.779988],[85.776613,43.779387],[85.777029,43.778820],[85.777745,43.776986],[85.777595,43.776652],[85.776946,43.775953],[85.776846,43.775602],[85.777237,43.772826],[85.777437,43.772126],[85.778103,43.771358],[85.778470,43.770674],[85.778370,43.770107],[85.777720,43.768841],[85.777504,43.767607],[85.777895,43.766731],[85.778012,43.765998],[85.779027,43.764363],[85.779144,43.763696],[85.778961,43.763146],[85.778111,43.761863],[85.777712,43.760929],[85.777328,43.760346],[85.776920,43.760238],[85.776321,43.760238],[85.774455,43.760657],[85.774039,43.760607],[85.773506,43.760107],[85.772873,43.759141],[85.772273,43.758524],[85.771490,43.758075],[85.770540,43.757692],[85.769857,43.757242],[85.768657,43.756209],[85.765716,43.755585],[85.764717,43.755252],[85.764383,43.754836],[85.764000,43.754069],[85.763950,43.753202],[85.764082,43.752051],[85.764049,43.751251],[85.763583,43.750601],[85.762917,43.750034],[85.760391,43.748376],[85.759591,43.747676],[85.759058,43.746942],[85.758874,43.746226],[85.759000,43.745266],[85.759383,43.744532],[85.759868,43.744032],[85.761701,43.743097],[85.761851,43.742781],[85.761735,43.742531],[85.759767,43.741998],[85.757900,43.741714],[85.756883,43.741765],[85.754476,43.742256],[85.753871,43.742190],[85.753288,43.741981],[85.753017,43.741606],[85.752912,43.741043],[85.753037,43.740272],[85.753433,43.739564],[85.754361,43.738636],[85.755153,43.737677],[85.755341,43.737156],[85.755361,43.736739],[85.754820,43.736010],[85.754382,43.735614],[85.753214,43.735093],[85.752047,43.734780],[85.751609,43.734405],[85.751630,43.733905],[85.752318,43.733009],[85.753902,43.731987],[85.754444,43.731404],[85.754486,43.730924],[85.754277,43.730362],[85.753631,43.729778],[85.752861,43.729236],[85.752235,43.729132],[85.751421,43.729236],[85.750254,43.729840],[85.749118,43.730601],[85.747679,43.731393],[85.746907,43.731476],[85.744301,43.731183],[85.740630,43.731724],[85.739128,43.731827],[85.738335,43.731535],[85.737918,43.731014],[85.738001,43.730451],[85.738700,43.729649],[85.740014,43.728462],[85.740369,43.727774],[85.739931,43.727169],[85.738241,43.725793],[85.738220,43.725001],[85.738095,43.724292],[85.737427,43.723416],[85.736906,43.722499],[85.736874,43.721092],[85.736561,43.720300],[85.736144,43.719779],[85.734496,43.718860],[85.733932,43.718318],[85.733181,43.716400],[85.733057,43.715608],[85.733349,43.715170],[85.733808,43.714879],[85.735143,43.714359],[85.736478,43.713422],[85.737324,43.712370],[85.737908,43.711120],[85.737866,43.710119],[85.737532,43.708472],[85.736479,43.704584],[85.736103,43.703835],[85.736103,43.702626],[85.735790,43.702084],[85.735039,43.701332],[85.733912,43.699373],[85.733432,43.697684],[85.733401,43.695944],[85.733693,43.694548],[85.733630,43.693609],[85.733359,43.693088],[85.732900,43.692713],[85.729498,43.690521],[85.727891,43.688832],[85.727171,43.687799],[85.726503,43.685777],[85.726169,43.684234],[85.725939,43.683734],[85.725125,43.683066],[85.723559,43.682022],[85.722370,43.681395],[85.721179,43.679852],[85.719749,43.678818],[85.719728,43.677234],[85.719978,43.676067],[85.720438,43.674880],[85.721921,43.673777],[85.722673,43.673006],[85.722777,43.672506],[85.721941,43.670921],[85.721796,43.669691],[85.721377,43.668503],[85.720355,43.667105],[85.719436,43.666145],[85.718768,43.665185],[85.718705,43.664664],[85.719269,43.663018],[85.719520,43.661434],[85.720626,43.659747],[85.720730,43.658809],[85.720501,43.656141],[85.720710,43.655349],[85.721179,43.654589],[85.721973,43.653882],[85.722056,43.653319],[85.721826,43.651380],[85.721659,43.650879],[85.720929,43.650378],[85.720532,43.649752],[85.720532,43.649128],[85.720908,43.648232],[85.721033,43.647627],[85.720814,43.647033],[85.720271,43.646533],[85.718642,43.645489],[85.717911,43.644571],[85.717514,43.643715],[85.717702,43.642506],[85.717577,43.641673],[85.717723,43.640838],[85.718099,43.640173],[85.719289,43.639194],[85.719634,43.638538],[85.719571,43.637788],[85.718987,43.637120],[85.718047,43.636348],[85.716293,43.634574],[85.715040,43.634092],[85.714268,43.633612],[85.713850,43.632799],[85.713391,43.632381],[85.712555,43.631984],[85.709776,43.631646],[85.708566,43.631353],[85.707594,43.630820],[85.707114,43.630194],[85.706925,43.629526],[85.706967,43.628797],[85.706779,43.626441],[85.706550,43.626066],[85.706424,43.624127],[85.706027,43.623522],[85.702799,43.621630],[85.701943,43.621337],[85.700543,43.621335],[85.699498,43.621062],[85.698600,43.620435],[85.697994,43.619683],[85.697325,43.619370],[85.693814,43.619364],[85.691526,43.620079],[85.690355,43.620285],[85.689101,43.620429],[85.688015,43.620447],[85.686280,43.620715],[85.683939,43.620231],[85.683040,43.620376],[85.682403,43.620739],[85.681901,43.621218],[85.681420,43.622009],[85.681023,43.622467],[85.679560,43.623110],[85.678891,43.623567],[85.677679,43.624149],[85.676571,43.624834],[85.675777,43.625021],[85.675108,43.624998],[85.673875,43.624746],[85.672328,43.624138],[85.671105,43.623834],[85.664939,43.622926],[85.664793,43.622675],[85.664875,43.622300],[85.665273,43.621697],[85.665357,43.621113],[85.665127,43.620654],[85.663936,43.619297],[85.662828,43.618711],[85.659954,43.617549],[85.659097,43.616943],[85.658073,43.616066],[85.657948,43.615190],[85.657550,43.614230],[85.656694,43.613291],[85.655293,43.612058],[85.654207,43.611619],[85.653621,43.611493],[85.651009,43.612113],[85.650048,43.611966],[85.649358,43.611610],[85.648794,43.610796],[85.648387,43.609326],[85.648533,43.608638],[85.648993,43.607993],[85.648700,43.606200],[85.647906,43.604427],[85.647216,43.603821],[85.641596,43.602374],[85.640259,43.601851],[85.639455,43.600922],[85.638828,43.599879],[85.637136,43.597875],[85.636008,43.597186],[85.634839,43.596601],[85.633836,43.595891],[85.631873,43.593532],[85.631403,43.592292],[85.630421,43.591331],[85.627791,43.589848],[85.623950,43.588448],[85.622509,43.587467],[85.621632,43.586736],[85.621131,43.585903],[85.621058,43.585142],[85.622332,43.580953],[85.622353,43.580119],[85.622102,43.579390],[85.621434,43.578889],[85.620933,43.578346],[85.620474,43.577177],[85.620244,43.576949],[85.619034,43.576719],[85.617928,43.576697],[85.616738,43.576800],[85.614850,43.577372],[85.613368,43.577662],[85.612846,43.577620],[85.612200,43.577391],[85.611553,43.576870],[85.611198,43.575994],[85.610468,43.573117],[85.610322,43.571762],[85.609842,43.571199],[85.608862,43.570844],[85.607735,43.570677],[85.606484,43.570614],[85.605775,43.570385],[85.603971,43.570124],[85.602344,43.570061],[85.600822,43.570249],[85.598946,43.571187],[85.598258,43.571374],[85.594839,43.571104],[85.593797,43.570896],[85.593047,43.570250],[85.592630,43.569541],[85.592567,43.567185],[85.592244,43.565924],[85.591744,43.565341],[85.590494,43.564299],[85.588035,43.561986],[85.586889,43.560673],[85.585358,43.558267],[85.584837,43.557225],[85.584171,43.556641],[85.582338,43.555892],[85.581838,43.555413],[85.581609,43.554830],[85.581692,43.554246],[85.581900,43.553724],[85.582379,43.553224],[85.582733,43.552431],[85.582839,43.551326],[85.583150,43.550680],[85.583587,43.549804],[85.584441,43.548699],[85.584421,43.548115],[85.584025,43.547531],[85.583337,43.546802],[85.583193,43.546177],[85.583193,43.545364],[85.583025,43.545030],[85.581919,43.544225],[85.581237,43.543141],[85.580686,43.542625],[85.579704,43.540524],[85.579604,43.539975],[85.579854,43.539590],[85.580237,43.539256],[85.580737,43.538472],[85.581803,43.537787],[85.582910,43.537411],[85.584278,43.537110],[85.587611,43.536475],[85.588861,43.536390],[85.589877,43.536207],[85.590261,43.535956],[85.590378,43.535655],[85.590278,43.535305],[85.589577,43.534505],[85.589361,43.534106],[85.589477,43.533822],[85.589911,43.533504],[85.590711,43.533187],[85.592061,43.532219],[85.593295,43.531885],[85.595229,43.531801],[85.596396,43.531651],[85.596842,43.531517],[85.597201,43.531185],[85.597487,43.530785],[85.595048,43.529555],[85.594025,43.529238],[85.592875,43.529008],[85.592273,43.529003],[85.590830,43.529167],[85.588552,43.529591],[85.587148,43.529938],[85.584196,43.531051],[85.583274,43.531213],[85.581615,43.531274],[85.579946,43.531219],[85.578735,43.530962],[85.577363,43.530426],[85.576575,43.530384],[85.575274,43.530502],[85.573415,43.530528],[85.571924,43.530425],[85.567771,43.530544],[85.565411,43.530492],[85.562378,43.530614],[85.559803,43.530910],[85.557749,43.530904],[85.555978,43.531198],[85.554324,43.531641],[85.552998,43.532252],[85.548934,43.533161],[85.547117,43.533789],[85.544427,43.534022],[85.542421,43.534325],[85.541235,43.534357],[85.539876,43.534071],[85.536677,43.533664],[85.534127,43.533181],[85.533125,43.532901],[85.532138,43.532863],[85.531018,43.533086],[85.529817,43.533509],[85.528490,43.534260],[85.524051,43.535684],[85.521262,43.535847],[85.519683,43.536188],[85.518686,43.536056],[85.518076,43.535694],[85.515823,43.534807],[85.514452,43.534166],[85.513157,43.533130],[85.511467,43.532168],[85.509832,43.530827],[85.509127,43.529890],[85.508995,43.529123],[85.506898,43.526141],[85.506381,43.524797],[85.506118,43.523733],[85.505765,43.523260],[85.505322,43.523022],[85.504086,43.522636],[85.502429,43.522758],[85.499033,43.524038],[85.496882,43.524748],[85.494982,43.525174],[85.494762,43.525101],[85.493663,43.523712],[85.492447,43.522560],[85.490260,43.520917],[85.489751,43.520324],[85.489424,43.519653],[85.489412,43.519157],[85.489899,43.518430],[85.489877,43.518172],[85.488932,43.516613],[85.488624,43.515106],[85.487653,43.512530],[85.487663,43.512116],[85.487795,43.511757],[85.487998,43.511534],[85.488799,43.511056],[85.489177,43.510699],[85.489613,43.510056],[85.489811,43.509058],[85.489746,43.508625],[85.489562,43.508119],[85.488561,43.506731],[85.488378,43.506171],[85.488330,43.504144],[85.486731,43.502975],[85.485785,43.502425],[85.484695,43.502059],[85.483309,43.500696],[85.483239,43.500262],[85.483775,43.499342],[85.483809,43.499007],[85.483764,43.498692],[85.483462,43.498324],[85.482637,43.497941],[85.481644,43.497773],[85.478201,43.497298],[85.475491,43.497154],[85.474270,43.497330],[85.472271,43.498279],[85.471199,43.498337],[85.469271,43.497451],[85.466583,43.496505],[85.464164,43.496162],[85.462741,43.496128],[85.460891,43.496293],[85.459391,43.496622],[85.459018,43.496441],[85.458308,43.495595],[85.457921,43.494642],[85.457838,43.493629],[85.457663,43.492844],[85.457241,43.491983],[85.456758,43.491565],[85.455556,43.491119],[85.454553,43.490891],[85.450610,43.490771],[85.449694,43.490169],[85.448047,43.488611],[85.447232,43.487112],[85.446584,43.484706],[85.446341,43.484097],[85.446032,43.483691],[85.444592,43.482890],[85.443196,43.481825],[85.442385,43.481324],[85.439401,43.480321],[85.437025,43.479756],[85.434808,43.479048],[85.434037,43.478898],[85.430711,43.478691],[85.428506,43.478773],[85.425022,43.479599],[85.422238,43.480377],[85.420944,43.480456],[85.419833,43.480345],[85.418955,43.480118],[85.417778,43.480170],[85.415212,43.480926],[85.414776,43.480985],[85.413772,43.480531],[85.412266,43.480241],[85.409063,43.480314],[85.407546,43.480633],[85.405798,43.480767],[85.403336,43.480220],[85.401916,43.480181],[85.399287,43.480321],[85.396608,43.480785],[85.394294,43.481070],[85.390713,43.481226],[85.389869,43.481391],[85.389312,43.481713],[85.388467,43.481907],[85.387190,43.481821],[85.386126,43.481572],[85.385314,43.481058],[85.383614,43.481038],[85.381382,43.481280],[85.377070,43.482022],[85.373685,43.482360],[85.370924,43.483165],[85.369635,43.484020],[85.367918,43.484763],[85.365603,43.484862],[85.363415,43.485160],[85.360650,43.485107],[85.359444,43.484777],[85.359255,43.484504],[85.359197,43.483302],[85.358023,43.482091],[85.357684,43.481902],[85.357342,43.481835],[85.356177,43.482061],[85.355059,43.482501],[85.353996,43.482686],[85.349348,43.483030],[85.348033,43.483230],[85.345097,43.484202],[85.339893,43.484460],[85.339392,43.484566],[85.338953,43.484803],[85.337781,43.485043],[85.335506,43.485119],[85.334361,43.485307],[85.332659,43.485787],[85.330513,43.486539],[85.328765,43.486608],[85.328297,43.486711],[85.326799,43.487409],[85.325130,43.488357],[85.324592,43.488798],[85.323716,43.490002],[85.323337,43.491070],[85.323216,43.492921],[85.323537,43.493644],[85.324067,43.494125],[85.324380,43.494564],[85.324599,43.495818],[85.324534,43.496444],[85.324603,43.497074],[85.325147,43.498518],[85.325189,43.498978],[85.325072,43.500115],[85.324392,43.501457],[85.324460,43.502039],[85.324342,43.502672],[85.323988,43.503353],[85.323436,43.503801],[85.323199,43.504205],[85.323094,43.504703],[85.323156,43.505229],[85.324182,43.507009],[85.324768,43.508680],[85.325177,43.510629],[85.325917,43.512287],[85.326164,43.513275],[85.326106,43.515106],[85.326185,43.515538],[85.326857,43.516757],[85.327432,43.517549],[85.327357,43.518228],[85.327055,43.518985],[85.326722,43.519364],[85.325961,43.519951],[85.324932,43.520556],[85.323454,43.521171],[85.323096,43.521402],[85.322310,43.522879],[85.321703,43.524386],[85.321339,43.524723],[85.320644,43.525343],[85.319060,43.526443],[85.317145,43.527464],[85.316382,43.528525],[85.315222,43.529173],[85.314477,43.529173],[85.313995,43.529079],[85.311142,43.528114],[85.306077,43.526871],[85.304915,43.526759],[85.303837,43.526868],[85.303076,43.526801],[85.300536,43.524979],[85.299222,43.523764],[85.296999,43.522310],[85.296657,43.521862],[85.296697,43.520454],[85.296444,43.519471],[85.296401,43.518502],[85.297068,43.516502],[85.297854,43.515032],[85.297962,43.513818],[85.297895,43.512936],[85.297616,43.512080],[85.297617,43.511608],[85.297354,43.510358],[85.297278,43.509439],[85.297285,43.509182],[85.297652,43.508630],[85.297757,43.508280],[85.297682,43.507922],[85.296873,43.507324],[85.296420,43.507146],[85.295656,43.506442],[85.293994,43.505431],[85.293200,43.505048],[85.291978,43.504639],[85.290668,43.503566],[85.287454,43.502453],[85.286812,43.502404],[85.286407,43.502514],[85.284644,43.503255],[85.283172,43.504089],[85.281108,43.505955],[85.280858,43.506282],[85.280447,43.506567],[85.277006,43.507171],[85.274526,43.507905],[85.273779,43.508043],[85.270421,43.509213],[85.269343,43.510096],[85.268353,43.511514],[85.267953,43.511793],[85.267516,43.511906],[85.266179,43.511960],[85.262251,43.511413],[85.260446,43.511601],[85.259552,43.511838],[85.258707,43.512229],[85.257958,43.512741],[85.257015,43.512639],[85.256393,43.512737],[85.255445,43.513032],[85.253864,43.513768],[85.253235,43.514212],[85.252716,43.514964],[85.252646,43.515248],[85.252656,43.517062],[85.252311,43.517582],[85.251907,43.518452],[85.251494,43.519890],[85.251457,43.520576],[85.251281,43.520851],[85.250718,43.521044],[85.248828,43.521219],[85.245941,43.521746],[85.244958,43.521634],[85.243531,43.521273],[85.242780,43.521182],[85.241829,43.520893],[85.241402,43.520653],[85.240961,43.520220],[85.240180,43.519171],[85.238365,43.517241],[85.237245,43.515560],[85.236733,43.515130],[85.235841,43.514961],[85.235109,43.514992],[85.234449,43.515181],[85.232849,43.515942],[85.229555,43.517102],[85.228818,43.517126],[85.228368,43.517049],[85.226868,43.516528],[85.225269,43.515788],[85.223387,43.515478],[85.221528,43.514804],[85.218231,43.513806],[85.217080,43.513251],[85.215178,43.511424],[85.214532,43.510245],[85.214270,43.509512],[85.213955,43.509343],[85.213120,43.509523],[85.212010,43.510071],[85.209966,43.510775],[85.209513,43.510804],[85.207429,43.510368],[85.205640,43.510626],[85.204228,43.510626],[85.203296,43.510470],[85.202442,43.510626],[85.202197,43.510745],[85.201813,43.511266],[85.201468,43.511459],[85.201023,43.511577],[85.200036,43.511612],[85.198834,43.512066],[85.196799,43.511962],[85.195573,43.512044],[85.193096,43.512632],[85.191007,43.512524],[85.189709,43.512779],[85.189400,43.512898],[85.189097,43.513500],[85.188948,43.514976],[85.188144,43.516274],[85.187968,43.516469],[85.187694,43.516565],[85.186002,43.516343],[85.185632,43.516214],[85.185211,43.515514],[85.184594,43.515146],[85.182556,43.515167],[85.181406,43.514977],[85.179600,43.515175],[85.178721,43.515063],[85.177410,43.514599],[85.175419,43.513617],[85.174239,43.513303],[85.171297,43.512099],[85.170982,43.511835],[85.170735,43.511447],[85.170504,43.510824],[85.170338,43.510894],[85.169631,43.511825],[85.168393,43.512971],[85.167596,43.513418],[85.165608,43.514009],[85.165300,43.514181],[85.164914,43.514674],[85.164881,43.515173],[85.166118,43.517381],[85.167940,43.519416],[85.167956,43.519807],[85.167659,43.520331],[85.167470,43.520972],[85.166755,43.522150],[85.166746,43.522447],[85.166971,43.522871],[85.167023,43.523392],[85.166914,43.523639],[85.162478,43.525965],[85.161783,43.526475],[85.161007,43.527430],[85.160868,43.528086],[85.160952,43.528680],[85.160904,43.529150],[85.160830,43.529348],[85.160444,43.529738],[85.160370,43.530493],[85.160936,43.532011],[85.159486,43.532940],[85.158309,43.533589],[85.157514,43.533919],[85.157237,43.534089],[85.157164,43.534261],[85.156803,43.535659],[85.156308,43.536860],[85.156222,43.537294],[85.156353,43.538535],[85.156250,43.544819],[85.156879,43.545896],[85.157035,43.546296],[85.157061,43.546654],[85.156950,43.546866],[85.156324,43.547328],[85.155000,43.547770],[85.154039,43.547978],[85.152063,43.548280],[85.149814,43.548459],[85.149103,43.548374],[85.146944,43.547822],[85.145995,43.547709],[85.142381,43.547684],[85.138255,43.547948],[85.136981,43.547798],[85.133477,43.547819],[85.127976,43.548069],[85.120679,43.549053],[85.119471,43.549303],[85.117447,43.550121],[85.116521,43.550354],[85.115483,43.550858],[85.114333,43.551731],[85.112827,43.552512],[85.111688,43.552989],[85.111104,43.553153],[85.108814,43.553413],[85.107986,43.553746],[85.106970,43.554671],[85.105926,43.555372],[85.105470,43.555572],[85.104460,43.555397],[85.101858,43.554710],[85.098111,43.553966],[85.096220,43.553837],[85.093159,43.553312],[85.092306,43.553322],[85.091484,43.553432],[85.090865,43.553620],[85.089792,43.554097],[85.087633,43.555426],[85.086185,43.556548],[85.085529,43.556784],[85.084266,43.556812],[85.082246,43.555959],[85.081535,43.555797],[85.078071,43.555902],[85.077319,43.556012],[85.076465,43.556432],[85.075885,43.556447],[85.075289,43.556342],[85.074397,43.556475],[85.072632,43.557235],[85.070913,43.558133],[85.067602,43.560252],[85.066013,43.560792],[85.065687,43.561381],[85.065668,43.563572],[85.065373,43.564260],[85.064345,43.564873],[85.062722,43.565412],[85.061714,43.565963],[85.061086,43.566348],[85.060699,43.566712],[85.060410,43.567177],[85.060336,43.567374],[85.060394,43.567672],[85.060688,43.568098],[85.060952,43.568401],[85.062059,43.569016],[85.062122,43.569191],[85.061944,43.569386],[85.061530,43.569527],[85.060289,43.569875],[85.059647,43.569912],[85.057817,43.568382],[85.056967,43.568044],[85.055580,43.567824],[85.055466,43.567671],[85.056239,43.563944],[85.056195,43.563470],[85.055949,43.562799],[85.055265,43.561926],[85.054745,43.561507],[85.053194,43.560844],[85.051844,43.559970],[85.050196,43.558557],[85.049602,43.557885],[85.048630,43.556369],[85.048049,43.555748],[85.046903,43.554852],[85.045000,43.552675],[85.042300,43.551277],[85.040617,43.550290],[85.039218,43.549282],[85.038090,43.548357],[85.037689,43.547897],[85.037607,43.547702],[85.037617,43.547315],[85.038194,43.545617],[85.038123,43.545057],[85.037666,43.544069],[85.037554,43.542927],[85.037194,43.542146],[85.037050,43.542014],[85.036815,43.541966],[85.032852,43.541905],[85.032158,43.541810],[85.031643,43.541659],[85.031092,43.541070],[85.030633,43.539939],[85.030177,43.539265],[85.028019,43.536716],[85.027767,43.536238],[85.027636,43.535257],[85.027874,43.533452],[85.028092,43.531793],[85.027850,43.529842],[85.027139,43.528710],[85.026509,43.528009],[85.025225,43.526876],[85.022636,43.525090],[85.021635,43.524535],[85.021553,43.524296],[85.021630,43.523781],[85.021888,43.523142],[85.021836,43.522000],[85.021592,43.521771],[85.020247,43.521140],[85.019347,43.520499],[85.018490,43.519660],[85.017942,43.518909],[85.017829,43.518226],[85.017904,43.517648],[85.018229,43.517087],[85.018627,43.516786],[85.020499,43.514430],[85.020487,43.513843],[85.020358,43.513641],[85.019762,43.513247],[85.018355,43.512606],[85.017069,43.511898],[85.014644,43.510786],[85.012468,43.509373],[85.011757,43.508839],[85.010811,43.507906],[85.010678,43.506838],[85.010605,43.506712],[85.010344,43.506583],[85.004429,43.506955],[85.003678,43.506867],[85.001609,43.505851],[85.000096,43.504685],[84.996775,43.502559],[84.995735,43.501751],[84.995222,43.501157],[84.995011,43.499755],[84.994613,43.499232],[84.993257,43.498659],[84.991526,43.498142],[84.990337,43.497573],[84.989848,43.497233],[84.989614,43.496777],[84.990391,43.495291],[84.990869,43.493718],[84.990671,43.491575],[84.991329,43.490728],[84.992680,43.489727],[84.994203,43.487787],[84.994559,43.487100],[84.994527,43.486795],[84.994079,43.486517],[84.989988,43.486009],[84.988092,43.485377],[84.985416,43.484075],[84.983291,43.482883],[84.982073,43.481955],[84.981186,43.481092],[84.980572,43.480159],[84.980242,43.479870],[84.979857,43.479740],[84.976856,43.479885],[84.975519,43.480040],[84.974011,43.480340],[84.973130,43.480681],[84.970645,43.482089],[84.969869,43.482341],[84.966954,43.483794],[84.965879,43.484868],[84.965192,43.485325],[84.963663,43.486106],[84.962227,43.486705],[84.959997,43.487289],[84.959054,43.487428],[84.958294,43.487373],[84.957322,43.487229],[84.956033,43.486879],[84.954829,43.486310],[84.952325,43.484728],[84.951731,43.484500],[84.950699,43.484309],[84.950072,43.484344],[84.949282,43.484516],[84.947644,43.484895],[84.946513,43.485097],[84.945549,43.485243],[84.944412,43.485325],[84.943653,43.485340],[84.943127,43.485360],[84.942523,43.485221],[84.942025,43.485009],[84.941252,43.484680],[84.940303,43.484085],[84.939264,43.483563],[84.938368,43.483232],[84.937420,43.482929],[84.936742,43.482841],[84.936138,43.482797],[84.935884,43.482783],[84.935259,43.483056],[84.934455,43.483562],[84.934181,43.483836],[84.933629,43.484491],[84.933425,43.484844],[84.933015,43.485196],[84.932788,43.485449],[84.932352,43.485919],[84.930938,43.487378],[84.929692,43.488609],[84.929167,43.489305],[84.929072,43.489393],[84.927902,43.489957],[84.927857,43.489989],[84.927393,43.490310],[84.926963,43.490556],[84.926643,43.490711],[84.926516,43.490787],[84.925989,43.491054],[84.925186,43.491529],[84.924610,43.491909],[84.924315,43.492150],[84.923946,43.492608],[84.923583,43.493199],[84.923266,43.493879],[84.923059,43.494708],[84.923030,43.495340],[84.923095,43.495913],[84.923220,43.496508],[84.923363,43.496927],[84.923490,43.497334],[84.923798,43.498010],[84.924049,43.498546],[84.924120,43.498797],[84.924482,43.499230],[84.924762,43.499584],[84.925141,43.499919],[84.925213,43.499990],[84.914044,43.508003],[84.906036,43.514097],[84.905465,43.514747],[84.905569,43.514957],[84.905641,43.515358],[84.904803,43.516205],[84.902931,43.517615],[84.902260,43.518579],[84.901322,43.519562],[84.900608,43.520048],[84.900097,43.520540],[84.899133,43.521601],[84.898888,43.522385],[84.898965,43.522645],[84.898899,43.524797],[84.898722,43.525547],[84.898246,43.526553],[84.898092,43.527089],[84.897746,43.528735],[84.897447,43.531583],[84.897176,43.532084],[84.896401,43.532398],[84.894221,43.532858],[84.892807,43.533535],[84.891073,43.534521],[84.891021,43.534869],[84.891855,43.537081],[84.892065,43.537895],[84.892071,43.538198],[84.891888,43.538888],[84.891306,43.539889],[84.890923,43.541386],[84.890936,43.542634],[84.891049,43.543057],[84.891455,43.543758],[84.890687,43.544189],[84.890234,43.544559],[84.890144,43.544778],[84.889551,43.547971],[84.889520,43.548581],[84.889062,43.549754],[84.889022,43.550107],[84.889129,43.550253],[84.890238,43.550813],[84.891155,43.551412],[84.892344,43.552286],[84.893327,43.553804],[84.893630,43.555506],[84.893589,43.556057],[84.893431,43.556444],[84.892832,43.557237],[84.890980,43.558748],[84.890519,43.559265],[84.890185,43.559492],[84.889889,43.559927],[84.889988,43.560047],[84.891456,43.560537],[84.893710,43.561485],[84.894586,43.562049],[84.895028,43.562741],[84.895077,43.563557],[84.894949,43.564172],[84.894261,43.565900],[84.894176,43.567658],[84.894327,43.568094],[84.895333,43.569029],[84.897980,43.570085],[84.898225,43.570515],[84.898294,43.571386],[84.898479,43.571958],[84.898492,43.572563],[84.898367,43.573077],[84.897775,43.573991],[84.897484,43.575864],[84.897168,43.576285],[84.896557,43.576729],[84.895143,43.577159],[84.893402,43.577219],[84.890446,43.576824],[84.883633,43.576788],[84.883093,43.576955],[84.882212,43.577421],[84.881651,43.577535],[84.880896,43.577522],[84.880041,43.577341],[84.879394,43.577067],[84.878830,43.577444],[84.872553,43.576466],[84.863210,43.575394],[84.861609,43.574439],[84.860518,43.573907],[84.858407,43.572458],[84.857879,43.571938],[84.856301,43.571726],[84.855689,43.571782],[84.854617,43.571720],[84.852479,43.571426],[84.851292,43.571099],[84.850530,43.570779],[84.849537,43.570091],[84.847442,43.570382],[84.846182,43.570680],[84.844025,43.570840],[84.842876,43.571813],[84.842616,43.571867],[84.842192,43.571768],[84.841236,43.571853],[84.838269,43.572633],[84.837805,43.573037],[84.835265,43.574755],[84.834557,43.575401],[84.834221,43.576379],[84.834501,43.576725],[84.834924,43.578401],[84.834877,43.578578],[84.838579,43.578907],[84.839055,43.579078],[84.841647,43.579336],[84.842913,43.579627],[84.843767,43.579936],[84.845020,43.580618],[84.847262,43.581330],[84.850507,43.581700],[84.853124,43.582861],[84.853607,43.583286],[84.853879,43.583707],[84.853985,43.584047],[84.853971,43.584456],[84.853655,43.585329],[84.852977,43.586033],[84.852715,43.586500],[84.852773,43.587158],[84.852653,43.588227],[84.852295,43.589111],[84.851686,43.590172],[84.850919,43.591054],[84.849838,43.593887],[84.848465,43.595707],[84.847451,43.596801],[84.846690,43.598408],[84.844414,43.600777],[84.843847,43.601517],[84.843198,43.602597],[84.843049,43.603440],[84.843034,43.604367],[84.843232,43.605725],[84.843191,43.606780],[84.843442,43.607750],[84.843091,43.608926],[84.843073,43.609417],[84.843422,43.609823],[84.843517,43.610116],[84.843429,43.610672],[84.843519,43.612306],[84.843212,43.613233],[84.843237,43.613598],[84.843595,43.614355],[84.843545,43.615374],[84.843608,43.615611],[84.844045,43.616511],[84.844003,43.616686],[84.843611,43.617062],[84.843491,43.618184],[84.843044,43.618850],[84.843175,43.620626],[84.843344,43.621337],[84.843816,43.621911],[84.843566,43.623122],[84.843700,43.623574],[84.843197,43.624498],[84.843612,43.625084],[84.844149,43.626201],[84.843874,43.626817],[84.844024,43.627328],[84.843985,43.627726],[84.843856,43.627832],[84.844328,43.628556],[84.844848,43.630369],[84.844869,43.630772],[84.844701,43.631542],[84.844740,43.631983],[84.845504,43.634055],[84.845549,43.634877],[84.845769,43.635616],[84.845833,43.635734],[84.847154,43.636534],[84.847277,43.637590],[84.847500,43.637925],[84.847656,43.638837],[84.849006,43.640037],[84.849420,43.640908],[84.850161,43.641315],[84.851849,43.641913],[84.852128,43.642162],[84.852475,43.642737],[84.852817,43.643021],[84.854078,43.643486],[84.854653,43.643912],[84.855924,43.645439],[84.856641,43.645994],[84.857128,43.646258],[84.858949,43.646901],[84.860068,43.647424],[84.861034,43.648052],[84.861268,43.648416],[84.861701,43.649546],[84.862202,43.649960],[84.862494,43.650629],[84.863518,43.651290],[84.863977,43.652084],[84.864638,43.652177],[84.865072,43.652092],[84.865823,43.652116],[84.866693,43.652387],[84.867539,43.652413],[84.868824,43.653168],[84.870095,43.653462],[84.870286,43.653645],[84.870558,43.654326],[84.870968,43.654712],[84.870988,43.655030],[84.870798,43.655611],[84.870865,43.655839],[84.871349,43.656245],[84.872035,43.657271],[84.872665,43.657753],[84.872671,43.658305],[84.872882,43.658689],[84.873850,43.659212],[84.874413,43.660086],[84.875187,43.660603],[84.875797,43.661549],[84.876811,43.662287],[84.877910,43.663421],[84.878143,43.663821],[84.878169,43.664551],[84.879373,43.665617],[84.879519,43.665901],[84.879572,43.666735],[84.880398,43.667279],[84.880575,43.667858],[84.880942,43.668394],[84.881036,43.669017],[84.881359,43.669275],[84.881418,43.669586],[84.881723,43.669922],[84.881787,43.670312],[84.882244,43.670844],[84.882281,43.671479],[84.882796,43.672017],[84.882937,43.672346],[84.882807,43.673301],[84.883121,43.673950],[84.883939,43.674985],[84.886139,43.677201],[84.886883,43.677630],[84.888387,43.679164],[84.889557,43.680552],[84.889778,43.680946],[84.890002,43.682411],[84.889865,43.684225],[84.890004,43.684934],[84.889930,43.685401],[84.889972,43.685555],[84.890452,43.685892],[84.890524,43.686082],[84.890375,43.687013],[84.890936,43.688035],[84.891079,43.688825],[84.891538,43.689777],[84.891579,43.689987],[84.891415,43.691088],[84.891509,43.691595],[84.891668,43.691946],[84.892226,43.692598],[84.892885,43.693645],[84.892734,43.696074],[84.892909,43.696852],[84.893021,43.699665],[84.893133,43.700023],[84.893443,43.700531],[84.893914,43.701121],[84.894031,43.701430],[84.894066,43.702249],[84.894146,43.702407],[84.895122,43.703365],[84.895086,43.703912],[84.895194,43.704206],[84.896536,43.706404],[84.896625,43.706693],[84.896659,43.707105],[84.896372,43.708273],[84.896356,43.708703],[84.896815,43.709888],[84.896472,43.711080],[84.896454,43.711583],[84.896592,43.711910],[84.897019,43.712457],[84.898512,43.713503],[84.898721,43.713859],[84.898816,43.714286],[84.898875,43.715128],[84.898749,43.715867],[84.898019,43.717455],[84.897987,43.717848],[84.898166,43.719256],[84.898131,43.720667],[84.897856,43.721662],[84.897879,43.721899],[84.898450,43.722593],[84.899971,43.723561],[84.900135,43.724605],[84.900774,43.725694],[84.900901,43.726308],[84.901149,43.726880],[84.901472,43.727447],[84.901907,43.727968],[84.902150,43.728601],[84.902900,43.729600],[84.903946,43.731544],[84.904323,43.732546],[84.904585,43.732955],[84.905736,43.734200],[84.905791,43.734469],[84.906160,43.735162],[84.906236,43.735523],[84.907174,43.737251],[84.908451,43.739074],[84.909653,43.740493],[84.909784,43.740856],[84.909854,43.741582],[84.910225,43.742506],[84.911465,43.743433],[84.913991,43.744696],[84.914178,43.744844],[84.914561,43.745541],[84.914996,43.745777],[84.916427,43.746309],[84.918309,43.746600],[84.920380,43.746833],[84.921639,43.746683],[84.922724,43.746736],[84.923692,43.747220],[84.923994,43.747802],[84.924956,43.748453],[84.925480,43.748992],[84.925736,43.749902],[84.925704,43.750502],[84.925471,43.751300],[84.924481,43.753457],[84.924315,43.754045],[84.924391,43.754401],[84.924844,43.755030],[84.925017,43.755593],[84.925063,43.756111],[84.924946,43.756751],[84.925198,43.757453],[84.925342,43.758409],[84.925340,43.758784],[84.925148,43.759230],[84.925280,43.759882],[84.925258,43.760202],[84.924645,43.761271],[84.924685,43.762990],[84.925110,43.764488],[84.926130,43.766377],[84.926153,43.766986],[84.925558,43.768245],[84.925527,43.768986],[84.925680,43.770101],[84.925337,43.770984],[84.925252,43.771983],[84.924830,43.772658],[84.923203,43.774132],[84.923015,43.774447],[84.922996,43.774680],[84.923054,43.774921],[84.923395,43.775312],[84.923465,43.775518],[84.923460,43.777180],[84.923546,43.777613],[84.923437,43.778568],[84.923035,43.779315],[84.923052,43.779442],[84.923217,43.779810],[84.923862,43.780703],[84.923881,43.782058],[84.924712,43.783359],[84.924723,43.783671],[84.924562,43.783844],[84.924437,43.784266],[84.924484,43.784804],[84.924666,43.785329],[84.924860,43.786429],[84.924686,43.786650],[84.924586,43.786977],[84.924312,43.787228],[84.923272,43.787496],[84.922899,43.787713],[84.922444,43.788330],[84.922005,43.789515],[84.921185,43.790444],[84.921053,43.791058],[84.921219,43.792023],[84.921382,43.792472],[84.921307,43.793190],[84.921140,43.793343],[84.921096,43.793546],[84.921168,43.794375],[84.920477,43.795245],[84.920389,43.795499],[84.920457,43.796454],[84.920782,43.797261],[84.920970,43.797597],[84.923075,43.799583],[84.923340,43.799916],[84.923591,43.800690],[84.925321,43.802565],[84.925398,43.802875],[84.925355,43.803835],[84.925581,43.804657],[84.925891,43.804959],[84.926391,43.805257],[84.926777,43.805657],[84.927626,43.807051],[84.927712,43.807789],[84.927929,43.808226],[84.929092,43.809210],[84.929765,43.809959],[84.929913,43.810819],[84.930131,43.811240],[84.931076,43.811823],[84.931024,43.812351],[84.931086,43.812472],[84.932527,43.813137],[84.933733,43.813889],[84.935622,43.815704],[84.935887,43.816069],[84.936914,43.816554],[84.937781,43.817124],[84.938609,43.817901],[84.938713,43.818098],[84.938662,43.818531],[84.938419,43.819104],[84.938590,43.819692],[84.940029,43.820591],[84.942366,43.822236],[84.944264,43.823967],[84.945734,43.825048],[84.946663,43.825570],[84.947539,43.826199],[84.947777,43.826527],[84.948477,43.828355],[84.948817,43.828753],[84.949968,43.829568],[84.950841,43.829925],[84.951395,43.830285],[84.951621,43.830776],[84.951618,43.831345],[84.951902,43.832346],[84.952027,43.834211],[84.952384,43.835227],[84.953096,43.836285],[84.953510,43.837301],[84.954693,43.838960],[84.954913,43.840027],[84.955054,43.840282],[84.955584,43.840832],[84.956124,43.841095],[84.958575,43.840929],[84.959521,43.840984],[84.961207,43.841305],[84.961940,43.841788],[84.962060,43.842654],[84.961704,43.844302],[84.961660,43.845115],[84.961236,43.845391],[84.959909,43.845837],[84.959604,43.846312],[84.959299,43.847315],[84.959419,43.848676],[84.960055,43.849853],[84.960042,43.850183],[84.958557,43.851382],[84.957416,43.852555],[84.956461,43.853385],[84.954664,43.854788],[84.952291,43.855549],[84.950660,43.856364],[84.948824,43.856473],[84.948306,43.856605],[84.947684,43.857065],[84.947047,43.857778],[84.945802,43.859743],[84.945377,43.860165],[84.944092,43.860810],[84.943720,43.861126],[84.943309,43.861866],[84.943204,43.862222],[84.942846,43.862551],[84.942394,43.864017],[84.941758,43.864717],[84.940380,43.865559],[84.939943,43.865888],[84.939692,43.866205],[84.939294,43.867565],[84.938500,43.868515],[84.937811,43.869782],[84.936710,43.870599],[84.936339,43.871021],[84.935863,43.872474],[84.935518,43.873966],[84.935439,43.874798],[84.935518,43.875921],[84.935849,43.876661],[84.936459,43.877481],[84.936591,43.877904],[84.936538,43.878802],[84.936631,43.879304],[84.937134,43.879860],[84.938035,43.880495],[84.938274,43.880839],[84.938287,43.881301],[84.938088,43.881710],[84.937267,43.882554],[84.936790,43.883254],[84.936697,43.883676],[84.936883,43.884165],[84.938062,43.885554],[84.938088,43.885937],[84.937930,43.886307],[84.937386,43.886900],[84.937188,43.887283],[84.937174,43.887627],[84.939997,43.888925],[84.940368,43.889296],[84.940977,43.890591],[84.941017,43.891265],[84.941163,43.891767],[84.941401,43.891979],[84.941865,43.892046],[84.942925,43.891942],[84.943535,43.891983],[84.944065,43.892169],[84.946305,43.893361],[84.947352,43.893614],[84.948890,43.893749],[84.949871,43.894002],[84.951064,43.894441],[84.952695,43.895395],[84.953716,43.895661],[84.955215,43.895902],[84.955878,43.896141],[84.956978,43.897082],[84.957575,43.897387],[84.958570,43.897653],[84.959923,43.898158],[84.960440,43.898516],[84.960745,43.899098],[84.960785,43.899957],[84.960652,43.901000],[84.959777,43.902279],[84.959658,43.902741],[84.959764,43.903111],[84.960202,43.903720],[84.960334,43.904130],[84.960440,43.904936],[84.960759,43.906007],[84.960772,43.906839],[84.960971,43.908213],[84.960825,43.908715],[84.960241,43.909479],[84.960228,43.909823],[84.960692,43.911079],[84.961959,43.911907],[84.962291,43.912225],[84.962371,43.912608],[84.962172,43.913242],[84.961376,43.914759],[84.961455,43.915050],[84.962702,43.915674],[84.962888,43.915859],[84.962834,43.916136],[84.962450,43.916413],[84.962039,43.916874],[84.961986,43.917112],[84.962450,43.917839],[84.962517,43.918183],[84.962397,43.918539],[84.962065,43.919014],[84.961986,43.919357],[84.962065,43.919648],[84.962570,43.920072],[84.963856,43.920841],[84.965196,43.922245],[84.965661,43.923144],[84.965740,43.924016],[84.965595,43.924874],[84.965209,43.925639],[84.963525,43.927616],[84.963306,43.928138],[84.963293,43.929776],[84.963134,43.930197],[84.962709,43.930474],[84.961899,43.930697],[84.961436,43.931051],[84.960665,43.931434],[84.957403,43.932113],[84.956846,43.932428],[84.956408,43.932929],[84.956348,43.933451],[84.956468,43.934310],[84.956481,43.935300],[84.956362,43.935974],[84.956096,43.936449],[84.955460,43.937332],[84.950706,43.942850],[84.948081,43.944839],[84.947737,43.945446],[84.946809,43.946462],[84.946385,43.947108],[84.945947,43.948785],[84.945112,43.950580],[84.945112,43.950936],[84.945430,43.951756],[84.945324,43.953341],[84.945126,43.954199],[84.945139,43.955005],[84.945232,43.955375],[84.946107,43.956776],[84.946186,43.958058],[84.946107,43.959564],[84.945895,43.960593],[84.945934,43.961558],[84.946173,43.962998],[84.946067,43.963698],[84.945749,43.964688],[84.945789,43.965203],[84.946325,43.966611],[84.945901,43.968750],[84.945477,43.970268],[84.945252,43.972949],[84.945132,43.973517],[84.945278,43.974257],[84.944906,43.976700],[84.945451,43.977982],[84.945503,43.979026],[84.945675,43.979409],[84.946590,43.980124],[84.946895,43.980943],[84.947466,43.981816],[84.948704,43.983278],[84.948943,43.983781],[84.949130,43.984613],[84.949447,43.985221],[84.950136,43.985989],[84.951847,43.986943],[84.953391,43.989291],[84.955513,43.991383],[84.955858,43.991951],[84.957244,43.993335],[84.957483,43.993930],[84.957880,43.995899],[84.958278,43.996798],[84.958371,43.997432],[84.958060,43.998692],[84.958347,44.000572],[84.958571,44.001213],[84.959061,44.002078],[84.959940,44.004081],[84.959986,44.006367],[84.960392,44.006941],[84.963830,44.010060],[84.965691,44.013901],[84.969750,44.018022],[84.974638,44.024129],[84.979103,44.029104],[84.984728,44.031926],[84.986522,44.032052],[84.988713,44.031891],[84.990714,44.032597],[84.992553,44.035009],[84.999397,44.038819],[85.001190,44.039233],[85.006762,44.039050],[85.010165,44.040028],[85.013997,44.042435],[85.016648,44.045700],[85.020487,44.048530],[85.021883,44.048666],[85.022473,44.048372],[85.023867,44.048220],[85.025476,44.049062],[85.025889,44.049915],[85.028104,44.051192],[85.031491,44.051160],[85.034095,44.052282],[85.036293,44.052694],[85.039510,44.054242],[85.042542,44.056648],[85.042757,44.057363],[85.041194,44.059230],[85.040812,44.059951],[85.040850,44.061814],[85.041470,44.063094],[85.041509,44.064668],[85.043124,44.065941],[85.045322,44.066353],[85.046325,44.066912],[85.046746,44.067909],[85.047948,44.068616],[85.051148,44.069298],[85.051960,44.070150],[85.052182,44.071152],[85.056391,44.072977],[85.063851,44.077767],[85.067653,44.079015],[85.070245,44.079279],[85.072057,44.080409],[85.072463,44.080974],[85.078685,44.083919],[85.079686,44.084188],[85.089145,44.090389],[85.094010,44.095338],[85.095468,44.096501],[85.095611,44.097052],[85.095685,44.097932],[85.095638,44.099773],[85.095499,44.100892],[85.095511,44.101975],[85.095923,44.106301],[85.096191,44.107783],[85.096270,44.108935],[85.096569,44.110116],[85.096698,44.112056],[85.096588,44.116567],[85.095940,44.123395],[85.095884,44.125137],[85.095357,44.128089],[85.094830,44.132503],[85.094015,44.136052],[85.092759,44.139984],[85.092445,44.142306],[85.092366,44.144361],[85.091799,44.147880],[85.092762,44.148959],[85.092835,44.149277],[85.092709,44.149556],[85.092357,44.149920],[85.092099,44.151295],[85.092127,44.151741],[85.092340,44.152178],[85.092393,44.152658],[85.092210,44.153021],[85.091147,44.154156],[85.091319,44.154795],[85.091080,44.156220],[85.090828,44.156991],[85.090313,44.157852],[85.090373,44.158763],[85.090578,44.159037],[85.090913,44.159276],[85.090967,44.159717],[85.090762,44.160113],[85.089092,44.161335],[85.088674,44.161971],[85.087842,44.163884],[85.087852,44.164234],[85.088054,44.164702],[85.088483,44.165091],[85.089041,44.166972],[85.089126,44.167775],[85.089078,44.168442],[85.088728,44.168993],[85.088577,44.169430],[85.088558,44.169761],[85.088653,44.169991],[85.088599,44.170211],[85.087581,44.171915],[85.087625,44.173708],[85.087745,44.173853],[85.087705,44.175065],[85.087848,44.176192],[85.088648,44.177808],[85.089104,44.178394],[85.089545,44.179416],[85.089874,44.179722],[85.090054,44.180091],[85.090070,44.180403],[85.091141,44.181943],[85.091348,44.182563],[85.091359,44.182871],[85.091495,44.183165],[85.091792,44.183497],[85.092105,44.184275],[85.092235,44.185551],[85.092522,44.186080],[85.092380,44.186826],[85.092453,44.187201],[85.092834,44.187805],[85.092998,44.188343],[85.093052,44.189445],[85.093195,44.189934],[85.094219,44.191400],[85.094217,44.191796],[85.093911,44.192138],[85.093877,44.192321],[85.093765,44.193868],[85.093425,44.194603],[85.093643,44.195519],[85.093536,44.197257],[85.093577,44.197574],[85.093792,44.197940],[85.094514,44.198571],[85.094772,44.198985],[85.094595,44.199691],[85.094739,44.200660],[85.094523,44.201210],[85.094112,44.201732],[85.094069,44.202008],[85.094100,44.202365],[85.094372,44.202689],[85.094488,44.203739],[85.094679,44.204050],[85.094945,44.207089],[85.095305,44.207461],[85.095148,44.207809],[85.095162,44.208012],[85.095534,44.208842],[85.095547,44.209100],[85.095440,44.209246],[85.095051,44.209353],[85.095116,44.209859],[85.094853,44.210318],[85.095024,44.210589],[85.095031,44.210767],[85.094565,44.211801],[85.094365,44.212831],[85.094405,44.213336],[85.094702,44.213928],[85.094905,44.214946],[85.095175,44.215448],[85.095119,44.216139],[85.095347,44.216361],[85.095479,44.216892],[85.095352,44.218329],[85.095546,44.218643],[85.095522,44.219374],[85.095618,44.219588],[85.096370,44.220446],[85.096461,44.220829],[85.097575,44.222117],[85.097801,44.222788],[85.098532,44.224305],[85.098894,44.224709],[85.099175,44.225320],[85.099338,44.225473],[85.099324,44.225749],[85.099898,44.226211],[85.099779,44.226725],[85.100192,44.227276],[85.100144,44.227688],[85.099811,44.228051],[85.099850,44.228239],[85.100691,44.228945],[85.100716,44.229237],[85.100458,44.229544],[85.100248,44.230099],[85.100655,44.230856],[85.100662,44.231327],[85.100361,44.231924],[85.100645,44.233580],[85.100365,44.234568],[85.100375,44.234925],[85.100641,44.235434],[85.100900,44.236935],[85.100883,44.237725],[85.101184,44.239292],[85.101324,44.240659],[85.102024,44.241777],[85.101664,44.243106],[85.102185,44.243831],[85.101989,44.244183],[85.102050,44.244412],[85.103039,44.245333],[85.103222,44.246042],[85.103892,44.246647],[85.104173,44.247061],[85.104652,44.248685],[85.104484,44.249392],[85.105287,44.249778],[85.105402,44.249915],[85.105376,44.250178],[85.105034,44.250579],[85.104934,44.250892],[85.105376,44.251578],[85.106049,44.253550],[85.106386,44.254899],[85.106480,44.255725],[85.106614,44.256120],[85.106616,44.256277],[85.106660,44.259908],[85.106703,44.263531],[85.106721,44.263730],[85.106989,44.267352],[85.107251,44.270974],[85.107510,44.274601],[85.107780,44.278223],[85.107597,44.279481],[85.107431,44.280690],[85.107536,44.280880],[85.107590,44.282676],[85.107807,44.283372],[85.109164,44.284445],[85.109647,44.284647],[85.110066,44.285019],[85.111278,44.285672],[85.111779,44.286609],[85.111797,44.286846],[85.112135,44.287257],[85.112238,44.288292],[85.112451,44.288606],[85.112487,44.289363],[85.112256,44.290536],[85.112421,44.291680],[85.112680,44.292139],[85.112760,44.292838],[85.112391,44.293681],[85.112383,44.293932],[85.112552,44.294381],[85.112497,44.294651],[85.112037,44.295218],[85.111985,44.295800],[85.112084,44.296968],[85.112018,44.297570],[85.112088,44.297928],[85.112282,44.298137],[85.112031,44.298880],[85.112051,44.299058],[85.112309,44.299422],[85.112320,44.299754],[85.111960,44.300431],[85.111953,44.300643],[85.112270,44.301315],[85.112390,44.302498],[85.111985,44.303115],[85.111626,44.304444],[85.111321,44.304863],[85.110608,44.305479],[85.110338,44.306538],[85.110330,44.307052],[85.109790,44.308386],[85.109658,44.309555],[85.110381,44.309715],[85.110816,44.309952],[85.111571,44.310528],[85.111795,44.311163],[85.111818,44.311902],[85.112016,44.312436],[85.112487,44.314565],[85.112499,44.316352],[85.113248,44.317866],[85.113546,44.319254],[85.113423,44.320546],[85.113427,44.321816],[85.113468,44.322071],[85.113778,44.322547],[85.113702,44.323477],[85.113913,44.325047],[85.113684,44.326015],[85.113241,44.327311],[85.113210,44.327699],[85.113295,44.327989],[85.113994,44.328650],[85.114226,44.329628],[85.114830,44.330551],[85.114815,44.330973],[85.114993,44.331606],[85.115114,44.332756],[85.114960,44.333526],[85.115222,44.334115],[85.115221,44.334766],[85.114760,44.336329],[85.114396,44.340056],[85.113921,44.343148],[85.113340,44.343750],[85.124855,44.340133],[85.133719,44.337536],[85.161171,44.329269],[85.161580,44.329186],[85.161927,44.329041],[85.168845,44.326956],[85.171304,44.326131],[85.173998,44.325387],[85.175152,44.325239],[85.175831,44.325230],[85.176984,44.325227],[85.177627,44.325206],[85.178418,44.325195],[85.179745,44.325241],[85.179814,44.325269],[85.179864,44.325273],[85.180065,44.325595],[85.180732,44.327346],[85.180765,44.329619],[85.181379,44.331157],[85.181906,44.332115],[85.181692,44.333686],[85.182130,44.334909],[85.181549,44.336313],[85.181829,44.337965],[85.181903,44.338282],[85.182212,44.339575],[85.181755,44.341691],[85.182204,44.343227],[85.181949,44.346135],[85.183462,44.350597],[85.184568,44.355643],[85.185115,44.358844],[85.185835,44.362121],[85.185742,44.363090],[85.186298,44.364815],[85.187019,44.367935],[85.187342,44.371519],[85.187592,44.372151],[85.188857,44.379185],[85.189222,44.380614],[85.189977,44.383573],[85.190139,44.385707],[85.191176,44.389292],[85.191023,44.390079],[85.191650,44.393530],[85.192440,44.395919],[85.192320,44.397562],[85.193748,44.401788],[85.194039,44.404711],[85.195096,44.407433],[85.196140,44.413111],[85.197590,44.419459],[85.197933,44.420399],[85.197807,44.422292],[85.198288,44.424572],[85.198328,44.425658],[85.198358,44.426483],[85.198590,44.427566],[85.198671,44.428752],[85.199210,44.431363],[85.199449,44.432945],[85.199675,44.434439],[85.200814,44.435767],[85.203656,44.438263],[85.204135,44.439963],[85.204464,44.442677],[85.205108,44.444739],[85.205945,44.446855],[85.206082,44.447547],[85.205925,44.449979],[85.207125,44.451379],[85.207829,44.453394],[85.208213,44.455049],[85.208728,44.455799],[85.209205,44.459861],[85.210161,44.461303],[85.210747,44.461576],[85.210575,44.463801],[85.210262,44.465253],[85.210343,44.465967],[85.210492,44.466519],[85.210850,44.467029],[85.211121,44.469008],[85.211369,44.469680],[85.211846,44.470355],[85.212429,44.472079],[85.212495,44.472830],[85.212357,44.473304],[85.212391,44.474210],[85.212541,44.474717],[85.212666,44.476056],[85.213200,44.478118],[85.212901,44.479214],[85.214039,44.479312],[85.215244,44.479545],[85.222711,44.480200],[85.228603,44.479298],[85.230229,44.479203],[85.236035,44.478605],[85.241914,44.478716],[85.250275,44.477610],[85.254648,44.476697],[85.254885,44.478553],[85.253328,44.480283],[85.253335,44.480572],[85.254152,44.481277],[85.254205,44.483563],[85.253633,44.484858],[85.255526,44.488845],[85.255762,44.490559],[85.254992,44.491707],[85.251641,44.493608],[85.246468,44.494393],[85.245491,44.495403],[85.243377,44.499150],[85.243005,44.500161],[85.243057,44.502447],[85.242477,44.503311],[85.240532,44.505486],[85.239968,44.507061],[85.239625,44.509646],[85.240037,44.510210],[85.240067,44.511353],[85.235728,44.513844],[85.235949,44.514702],[85.238389,44.516672],[85.238610,44.517521],[85.237215,44.517689],[85.236208,44.517413],[85.234424,44.517720],[85.233868,44.519592],[85.233974,44.524308],[85.234828,44.526731],[85.234851,44.527874],[85.234066,44.528457],[85.233745,44.531754],[85.233151,44.532186],[85.231565,44.532495],[85.230201,44.533941],[85.229454,44.536243],[85.229492,44.538097],[85.230117,44.539239],[85.229201,44.542681],[85.229438,44.544250],[85.230041,44.544671],[85.230269,44.545674],[85.228912,44.547696],[85.229342,44.549180],[85.229781,44.550687],[85.230390,44.551109],[85.232189,44.551226],[85.232418,44.552651],[85.231634,44.553234],[85.231442,44.553671],[85.233073,44.554937],[85.233875,44.555066],[85.234484,44.555490],[85.234934,44.557628],[85.234156,44.558498],[85.234789,44.560208],[85.235414,44.561198],[85.234240,44.562215],[85.233691,44.564654],[85.233928,44.566079],[85.236566,44.567765],[85.236779,44.568623],[85.236391,44.569058],[85.235407,44.569637],[85.235818,44.570345],[85.236833,44.570909],[85.237275,44.572472],[85.239509,44.574161],[85.238762,44.576606],[85.238800,44.578325],[85.239607,44.579297],[85.239256,44.581451],[85.239881,44.582297],[85.239737,44.584877],[85.240972,44.586434],[85.240819,44.588294],[85.241430,44.589005],[85.241072,44.590872],[85.240492,44.591448],[85.240508,44.592168],[85.241117,44.592591],[85.241139,44.593878],[85.239973,44.595174],[85.238655,44.598771],[85.235004,44.601181],[85.235100,44.601465],[85.235075,44.601972],[85.234797,44.602215],[85.234408,44.602403],[85.233566,44.602471],[85.232949,44.602624],[85.232327,44.602997],[85.231613,44.602631],[85.231019,44.603619],[85.230112,44.604224],[85.229934,44.605040],[85.229658,44.605333],[85.229724,44.605663],[85.229517,44.606235],[85.228969,44.606664],[85.228523,44.607449],[85.226963,44.608519],[85.226258,44.609139],[85.226242,44.609602],[85.226498,44.609988],[85.226835,44.610236],[85.226828,44.610429],[85.225847,44.612106],[85.225063,44.612737],[85.223000,44.613214],[85.222776,44.613419],[85.222687,44.613914],[85.222846,44.614674],[85.223158,44.615253],[85.223146,44.615645],[85.222926,44.615900],[85.222658,44.616113],[85.222198,44.616262],[85.220314,44.616778],[85.220525,44.616998],[85.220518,44.617215],[85.219411,44.617215],[85.219077,44.617490],[85.218529,44.617652],[85.218347,44.617929],[85.218015,44.618157],[85.217320,44.618132],[85.217144,44.618222],[85.216790,44.619327],[85.216500,44.620508],[85.216888,44.621122],[85.216986,44.622323],[85.216915,44.623387],[85.214819,44.623971],[85.213883,44.624739],[85.212863,44.624882],[85.212453,44.624925],[85.212097,44.625650],[85.212141,44.626430],[85.211290,44.627041],[85.210327,44.627227],[85.210228,44.627497],[85.210129,44.627759],[85.210334,44.628050],[85.210384,44.628604],[85.209775,44.628931],[85.209364,44.629371],[85.208789,44.629787],[85.208486,44.630181],[85.208060,44.630537],[85.208046,44.630948],[85.207863,44.631318],[85.207847,44.631928],[85.207649,44.632538],[85.206615,44.632994],[85.205892,44.633577],[85.204858,44.634047],[85.204094,44.634573],[85.203805,44.634945],[85.203017,44.636107],[85.200738,44.636182],[85.198712,44.635504],[85.186756,44.635918],[85.179893,44.634708],[85.163080,44.631525],[85.160811,44.630891],[85.150190,44.629718],[85.141647,44.629405],[85.131447,44.628820],[85.119820,44.628072],[85.118269,44.627823],[85.116080,44.627825],[85.112368,44.627467],[85.103316,44.627693],[85.099190,44.627796],[85.093608,44.627935],[85.081814,44.627963],[85.078864,44.627371],[85.068360,44.626379],[85.065200,44.625716],[85.055088,44.624382],[85.046780,44.623117],[85.018256,44.619649],[85.019509,44.632371],[85.021783,44.650311],[85.022113,44.653035],[85.023643,44.665647],[85.023623,44.666221],[85.023852,44.668079],[85.024220,44.670030],[85.024406,44.674495],[85.024615,44.675593],[85.024834,44.678200],[85.024998,44.678793],[85.025254,44.681588],[85.025102,44.682601],[85.025452,44.685603],[85.025342,44.686690],[85.026042,44.688199],[85.026816,44.689256],[85.027517,44.690473],[85.028989,44.691688],[85.030225,44.692450],[85.033308,44.693531],[85.037886,44.694735],[85.039937,44.695185],[85.041838,44.695915],[85.043487,44.696058],[85.045317,44.696576],[85.052880,44.698130],[85.052348,44.701721],[85.050423,44.712878],[85.050493,44.713131],[85.050676,44.713225],[85.051897,44.713341],[85.052025,44.714299],[85.052654,44.716137],[85.053116,44.717064],[85.054008,44.718185],[85.054130,44.718957],[85.054792,44.723165],[85.054406,44.723351],[85.053518,44.724483],[85.053245,44.726642],[85.050844,44.732733],[85.049385,44.736003],[85.047629,44.739195],[85.046596,44.740205],[85.041371,44.742551],[85.038746,44.743350],[85.035508,44.744528],[85.031624,44.745585],[85.026679,44.748397],[85.023985,44.749693],[85.021954,44.750606],[85.019371,44.751548],[85.015326,44.752852],[85.012936,44.754010],[85.010856,44.754854],[85.010403,44.755283],[85.018808,44.757822],[85.026635,44.760479],[85.030590,44.761620],[85.037218,44.763799],[85.037578,44.764140],[85.044666,44.768493],[85.046778,44.769790],[85.047406,44.770204],[85.047462,44.770456],[85.047130,44.772961],[85.046793,44.778013],[85.046436,44.783362],[85.045999,44.787391],[85.045993,44.788962],[85.045888,44.790155],[85.045709,44.790904],[85.045593,44.791031],[85.045308,44.791105],[85.043430,44.791420],[85.042722,44.791619],[85.042320,44.791987],[85.040997,44.793641],[85.040200,44.794198],[85.038823,44.794882],[85.036606,44.796309],[85.035627,44.796666],[85.034891,44.796827],[85.034321,44.797137],[85.033552,44.797720],[85.031953,44.799343],[85.031055,44.801804],[85.030205,44.802882],[85.029226,44.803756],[85.026490,44.806690],[85.025988,44.807716],[85.024218,44.810535],[85.023682,44.811222],[85.022984,44.812466],[85.022501,44.813840],[85.022072,44.814475],[85.021555,44.815956],[85.020815,44.818792],[85.020669,44.820306],[85.019950,44.822665],[85.019627,44.826579],[85.019797,44.831581],[85.020152,44.834827],[85.020519,44.836126],[85.020494,44.837199],[85.020607,44.838551],[85.026359,44.845931],[85.029880,44.850269],[85.032055,44.859636],[85.031793,44.860567],[85.031645,44.862136],[85.030300,44.870911],[85.028567,44.880982],[85.027668,44.884617],[85.027148,44.886207],[85.027135,44.886595],[85.027639,44.887889],[85.028984,44.890515],[85.029335,44.891638],[85.030204,44.893678],[85.030616,44.895258],[85.031359,44.896840],[85.032748,44.900542],[85.033225,44.901662],[85.033645,44.902649],[85.034211,44.904407],[85.034510,44.904802],[85.035474,44.907684],[85.036131,44.909013],[85.036549,44.910434],[85.037240,44.912174],[85.038199,44.913301],[85.039514,44.915061],[85.041896,44.918481],[85.043612,44.920946],[85.050074,44.929865],[85.051032,44.931351],[85.051536,44.931816],[85.059956,44.934462],[85.064982,44.936216],[85.075248,44.939567],[85.080286,44.941384],[85.084797,44.942755],[85.091080,44.945296],[85.107115,44.951383],[85.114493,44.954270],[85.120092,44.956269],[85.127893,44.959379],[85.131258,44.960567],[85.136432,44.962660],[85.147987,44.967630],[85.155480,44.970699],[85.156033,44.971025],[85.158234,44.977861],[85.160298,44.985372],[85.161621,44.989570],[85.162767,44.993741],[85.165361,45.001585],[85.171715,45.022676],[85.194987,45.029618],[85.213365,45.027982],[85.214271,45.027970],[85.220349,45.024715],[85.221705,45.024300],[85.225116,45.023597],[85.239602,45.020017],[85.240849,45.019709],[85.242026,45.020877],[85.242910,45.020999],[85.255355,45.028892],[85.258432,45.031577],[85.259699,45.034432],[85.260157,45.037436],[85.257874,45.044474],[85.254577,45.051515],[85.253395,45.052820],[85.251600,45.054124],[85.251440,45.055985],[85.253333,45.060118],[85.253555,45.061408],[85.251593,45.064285],[85.250327,45.071745],[85.249548,45.073047],[85.248549,45.073626],[85.248006,45.074238],[85.247480,45.074595],[85.246852,45.074729],[85.246270,45.074720],[85.245750,45.074916],[85.242687,45.076564],[85.240869,45.077999],[85.238461,45.080225],[85.238438,45.081004],[85.238758,45.083625],[85.239115,45.085444],[85.238877,45.085875],[85.237932,45.086329],[85.237042,45.086934],[85.236782,45.087307],[85.236699,45.087723],[85.236683,45.088258],[85.237056,45.091423],[85.237913,45.101902],[85.238419,45.110001],[85.238608,45.116106],[85.238911,45.117397],[85.239144,45.119014],[85.241022,45.127803],[85.241211,45.129703],[85.242005,45.133435],[85.242457,45.134102],[85.243213,45.135994],[85.244411,45.138536],[85.245272,45.140071],[85.246683,45.142943],[85.247173,45.144346],[85.248618,45.149968],[85.248622,45.150963],[85.248999,45.151763],[85.249430,45.154122],[85.250023,45.156355],[85.250398,45.158363],[85.250295,45.158629],[85.249954,45.158974],[85.248378,45.160112],[85.245216,45.163073],[85.241755,45.166139],[85.239344,45.168092],[85.238688,45.168692],[85.238392,45.169093],[85.232566,45.174252],[85.221620,45.187666],[85.216641,45.194055],[85.210834,45.201268],[85.206125,45.206910],[85.205924,45.207300],[85.206035,45.210912],[85.205905,45.213936],[85.205916,45.220707],[85.205719,45.224724],[85.205751,45.227826],[85.205623,45.228927],[85.204830,45.232368],[85.204280,45.234313],[85.203528,45.236971],[85.202069,45.242630],[85.201666,45.243456],[85.201925,45.244200],[85.204178,45.248214],[85.205368,45.250931],[85.206504,45.252711],[85.208624,45.254797],[85.209387,45.255318],[85.213197,45.258490],[85.214806,45.259951],[85.216823,45.261552],[85.218338,45.262969],[85.220014,45.264189],[85.222480,45.266590],[85.224339,45.268005],[85.225152,45.269212],[85.225820,45.270525],[85.226496,45.271221],[85.227582,45.273184],[85.235796,45.285600],[85.235987,45.285981],[85.237697,45.289396],[85.239406,45.292803],[85.239485,45.293054],[85.240553,45.296587],[85.241619,45.300129],[85.242687,45.303670],[85.243051,45.306136],[85.243573,45.309734],[85.244093,45.313336],[85.244632,45.315980],[85.245369,45.319561],[85.245465,45.321739],[85.245639,45.325355],[85.245813,45.328971],[85.244937,45.331679],[85.243799,45.335204],[85.242664,45.338734],[85.241917,45.340895],[85.240719,45.344412],[85.240250,45.346382],[85.239409,45.349951],[85.238576,45.353519],[85.238395,45.354938],[85.237960,45.358546],[85.239020,45.360754],[85.240668,45.364182],[85.242326,45.367606],[85.244245,45.369155],[85.244982,45.369752],[85.239926,45.375002],[85.239505,45.375559],[85.241500,45.378890],[85.244613,45.383676],[85.245674,45.385790],[85.247209,45.387894],[85.249430,45.391262],[85.251098,45.394121],[85.252486,45.396039],[85.274884,45.410564],[85.276601,45.411877],[85.277421,45.413005],[85.280180,45.417282],[85.280690,45.417901],[85.280968,45.418135],[85.281360,45.418167],[85.281746,45.418336],[85.282504,45.418845],[85.282845,45.419549],[85.282994,45.420712],[85.283475,45.421363],[85.285904,45.421648],[85.287875,45.422052],[85.288327,45.422074],[85.289425,45.421933],[85.292132,45.421369],[85.294252,45.420714],[85.296977,45.420444],[85.297917,45.420034],[85.298515,45.419629],[85.299382,45.419349],[85.302359,45.419296],[85.304240,45.418837],[85.304967,45.418522],[85.305372,45.418466],[85.306152,45.418660],[85.306890,45.419217],[85.307868,45.419714],[85.311911,45.421042],[85.313383,45.421876],[85.314344,45.421992],[85.315424,45.422276],[85.316573,45.422390],[85.318510,45.423041],[85.320416,45.423478],[85.321419,45.423481],[85.323169,45.423247],[85.350596,45.427984],[85.353714,45.428770],[85.363444,45.430923],[85.382025,45.434854],[85.388119,45.436233],[85.389236,45.436642],[85.391743,45.437899],[85.394499,45.439577],[85.397776,45.441321],[85.410459,45.448403],[85.413079,45.450202],[85.419635,45.453808],[85.421020,45.454754],[85.423533,45.455673],[85.426076,45.456767],[85.429133,45.457717],[85.430738,45.458423],[85.432724,45.459041],[85.433684,45.459471],[85.434431,45.459881],[85.438952,45.464425],[85.443933,45.468998],[85.447196,45.472287],[85.451448,45.476207],[85.461911,45.486429],[85.463990,45.488349],[85.473224,45.496681],[85.475864,45.498849],[85.478668,45.501536],[85.483167,45.505238],[85.491699,45.512643],[85.492423,45.513461],[85.492907,45.514376],[85.493936,45.516617],[85.498315,45.525474],[85.501974,45.533638],[85.502431,45.534166],[85.509050,45.544458],[85.510246,45.546683],[85.511350,45.548152],[85.511720,45.548477],[85.514186,45.549914],[85.516084,45.550893],[85.522878,45.555230],[85.529052,45.558918],[85.531373,45.560542],[85.532807,45.562811],[85.533685,45.563915],[85.534494,45.565368],[85.536554,45.568174],[85.538421,45.571067],[85.540626,45.574230],[85.541017,45.574927],[85.541248,45.575627],[85.543435,45.586875],[85.543583,45.587774],[85.543541,45.588985],[85.543893,45.589344],[85.544263,45.589469],[85.545157,45.589557],[85.545343,45.589668],[85.545755,45.590712],[85.546096,45.590837],[85.546446,45.591304],[85.547013,45.592270],[85.547335,45.593113],[85.547775,45.593318],[85.548414,45.593346],[85.549316,45.593159],[85.550272,45.593111],[85.552804,45.593539],[85.553237,45.593752],[85.553431,45.594063],[85.553557,45.595380],[85.553770,45.595670],[85.556310,45.597001],[85.556444,45.597299],[85.556215,45.597672],[85.556218,45.598014],[85.556452,45.598184],[85.556670,45.598266],[85.558005,45.598268],[85.558423,45.598347],[85.561943,45.600165],[85.563808,45.600352],[85.564699,45.600584],[85.565672,45.601037],[85.566396,45.601751],[85.566762,45.602709],[85.566627,45.604317],[85.566925,45.604993],[85.566394,45.605354],[85.566016,45.605480],[85.565547,45.605930],[85.564685,45.606505],[85.564288,45.607340],[85.564341,45.607582],[85.564574,45.607819],[85.565605,45.608064],[85.568145,45.608134],[85.568136,45.608522],[85.566842,45.609402],[85.566243,45.610092],[85.565665,45.611343],[85.565793,45.612351],[85.566548,45.613023],[85.567071,45.613354],[85.567389,45.613861],[85.567352,45.614314],[85.567208,45.614561],[85.566198,45.615614],[85.566144,45.615841],[85.566165,45.615986],[85.566930,45.616817],[85.566997,45.617204],[85.567230,45.617357],[85.567646,45.617376],[85.570295,45.616982],[85.570819,45.617059],[85.571710,45.617545],[85.572311,45.618086],[85.573470,45.618851],[85.573695,45.619290],[85.574954,45.619548],[85.575126,45.619859],[85.575074,45.620681],[85.575288,45.620915],[85.575457,45.621334],[85.576967,45.623104],[85.577869,45.624534],[85.580065,45.627006],[85.587104,45.633628],[85.590981,45.637499],[85.592552,45.638888],[85.594667,45.639974],[85.595959,45.640432],[85.596793,45.641140],[85.596916,45.641458],[85.596723,45.641895],[85.595377,45.643271],[85.594897,45.644121],[85.594809,45.647016],[85.595481,45.648132],[85.595346,45.648519],[85.594543,45.649486],[85.594199,45.650382],[85.593968,45.650722],[85.591969,45.651627],[85.591807,45.651800],[85.591828,45.651907],[85.592194,45.652164],[85.591943,45.652393],[85.591601,45.652516],[85.590601,45.652554],[85.590122,45.652770],[85.590070,45.652934],[85.590376,45.653330],[85.590632,45.653467],[85.591315,45.653602],[85.591509,45.653964],[85.591597,45.654420],[85.598573,45.674787],[85.602715,45.687632],[85.605036,45.693723],[85.606565,45.698336],[85.610951,45.710015],[85.612308,45.713974],[85.613258,45.718980],[85.614121,45.722615],[85.616244,45.738141],[85.616817,45.742924],[85.617840,45.747004],[85.619031,45.752431],[85.619466,45.753655],[85.620548,45.758705],[85.621361,45.763049],[85.623848,45.764384],[85.626155,45.765851],[85.629469,45.767639],[85.635886,45.771674],[85.637292,45.772361],[85.640834,45.773736],[85.642495,45.775236],[85.642808,45.775641],[85.642632,45.776515],[85.642265,45.777329],[85.642255,45.777729],[85.642368,45.778015],[85.642924,45.778774],[85.643857,45.779254],[85.644430,45.779303],[85.645935,45.779875],[85.646768,45.780554],[85.647726,45.781510],[85.647936,45.782198],[85.647929,45.782507],[85.647769,45.782688],[85.647056,45.782988],[85.645335,45.783407],[85.643615,45.784261],[85.643342,45.784700],[85.643230,45.785826],[85.642984,45.786615],[85.642047,45.787246],[85.641690,45.787659],[85.641650,45.788351],[85.642287,45.789195],[85.648832,45.794134],[85.649649,45.794951],[85.651549,45.796334],[85.652594,45.796891],[85.653672,45.797623],[85.655407,45.799104],[85.656661,45.799751],[85.657648,45.800737],[85.659419,45.802252],[85.659857,45.802479],[85.661501,45.802543],[85.662173,45.802987],[85.662803,45.803688],[85.663275,45.803983],[85.663761,45.804156],[85.665216,45.804151],[85.665800,45.804259],[85.666376,45.804722],[85.666458,45.805295],[85.666654,45.805598],[85.666949,45.805765],[85.668292,45.805963],[85.669751,45.806534],[85.670061,45.806839],[85.670074,45.807027],[85.669786,45.807829],[85.669907,45.808006],[85.670174,45.808088],[85.671695,45.808084],[85.672698,45.807956],[85.673043,45.808035],[85.673557,45.808351],[85.673730,45.808354],[85.673892,45.808348],[85.674342,45.808045],[85.674952,45.807832],[85.675929,45.808033],[85.676270,45.808313],[85.676408,45.808544],[85.676281,45.809085],[85.676317,45.809595],[85.677272,45.809971],[85.678896,45.810415],[85.679789,45.810890],[85.681068,45.810974],[85.681353,45.811078],[85.681795,45.811615],[85.681852,45.812000],[85.682068,45.812224],[85.684363,45.812376],[85.684593,45.812525],[85.684845,45.812791],[85.684892,45.813301],[85.684326,45.813966],[85.684396,45.814309],[85.684708,45.814501],[85.686134,45.815217],[85.687856,45.815307],[85.688076,45.815410],[85.688288,45.815797],[85.688298,45.816127],[85.688468,45.816297],[85.689287,45.816353],[85.690339,45.816167],[85.690655,45.816225],[85.691009,45.816706],[85.691108,45.817041],[85.691094,45.817659],[85.691224,45.817736],[85.691668,45.817700],[85.692214,45.817386],[85.693105,45.817176],[85.693399,45.817389],[85.693518,45.817666],[85.693512,45.817946],[85.692901,45.818476],[85.692752,45.818675],[85.692779,45.818830],[85.693625,45.819237],[85.694201,45.819708],[85.694564,45.819813],[85.695479,45.819846],[85.695667,45.819995],[85.695708,45.820271],[85.694989,45.821055],[85.694953,45.821309],[85.695582,45.821551],[85.695675,45.821707],[85.695760,45.822138],[85.695559,45.822565],[85.695628,45.822909],[85.695912,45.823079],[85.697083,45.823182],[85.699151,45.822821],[85.699701,45.822854],[85.699888,45.823044],[85.699883,45.823253],[85.699552,45.823845],[85.699546,45.824087],[85.699701,45.824357],[85.700625,45.824774],[85.701167,45.825181],[85.701796,45.825398],[85.704072,45.825595],[85.704702,45.825812],[85.704754,45.826134],[85.703979,45.826763],[85.703835,45.827049],[85.703926,45.827225],[85.704712,45.827403],[85.705273,45.827740],[85.705686,45.827770],[85.706063,45.827742],[85.706848,45.827464],[85.707657,45.827428],[85.707762,45.827550],[85.707677,45.827850],[85.707340,45.828201],[85.706991,45.828789],[85.707081,45.829036],[85.707298,45.829202],[85.708200,45.829314],[85.708340,45.829462],[85.708292,45.829958],[85.708373,45.830088],[85.708863,45.830141],[85.709518,45.829740],[85.709934,45.829603],[85.710723,45.829676],[85.711101,45.829881],[85.711174,45.830082],[85.711091,45.830323],[85.710422,45.831046],[85.710460,45.831443],[85.710755,45.831643],[85.711559,45.831832],[85.712029,45.832214],[85.712905,45.832609],[85.713294,45.832869],[85.713506,45.833281],[85.713677,45.833404],[85.714023,45.833454],[85.714612,45.833349],[85.716369,45.833417],[85.716555,45.833649],[85.716502,45.833895],[85.715573,45.834213],[85.715218,45.834563],[85.715154,45.834750],[85.715211,45.834843],[85.715635,45.835026],[85.717916,45.835115],[85.718874,45.835335],[85.719422,45.835718],[85.719436,45.836403],[85.719734,45.836465],[85.721396,45.836486],[85.722460,45.836298],[85.723659,45.836434],[85.723667,45.836856],[85.722496,45.837601],[85.722101,45.838106],[85.722074,45.838778],[85.722564,45.839314],[85.723192,45.839589],[85.724271,45.839468],[85.726044,45.838872],[85.726738,45.838860],[85.726908,45.838991],[85.727015,45.839293],[85.726975,45.839489],[85.725282,45.841059],[85.725355,45.841281],[85.725652,45.841351],[85.726846,45.841191],[85.727287,45.841284],[85.727610,45.841521],[85.727944,45.841555],[85.728679,45.841355],[85.729517,45.841311],[85.729706,45.841434],[85.729825,45.841690],[85.729724,45.841923],[85.729158,45.842388],[85.729121,45.842696],[85.729262,45.842798],[85.729626,45.842823],[85.729988,45.842686],[85.731052,45.841939],[85.731958,45.841803],[85.732106,45.842135],[85.731946,45.843636],[85.732099,45.843993],[85.732329,45.844150],[85.733411,45.843920],[85.733679,45.843945],[85.733974,45.844115],[85.734195,45.844414],[85.734008,45.844755],[85.732866,45.845768],[85.732839,45.846189],[85.734333,45.846482],[85.734695,45.846620],[85.734911,45.846865],[85.734907,45.847019],[85.734648,45.847379],[85.733670,45.847777],[85.733653,45.847986],[85.733776,45.848087],[85.734656,45.848352],[85.734884,45.848810],[85.735116,45.848888],[85.735373,45.848891],[85.735549,45.848772],[85.736021,45.848268],[85.736323,45.848130],[85.736670,45.848113],[85.736908,45.848157],[85.737496,45.848607],[85.739238,45.848527],[85.740742,45.849141],[85.741806,45.849717],[85.742208,45.850144],[85.742265,45.850541],[85.742135,45.850761],[85.741276,45.851477],[85.741316,45.851812],[85.741570,45.851936],[85.742059,45.851975],[85.742601,45.851826],[85.743752,45.851927],[85.743987,45.851863],[85.744279,45.851612],[85.745014,45.851357],[85.745958,45.851376],[85.746308,45.851514],[85.746507,45.851704],[85.746520,45.851904],[85.746000,45.852449],[85.746026,45.852604],[85.746292,45.852728],[85.746850,45.852660],[85.747589,45.852764],[85.747698,45.852945],[85.747610,45.853916],[85.747722,45.854026],[85.748883,45.854461],[85.749376,45.854884],[85.749371,45.855084],[85.749033,45.855489],[85.749077,45.855665],[85.750781,45.855651],[85.751208,45.855789],[85.751483,45.856055],[85.751522,45.856431],[85.751354,45.857018],[85.751409,45.857228],[85.751550,45.857329],[85.752687,45.857268],[85.752979,45.857003],[85.754552,45.856135],[85.755116,45.856049],[85.755433,45.856278],[85.755425,45.856654],[85.755226,45.857002],[85.754423,45.857611],[85.754356,45.857945],[85.754532,45.858097],[85.755794,45.858294],[85.755968,45.859089],[85.755728,45.860189],[85.755998,45.860417],[85.756417,45.860423],[85.757595,45.860076],[85.758346,45.860194],[85.758940,45.860825],[85.759178,45.861422],[85.758914,45.862012],[85.757632,45.862749],[85.757329,45.863456],[85.757573,45.863767],[85.757859,45.863812],[85.758267,45.863708],[85.760193,45.862585],[85.760634,45.862589],[85.761821,45.863462],[85.762533,45.863670],[85.763260,45.863744],[85.763724,45.864342],[85.763899,45.865095],[85.764523,45.865544],[85.764481,45.865761],[85.763735,45.866597],[85.763825,45.866865],[85.764168,45.866952],[85.765500,45.866682],[85.766169,45.866689],[85.766394,45.866775],[85.765386,45.868067],[85.765751,45.868271],[85.766858,45.868458],[85.767036,45.869061],[85.767533,45.869241],[85.769099,45.868639],[85.769446,45.868685],[85.769440,45.868885],[85.769042,45.869674],[85.768974,45.870033],[85.769157,45.870360],[85.769522,45.870589],[85.770034,45.870678],[85.772885,45.870264],[85.773325,45.870319],[85.773656,45.871074],[85.773936,45.871335],[85.774242,45.871497],[85.775101,45.871530],[85.775345,45.871858],[85.775183,45.872166],[85.774467,45.872693],[85.774377,45.872960],[85.774460,45.873069],[85.774874,45.873182],[85.775725,45.873082],[85.777155,45.872611],[85.777598,45.872591],[85.777917,45.872753],[85.777874,45.873061],[85.776083,45.874121],[85.776080,45.874279],[85.777014,45.874681],[85.777389,45.875044],[85.777718,45.875798],[85.778000,45.875993],[85.779617,45.875792],[85.780605,45.875317],[85.780952,45.875337],[85.781105,45.875431],[85.780942,45.875780],[85.779606,45.876276],[85.779597,45.876677],[85.779976,45.876856],[85.780357,45.876835],[85.780986,45.876515],[85.782252,45.876435],[85.782532,45.876789],[85.782791,45.878035],[85.783062,45.878673],[85.783496,45.879036],[85.784030,45.879191],[85.785212,45.879737],[85.785431,45.880065],[85.785516,45.880533],[85.786048,45.880822],[85.787310,45.880926],[85.788005,45.880841],[85.791054,45.880009],[85.791742,45.880216],[85.791828,45.880593],[85.791727,45.880834],[85.790442,45.881791],[85.790314,45.882215],[85.790389,45.882633],[85.790703,45.882945],[85.791297,45.883059],[85.792094,45.882649],[85.793168,45.882634],[85.794321,45.883421],[85.795417,45.884024],[85.796395,45.884017],[85.797186,45.883849],[85.797686,45.883962],[85.798283,45.884476],[85.798319,45.885512],[85.798429,45.885997],[85.798706,45.886417],[85.799514,45.887093],[85.799787,45.887755],[85.800125,45.888134],[85.800467,45.888270],[85.801696,45.888281],[85.801979,45.888443],[85.802013,45.888551],[85.801656,45.889033],[85.801613,45.889408],[85.801798,45.889652],[85.802292,45.889923],[85.803175,45.889973],[85.804441,45.889876],[85.804591,45.890161],[85.804618,45.890537],[85.804839,45.890806],[85.805551,45.891013],[85.805889,45.891350],[85.806009,45.891877],[85.805784,45.892359],[85.805837,45.892694],[85.807429,45.893501],[85.808461,45.893802],[85.808933,45.894049],[85.809858,45.894850],[85.810521,45.895098],[85.813021,45.894744],[85.813617,45.894749],[85.813924,45.894927],[85.814204,45.895197],[85.814140,45.895397],[85.813277,45.896182],[85.813319,45.896959],[85.814537,45.897479],[85.815918,45.897600],[85.816235,45.897861],[85.816346,45.898221],[85.815703,45.899318],[85.815313,45.899715],[85.815426,45.900000],[85.815685,45.900136],[85.816663,45.900103],[85.818198,45.900333],[85.821633,45.902041],[85.821972,45.902378],[85.821872,45.902594],[85.820615,45.902809],[85.820095,45.903138],[85.820160,45.903448],[85.821533,45.903944],[85.823105,45.904066],[85.823351,45.904285],[85.823571,45.904579],[85.823529,45.904862],[85.823111,45.905477],[85.822806,45.906359],[85.823048,45.906762],[85.823713,45.906918],[85.824118,45.906921],[85.824718,45.906751],[85.825613,45.906717],[85.826555,45.906725],[85.827781,45.906869],[85.828063,45.907088],[85.828004,45.908173],[85.828286,45.908376],[85.829792,45.908740],[85.830770,45.908790],[85.831645,45.909173],[85.832407,45.909246],[85.832653,45.909423],[85.833266,45.910364],[85.833955,45.910478],[85.834616,45.910834],[85.834610,45.911101],[85.834371,45.911717],[85.834386,45.912711],[85.834840,45.913182],[85.835809,45.913675],[85.836313,45.914122],[85.836705,45.914743],[85.837171,45.915273],[85.837316,45.915783],[85.837020,45.916265],[85.836477,45.918248],[85.837005,45.918678],[85.838918,45.919045],[85.839296,45.919223],[85.839444,45.919558],[85.839417,45.919733],[85.838701,45.920320],[85.838532,45.920962],[85.838559,45.921405],[85.838992,45.921826],[85.839719,45.921857],[85.844881,45.920881],[85.848151,45.921460],[85.848613,45.922199],[85.849906,45.923712],[85.850433,45.924134],[85.850813,45.924271],[85.851184,45.924232],[85.851606,45.924052],[85.852106,45.924081],[85.852136,45.924391],[85.851825,45.925557],[85.852044,45.925918],[85.852448,45.926005],[85.852831,45.925991],[85.853974,45.925533],[85.855098,45.924833],[85.856171,45.924341],[85.857166,45.924082],[85.858592,45.923852],[85.860759,45.924088],[85.862513,45.924704],[85.864471,45.924696],[85.865959,45.924926],[85.866837,45.925200],[85.867237,45.925513],[85.867743,45.927020],[85.868023,45.927373],[85.868960,45.927690],[85.869491,45.928004],[85.869650,45.928364],[85.869699,45.928916],[85.869103,45.930063],[85.868712,45.930452],[85.868707,45.930719],[85.868932,45.930829],[85.870759,45.930828],[85.871175,45.930941],[85.871361,45.931184],[85.870825,45.932282],[85.870376,45.932654],[85.870406,45.932896],[85.870655,45.933007],[85.873880,45.933018],[85.875296,45.933273],[85.875765,45.933694],[85.875971,45.934180],[85.876344,45.934610],[85.877700,45.934930],[85.879694,45.934990],[85.881448,45.935715],[85.881532,45.936284],[85.880703,45.936527],[85.880602,45.936785],[85.880656,45.937052],[85.880878,45.937322],[85.880870,45.937714],[85.880729,45.938180],[85.880341,45.938444],[85.879932,45.938591],[85.879674,45.938947],[85.879814,45.939700],[85.881168,45.940105],[85.883255,45.939748],[85.884089,45.939271],[85.885400,45.938907],[85.886214,45.938806],[85.886882,45.938895],[85.887352,45.939300],[85.887688,45.939854],[85.888394,45.941030],[85.888571,45.941699],[85.888369,45.942249],[85.887811,45.943279],[85.886570,45.943735],[85.885772,45.943569],[85.884360,45.943047],[85.883037,45.942885],[85.881554,45.942939],[85.879542,45.943739],[85.878029,45.945295],[85.877678,45.945484],[85.875816,45.945401],[85.875298,45.945580],[85.875042,45.945837],[85.875038,45.946062],[85.876426,45.947711],[85.876764,45.948173],[85.876853,45.948483],[85.876787,45.948791],[85.875288,45.949621],[85.875283,45.949888],[85.875490,45.950266],[85.875866,45.950620],[85.876806,45.950829],[85.878668,45.950912],[85.879274,45.951109],[85.879387,45.951444],[85.879411,45.952021],[85.879808,45.952483],[85.880276,45.952955],[85.881120,45.953188],[85.882171,45.953239],[85.882730,45.953378],[85.883842,45.953405],[85.884290,45.953100],[85.886076,45.952297],[85.886618,45.952110],[85.887285,45.952200],[85.887587,45.952670],[85.886523,45.953830],[85.886577,45.954139],[85.886898,45.954234],[85.888285,45.954221],[85.889163,45.954605],[85.890588,45.954510],[85.891472,45.954559],[85.891943,45.954898],[85.892586,45.955672],[85.892904,45.955900],[85.893979,45.956019],[85.895021,45.955937],[85.895495,45.956141],[85.895737,45.956611],[85.895630,45.957203],[85.895163,45.958418],[85.895601,45.958639],[85.895985,45.958601],[85.897130,45.958169],[85.900917,45.957278],[85.902975,45.957339],[85.903377,45.957569],[85.904236,45.958946],[85.903907,45.959820],[85.903576,45.960259],[85.901386,45.960798],[85.899058,45.961719],[85.898282,45.962263],[85.897353,45.963248],[85.897047,45.964155],[85.897291,45.964533],[85.898117,45.964516],[85.899323,45.964085],[85.902532,45.963414],[85.907337,45.962575],[85.908997,45.962191],[85.910351,45.962162],[85.911116,45.962262],[85.911362,45.962548],[85.911308,45.963432],[85.910607,45.963776],[85.909899,45.964454],[85.909307,45.965308],[85.909709,45.966197],[85.910608,45.966782],[85.911651,45.967318],[85.913685,45.966854],[85.914954,45.966917],[85.916243,45.967172],[85.917956,45.967189],[85.918373,45.967277],[85.918776,45.967507],[85.919171,45.968471],[85.919375,45.969387],[85.919612,45.969523],[85.919971,45.969527],[85.920646,45.969379],[85.926581,45.967453],[85.928206,45.967136],[85.929141,45.966528],[85.930014,45.965385],[85.930562,45.964974],[85.931070,45.964762],[85.932252,45.964399],[85.933780,45.964173],[85.935829,45.963635],[85.940102,45.962295],[85.940510,45.962300],[85.940865,45.962571],[85.943159,45.963715],[85.943905,45.964257],[85.943991,45.964768],[85.943621,45.965933],[85.942939,45.967077],[85.941644,45.968257],[85.941122,45.968577],[85.939378,45.968800],[85.938796,45.969128],[85.938320,45.969524],[85.938175,45.970223],[85.938038,45.970447],[85.937374,45.970682],[85.936071,45.972305],[85.933704,45.973098],[85.932487,45.973986],[85.931922,45.975308],[85.932307,45.976506],[85.933207,45.977710],[85.936404,45.979973],[85.939606,45.981928],[85.939908,45.982458],[85.939762,45.983207],[85.938262,45.986949],[85.937940,45.987454],[85.937515,45.987734],[85.937044,45.987846],[85.936717,45.988034],[85.935745,45.989268],[85.935898,45.991273],[85.936300,45.991586],[85.937221,45.991797],[85.938330,45.992184],[85.939468,45.992289],[85.941369,45.992702],[85.942276,45.993004],[85.943156,45.993431],[85.946220,45.995218],[85.949251,45.997565],[85.951829,45.999097],[85.954629,46.001292],[85.954572,46.001842],[85.953434,46.004183],[85.952155,46.006373],[85.952039,46.007416],[85.952021,46.009603],[85.952203,46.013980],[85.952083,46.018371],[85.952169,46.018948],[85.952694,46.019747],[85.955592,46.022894],[85.960603,46.028787],[85.961183,46.029938],[85.961456,46.030759],[85.961583,46.032306],[85.961561,46.033524],[85.962103,46.038565],[85.962491,46.044799],[85.964009,46.045325],[85.966541,46.046373],[85.973524,46.049460],[85.985687,46.054479],[85.986665,46.055000],[85.988283,46.055462],[86.002288,46.058699],[86.004789,46.059147],[86.005770,46.059517],[86.010262,46.061641],[86.013931,46.063161],[86.016021,46.064188],[86.024301,46.067948],[86.024510,46.068392],[86.024289,46.070001],[86.022811,46.072498],[86.019954,46.074060],[86.016426,46.076625],[86.014609,46.078549],[86.013748,46.080125],[86.013017,46.081954],[86.011924,46.086408],[86.011520,46.087464],[86.011306,46.088631],[86.010502,46.090449],[86.009489,46.091857],[86.006574,46.094725],[86.003419,46.097238],[86.002943,46.097963],[86.002722,46.098867],[86.002846,46.099666],[86.004132,46.100787],[86.004795,46.101497],[86.005155,46.102236],[86.004890,46.103288],[86.004232,46.104300],[86.003548,46.105072],[86.002356,46.106056],[86.000671,46.106925],[85.999572,46.107623],[85.998567,46.108563],[85.998438,46.110331],[85.997772,46.112502],[85.996813,46.114111],[85.995786,46.116219],[85.993150,46.123896],[85.992572,46.124482],[85.990004,46.126471],[85.979606,46.133229],[85.955583,46.149150],[85.932525,46.163944],[85.926932,46.167917],[85.922256,46.170884],[85.909065,46.179001],[85.905907,46.181238],[85.905342,46.181541],[85.902921,46.181839],[85.898403,46.182168],[85.892298,46.182257],[85.887940,46.182460],[85.884824,46.182464],[85.879360,46.182657],[85.873784,46.183581],[85.868340,46.184285],[85.863022,46.185100],[85.862753,46.185064],[85.862522,46.184920],[85.860274,46.183122],[85.859208,46.182483],[85.858347,46.181758],[85.856673,46.180662],[85.855212,46.180019],[85.854519,46.179871],[85.853692,46.179898],[85.852993,46.180067],[85.851324,46.180187],[85.850067,46.180398],[85.846746,46.181242],[85.845543,46.182017],[85.844119,46.181905],[85.843509,46.182130],[85.842205,46.182286],[85.841909,46.182129],[85.841586,46.181805],[85.841218,46.181029],[85.840802,46.180575],[85.839542,46.180076],[85.839112,46.179997],[85.838609,46.180014],[85.837915,46.180484],[85.837518,46.180556],[85.836218,46.180536],[85.833291,46.180950],[85.830131,46.181278],[85.828417,46.181285],[85.827851,46.181159],[85.826593,46.180551],[85.825908,46.180612],[85.824920,46.180879],[85.823747,46.180794],[85.823038,46.180049],[85.822105,46.179653],[85.817634,46.179636],[85.817037,46.179530],[85.814658,46.178132],[85.814168,46.178040],[85.813860,46.178146],[85.809281,46.183154],[85.806874,46.186072],[85.806611,46.186278],[85.804527,46.187287],[85.798150,46.190123],[85.793030,46.192230],[85.792143,46.192731],[85.791455,46.192892],[85.783818,46.192840],[85.764816,46.193001],[85.752604,46.192935],[85.741937,46.192673],[85.716814,46.192893],[85.713002,46.193121],[85.711919,46.193095],[85.706253,46.192163],[85.705043,46.192113],[85.704482,46.192139],[85.701176,46.193104],[85.698065,46.193158],[85.696236,46.193025],[85.694054,46.192266],[85.692632,46.192247],[85.688646,46.191813],[85.683151,46.191216],[85.680261,46.190814],[85.679874,46.190841],[85.677226,46.192188],[85.671311,46.194712],[85.662781,46.198651],[85.660750,46.199354],[85.660119,46.199763],[85.660015,46.200096],[85.660058,46.200292],[85.660442,46.200874],[85.660426,46.201041],[85.660042,46.201707],[85.658826,46.201867],[85.656766,46.202523],[85.655670,46.202973],[85.654225,46.204125],[85.653121,46.205392],[85.652367,46.206882],[85.651557,46.208177],[85.651249,46.208946],[85.651152,46.209708],[85.650783,46.210517],[85.650468,46.210814],[85.648288,46.211946],[85.647172,46.211972],[85.646251,46.211651],[85.645862,46.211302],[85.644061,46.210782],[85.640992,46.210324],[85.639991,46.210097],[85.636782,46.209745],[85.632306,46.209443],[85.631047,46.209447],[85.630667,46.209455],[85.630248,46.209591],[85.629539,46.209991],[85.627727,46.210464],[85.624170,46.211061],[85.620231,46.211319],[85.619714,46.211541],[85.619209,46.211978],[85.618663,46.212158],[85.614965,46.212199],[85.614648,46.212119],[85.613709,46.211644],[85.608913,46.211120],[85.607837,46.210852],[85.607524,46.210626],[85.606646,46.208692],[85.606070,46.208145],[85.605403,46.207673],[85.604032,46.206905],[85.603010,46.206437],[85.602490,46.206309],[85.601903,46.206203],[85.601439,46.206229],[85.600074,46.206922],[85.599432,46.207136],[85.597636,46.207055],[85.594562,46.207106],[85.593531,46.207007],[85.592868,46.206810],[85.591761,46.205936],[85.590757,46.205945],[85.588520,46.205764],[85.588017,46.205683],[85.587309,46.205407],[85.586529,46.205345],[85.584129,46.205470],[85.583668,46.205398],[85.583139,46.204942],[85.582989,46.204471],[85.582925,46.202750],[85.582866,46.202509],[85.582667,46.202292],[85.581663,46.201871],[85.580252,46.201605],[85.577428,46.200257],[85.576578,46.199938],[85.574269,46.199612],[85.573440,46.199635],[85.572825,46.199507],[85.571643,46.199019],[85.570904,46.198822],[85.570219,46.198405],[85.569369,46.198066],[85.567914,46.197740],[85.567171,46.197698],[85.565769,46.197858],[85.564332,46.198210],[85.562582,46.198366],[85.561477,46.198187],[85.558096,46.198117],[85.557528,46.198035],[85.553373,46.196213],[85.551501,46.195575],[85.549304,46.195229],[85.548410,46.194798],[85.547120,46.194387],[85.545966,46.193857],[85.542751,46.191925],[85.540017,46.189717],[85.538702,46.189130],[85.536870,46.188870],[85.534510,46.188888],[85.532994,46.188675],[85.531844,46.188229],[85.530666,46.187269],[85.529212,46.185409],[85.527007,46.184338],[85.526013,46.183685],[85.524371,46.182842],[85.521605,46.181929],[85.520358,46.181782],[85.519227,46.181528],[85.517579,46.181370],[85.514560,46.180567],[85.510688,46.179213],[85.507253,46.177850],[85.506350,46.177390],[85.505453,46.176032],[85.504831,46.174887],[85.504569,46.174620],[85.504100,46.174494],[85.502493,46.174475],[85.501735,46.174285],[85.501179,46.173803],[85.499228,46.172936],[85.498609,46.172387],[85.497778,46.171439],[85.497572,46.171329],[85.495673,46.170720],[85.495238,46.170453],[85.494047,46.170011],[85.492567,46.169640],[85.490412,46.168557],[85.490170,46.167980],[85.488641,46.167445],[85.487678,46.167206],[85.483481,46.167271],[85.482991,46.167220],[85.482220,46.166949],[85.481995,46.166670],[85.481714,46.165761],[85.481564,46.164908],[85.481368,46.164644],[85.480776,46.164194],[85.480582,46.163825],[85.480683,46.163650],[85.482161,46.163436],[85.482522,46.163148],[85.482558,46.162706],[85.482325,46.162043],[85.481964,46.161885],[85.481351,46.161778],[85.480015,46.162032],[85.479621,46.162007],[85.474997,46.160133],[85.473490,46.159640],[85.470263,46.158370],[85.467360,46.157445],[85.461619,46.155878],[85.459148,46.155374],[85.457256,46.154271],[85.455352,46.153794],[85.453903,46.153548],[85.452036,46.152817],[85.451083,46.152840],[85.449834,46.153368],[85.449082,46.153458],[85.448239,46.153173],[85.447575,46.152480],[85.446633,46.152093],[85.445952,46.152019],[85.444662,46.151635],[85.441763,46.151560],[85.441197,46.151452],[85.439854,46.150575],[85.437993,46.150231],[85.437294,46.149713],[85.435830,46.148280],[85.433416,46.146672],[85.433021,46.146015],[85.432997,46.145163],[85.433294,46.144220],[85.434080,46.142740],[85.434159,46.141622],[85.435908,46.140428],[85.436472,46.139555],[85.436466,46.139153],[85.436131,46.138685],[85.434194,46.136995],[85.433544,46.136035],[85.433361,46.135094],[85.433132,46.134694],[85.432152,46.133522],[85.431261,46.131944],[85.431019,46.131621],[85.430812,46.131497],[85.430021,46.131474],[85.428919,46.131574],[85.427083,46.131860],[85.426253,46.131445],[85.422960,46.131204],[85.419386,46.128108],[85.416709,46.127865],[85.414879,46.128749],[85.414468,46.128753],[85.413651,46.128760],[85.412408,46.128491],[85.411798,46.128788],[85.410853,46.131806],[85.408641,46.133692],[85.406611,46.134437],[85.406247,46.134443],[85.405774,46.134720],[85.402324,46.136236],[85.398798,46.136186],[85.397561,46.136544],[85.394876,46.137699],[85.394722,46.138052],[85.394884,46.138882],[85.394987,46.140298],[85.394693,46.140678],[85.394381,46.140861],[85.391402,46.142199],[85.390818,46.142621],[85.390332,46.143219],[85.390020,46.144433],[85.389912,46.145643],[85.389521,46.146280],[85.388307,46.146245],[85.385659,46.145454],[85.384207,46.144898],[85.382487,46.144055],[85.380092,46.143605],[85.377789,46.144252],[85.363059,46.147772],[85.347789,46.151552],[85.343242,46.152096],[85.338034,46.151355],[85.335696,46.151541],[85.333766,46.153026],[85.333132,46.154992],[85.331957,46.155856],[85.330437,46.156265],[85.328197,46.156573],[85.324778,46.157374],[85.323309,46.158864],[85.321971,46.159192],[85.319492,46.158936],[85.319071,46.158649],[85.316814,46.159106],[85.313723,46.159137],[85.312705,46.159722],[85.312108,46.160728],[85.310670,46.160597],[85.309201,46.159898],[85.308176,46.160053],[85.307373,46.160776],[85.307632,46.163065],[85.307029,46.163496],[85.304566,46.164093],[85.303143,46.164970],[85.298799,46.164304],[85.296328,46.164616],[85.296780,46.166044],[85.297200,46.166321],[85.296627,46.168190],[85.293790,46.170078],[85.293216,46.171940],[85.292811,46.172230],[85.290135,46.172402],[85.287864,46.172150],[85.287253,46.172436],[85.287520,46.175004],[85.287329,46.175442],[85.286106,46.176168],[85.281971,46.175499],[85.278677,46.175823],[85.277462,46.176550],[85.277065,46.177129],[85.276690,46.178850],[85.275468,46.179433],[85.270739,46.179627],[85.269583,46.179889],[85.268073,46.180232],[85.264828,46.182278],[85.261949,46.182304],[85.261330,46.182169],[85.259857,46.181192],[85.257795,46.181070],[85.256162,46.181523],[85.252910,46.183271],[85.249622,46.183455],[85.245486,46.182654],[85.242404,46.182689],[85.240970,46.182991],[85.238942,46.184310],[85.231584,46.185971],[85.229320,46.186002],[85.227478,46.184494],[85.224551,46.184955],[85.220511,46.185952],[85.215623,46.187157],[85.214357,46.187583],[85.209686,46.189151],[85.205016,46.190725],[85.201655,46.191950],[85.197055,46.193624],[85.196579,46.193759],[85.191771,46.195120],[85.186965,46.196484],[85.182158,46.197842],[85.178720,46.198178],[85.173585,46.198687],[85.171446,46.198934],[85.166328,46.199537],[85.166190,46.199533],[85.161011,46.199539],[85.155822,46.199542],[85.156775,46.199685],[85.151743,46.199862],[85.146562,46.200049],[85.143521,46.199936],[85.138339,46.199744],[85.137463,46.200132],[85.133086,46.202064],[85.128691,46.203994],[85.127755,46.204179],[85.122769,46.205173],[85.117773,46.206169],[85.116836,46.206257],[85.111690,46.206724],[85.106526,46.207195],[85.103965,46.207629],[85.098911,46.208484],[85.096288,46.209007],[85.091284,46.209996],[85.087721,46.210675],[85.082697,46.211625],[85.077680,46.212581],[85.077480,46.212645],[85.072748,46.214150],[85.068024,46.215658],[85.066762,46.216341],[85.062662,46.218560],[85.062419,46.218695],[85.058362,46.220956],[85.054313,46.223214],[85.050254,46.225475],[85.048991,46.226157],[85.044888,46.228375],[85.041394,46.230918],[85.037813,46.233530],[85.036313,46.235136],[85.033489,46.238171],[85.030674,46.241192],[85.029332,46.242277],[85.025924,46.245003],[85.024023,46.245787],[85.019559,46.247654],[85.017048,46.249508],[85.013481,46.252131],[85.009748,46.253878],[85.005431,46.255900],[85.003792,46.256632],[84.999414,46.258585],[84.995036,46.260542],[84.994914,46.260607],[84.990771,46.262794],[84.986629,46.264986],[84.986062,46.265367],[84.982304,46.267860],[84.978538,46.270349],[84.978050,46.270612],[84.973927,46.272818],[84.969803,46.275016],[84.969411,46.275349],[84.966057,46.278101],[84.962702,46.280857],[84.961012,46.282450],[84.957945,46.285359],[84.956726,46.286632],[84.953860,46.289642],[84.951596,46.292037],[84.948749,46.295056],[84.947478,46.296980],[84.945310,46.300257],[84.943804,46.301197],[84.939922,46.303611],[84.937251,46.306115],[84.934153,46.309014],[84.933327,46.309859],[84.930413,46.312846],[84.927882,46.314444],[84.924030,46.316871],[84.923126,46.317565],[84.919607,46.320227],[84.917765,46.322873],[84.915497,46.326114],[84.914959,46.327224],[84.913299,46.330639],[84.911659,46.334064],[84.911355,46.336173],[84.910843,46.339762],[84.909888,46.341992],[84.908385,46.345442],[84.907343,46.347122],[84.905252,46.350473],[84.902708,46.353620],[84.900165,46.356766],[84.899948,46.358923],[84.899610,46.362521],[84.899264,46.366124],[84.899307,46.367092],[84.899481,46.370694],[84.900054,46.372877],[84.900992,46.376431],[84.901045,46.377620],[84.901202,46.381224],[84.901550,46.382708],[84.902401,46.386267],[84.902453,46.387296],[84.902653,46.390898],[84.902845,46.394505],[84.902620,46.395782],[84.901960,46.399363],[84.901318,46.402939],[84.899765,46.406099],[84.898099,46.409515],[84.896424,46.412932],[84.894568,46.414096],[84.890707,46.416519],[84.889310,46.419246],[84.887567,46.422651],[84.885704,46.425252],[84.883380,46.428483],[84.881056,46.431810],[84.880961,46.435413],[84.880866,46.439020],[84.881197,46.441385],[84.881700,46.444970],[84.881648,46.445761],[84.881414,46.449364],[84.881172,46.452962],[84.880062,46.454496],[84.877731,46.457723],[84.878121,46.459429],[84.878928,46.462992],[84.880871,46.465391],[84.883420,46.468531],[84.884418,46.469768],[84.886951,46.472917],[84.887601,46.473702],[84.890171,46.476839],[84.890613,46.478996],[84.891342,46.482568],[84.891412,46.482855],[84.892211,46.486418],[84.893018,46.489982],[84.893818,46.493545],[84.891996,46.496121],[84.889697,46.499356],[84.887528,46.502374],[84.885213,46.505610],[84.882924,46.507187],[84.879239,46.509739],[84.876153,46.511031],[84.871689,46.512900],[84.870164,46.513279],[84.865259,46.514493],[84.863145,46.515195],[84.858442,46.516760],[84.858303,46.516908],[84.855471,46.519938],[84.852639,46.522969],[84.849755,46.525001],[84.846101,46.527577],[84.842438,46.530154],[84.837841,46.531817],[84.833226,46.533484],[84.828827,46.535246],[84.824307,46.537052],[84.821424,46.538659],[84.817363,46.540919],[84.816238,46.543765],[84.814862,46.547249],[84.814689,46.547275],[84.809571,46.547983],[84.804461,46.548695],[84.803898,46.548821],[84.798943,46.549936],[84.793978,46.551051],[84.789342,46.552116],[84.784385,46.553255],[84.779435,46.554389],[84.777146,46.555720],[84.773159,46.558050],[84.772152,46.558667],[84.768257,46.561070],[84.767434,46.561426],[84.763018,46.563351],[84.758593,46.565276],[84.757846,46.565845],[84.754314,46.568506],[84.750789,46.571164],[84.749366,46.572145],[84.745667,46.574692],[84.741967,46.577239],[84.740873,46.577990],[84.737180,46.580541],[84.733488,46.583091],[84.730124,46.585050],[84.726136,46.587378],[84.724718,46.588427],[84.721163,46.591067],[84.719667,46.592390],[84.716476,46.595239],[84.714510,46.596591],[84.710814,46.599134],[84.708874,46.601536],[84.706343,46.604684],[84.703716,46.607619],[84.700984,46.610689],[84.698235,46.613753],[84.695659,46.616840],[84.693040,46.619957],[84.692048,46.621749],[84.690186,46.625114],[84.688316,46.628476],[84.688159,46.629101],[84.687245,46.632646],[84.686332,46.636192],[84.687002,46.639471],[84.687725,46.643037],[84.688458,46.646612],[84.689067,46.647871],[84.690730,46.651292],[84.691670,46.652566],[84.694029,46.655792],[84.694325,46.656152],[84.696901,46.659296],[84.699477,46.662439],[84.700818,46.663775],[84.703794,46.666749],[84.704813,46.667593],[84.708163,46.670372],[84.709807,46.671495],[84.713539,46.674036],[84.715061,46.675453],[84.718184,46.678354],[84.718462,46.678788],[84.720524,46.682104],[84.722593,46.685419],[84.723298,46.687660],[84.724395,46.691191],[84.725491,46.694709],[84.725743,46.696537],[84.726247,46.700124],[84.726743,46.703711],[84.726109,46.706299],[84.725232,46.709845],[84.725432,46.712460],[84.725711,46.716060],[84.725841,46.716372],[84.727311,46.719834],[84.728780,46.723296],[84.728867,46.723453],[84.730877,46.726789],[84.732885,46.730116],[84.733537,46.730929],[84.736092,46.734079],[84.738629,46.737233],[84.738872,46.737412],[84.742356,46.740105],[84.745849,46.742794],[84.749444,46.745322],[84.753109,46.747897],[84.756816,46.750164],[84.760731,46.752560],[84.761226,46.753636],[84.762814,46.757071],[84.764402,46.760500],[84.764473,46.761960],[84.764647,46.765560],[84.764586,46.766372],[84.764283,46.769967],[84.763988,46.773567],[84.764049,46.776159],[84.764146,46.779767],[84.764119,46.779902],[84.763494,46.783476],[84.762871,46.787058],[84.762654,46.787910],[84.762288,46.789365],[84.762300,46.790082],[84.761476,46.790948],[84.761927,46.792802],[84.761317,46.794095],[84.762377,46.794944],[84.767190,46.797196],[84.769896,46.797598],[84.772396,46.797582],[84.775536,46.798172],[84.781155,46.800118],[84.789512,46.802435],[84.792429,46.803118],[84.799716,46.804337],[84.801376,46.804466],[84.803264,46.805588],[84.803691,46.806163],[84.808328,46.810404],[84.813353,46.812931],[84.820020,46.814297],[84.821276,46.815282],[84.821504,46.816420],[84.819678,46.818729],[84.819701,46.820160],[84.820766,46.823456],[84.821650,46.825432],[84.820977,46.826416],[84.820725,46.826506],[84.820656,46.826664],[84.822050,46.832166],[84.828378,46.832553],[84.830443,46.832828],[84.832617,46.833261],[84.834206,46.833887],[84.835072,46.834591],[84.836130,46.835460],[84.836467,46.836195],[84.836596,46.837038],[84.836485,46.837765],[84.836579,46.838467],[84.836959,46.839175],[84.837277,46.840357],[84.837866,46.841937],[84.838174,46.842391],[84.839150,46.843417],[84.841084,46.844992],[84.842798,46.845947],[84.844119,46.846530],[84.845255,46.846634],[84.848353,46.846603],[84.852002,46.846022],[84.853263,46.846071],[84.856093,46.846625],[84.858080,46.846663],[84.859605,46.846860],[84.861775,46.847301],[84.862994,46.847803],[84.868031,46.850433],[84.871797,46.851569],[84.873452,46.852499],[84.876104,46.853352],[84.878343,46.854942],[84.879403,46.855503],[84.880945,46.855903],[84.884447,46.855810],[84.886333,46.855471],[84.887425,46.855274],[84.891116,46.853852],[84.893172,46.853812],[84.895246,46.853322],[84.895924,46.853319],[84.897474,46.853533],[84.900883,46.853596],[84.903509,46.853752],[84.905778,46.853515],[84.907212,46.853263],[84.908662,46.853181],[84.910921,46.852634],[84.913900,46.851605],[84.915542,46.851248],[84.916610,46.851129],[84.917537,46.851131],[84.918549,46.851274],[84.921871,46.852531],[84.923360,46.852844],[84.924648,46.852884],[84.925715,46.852812],[84.928723,46.852281],[84.930391,46.852452],[84.933853,46.853078],[84.934545,46.853339],[84.935999,46.854406],[84.938110,46.856618],[84.938469,46.857308],[84.938763,46.858476],[84.939076,46.859180],[84.939510,46.859685],[84.940624,46.860172],[84.943604,46.861920|84.795312,46.972533],[84.810272,46.968792],[84.822742,46.967024],[84.829011,46.966136],[84.849394,46.956940],[84.850909,46.950750],[84.859059,46.936879],[84.866942,46.927531],[84.883690,46.916913],[84.900625,46.903286],[84.914633,46.889593],[84.929915,46.869272],[84.934473,46.863985],[84.940460,46.862148],[84.943604,46.861920],[84.940624,46.860172],[84.939510,46.859685],[84.939076,46.859180],[84.938763,46.858476],[84.938469,46.857308],[84.938110,46.856618],[84.935999,46.854406],[84.934545,46.853339],[84.933853,46.853078],[84.930391,46.852452],[84.928723,46.852281],[84.925715,46.852812],[84.924648,46.852884],[84.923360,46.852844],[84.921871,46.852531],[84.918549,46.851274],[84.917537,46.851131],[84.916610,46.851129],[84.915542,46.851248],[84.913900,46.851605],[84.910921,46.852634],[84.908662,46.853181],[84.907212,46.853263],[84.905778,46.853515],[84.903509,46.853752],[84.900883,46.853596],[84.897474,46.853533],[84.895924,46.853319],[84.895246,46.853322],[84.893172,46.853812],[84.891116,46.853852],[84.887425,46.855274],[84.886333,46.855471],[84.884447,46.855810],[84.880945,46.855903],[84.879403,46.855503],[84.878343,46.854942],[84.876104,46.853352],[84.873452,46.852499],[84.871797,46.851569],[84.868031,46.850433],[84.862994,46.847803],[84.861775,46.847301],[84.859605,46.846860],[84.858080,46.846663],[84.856093,46.846625],[84.853263,46.846071],[84.852002,46.846022],[84.848353,46.846603],[84.845255,46.846634],[84.844119,46.846530],[84.842798,46.845947],[84.841084,46.844992],[84.839150,46.843417],[84.838174,46.842391],[84.837866,46.841937],[84.837277,46.840357],[84.836959,46.839175],[84.836579,46.838467],[84.836485,46.837765],[84.836596,46.837038],[84.836467,46.836195],[84.836130,46.835460],[84.835072,46.834591],[84.834206,46.833887],[84.832617,46.833261],[84.830443,46.832828],[84.828378,46.832553],[84.822050,46.832166],[84.820656,46.826664],[84.820725,46.826506],[84.820977,46.826416],[84.821650,46.825432],[84.820766,46.823456],[84.819701,46.820160],[84.819678,46.818729],[84.821504,46.816420],[84.821276,46.815282],[84.820020,46.814297],[84.813353,46.812931],[84.808328,46.810404],[84.803691,46.806163],[84.803264,46.805588],[84.801376,46.804466],[84.799716,46.804337],[84.792429,46.803118],[84.789512,46.802435],[84.781155,46.800118],[84.775536,46.798172],[84.772396,46.797582],[84.769896,46.797598],[84.767190,46.797196],[84.762377,46.794944],[84.761317,46.794095],[84.761927,46.792802],[84.761476,46.790948],[84.762300,46.790082],[84.762288,46.789365],[84.762654,46.787910],[84.762871,46.787058],[84.763494,46.783476],[84.764119,46.779902],[84.764146,46.779767],[84.764049,46.776159],[84.763988,46.773567],[84.764283,46.769967],[84.764586,46.766372],[84.764647,46.765560],[84.764473,46.761960],[84.764402,46.760500],[84.762814,46.757071],[84.761226,46.753636],[84.760731,46.752560],[84.756816,46.750164],[84.753109,46.747897],[84.749444,46.745322],[84.745849,46.742794],[84.742356,46.740105],[84.738872,46.737412],[84.738629,46.737233],[84.736092,46.734079],[84.733537,46.730929],[84.732885,46.730116],[84.730877,46.726789],[84.728867,46.723453],[84.728780,46.723296],[84.727311,46.719834],[84.725841,46.716372],[84.725711,46.716060],[84.725432,46.712460],[84.725232,46.709845],[84.726109,46.706299],[84.726743,46.703711],[84.726247,46.700124],[84.725743,46.696537],[84.725491,46.694709],[84.724395,46.691191],[84.723298,46.687660],[84.722593,46.685419],[84.720524,46.682104],[84.718462,46.678788],[84.718184,46.678354],[84.715061,46.675453],[84.713539,46.674036],[84.709807,46.671495],[84.708163,46.670372],[84.704813,46.667593],[84.703794,46.666749],[84.700818,46.663775],[84.699477,46.662439],[84.696901,46.659296],[84.694325,46.656152],[84.694029,46.655792],[84.691670,46.652566],[84.690730,46.651292],[84.689067,46.647871],[84.688458,46.646612],[84.687725,46.643037],[84.687002,46.639471],[84.686332,46.636192],[84.687245,46.632646],[84.688159,46.629101],[84.688316,46.628476],[84.690186,46.625114],[84.692048,46.621749],[84.693040,46.619957],[84.695659,46.616840],[84.698235,46.613753],[84.700984,46.610689],[84.703716,46.607619],[84.706343,46.604684],[84.708874,46.601536],[84.710814,46.599134],[84.714510,46.596591],[84.716476,46.595239],[84.719667,46.592390],[84.721163,46.591067],[84.724718,46.588427],[84.726136,46.587378],[84.730124,46.585050],[84.733488,46.583091],[84.737180,46.580541],[84.740873,46.577990],[84.741967,46.577239],[84.745667,46.574692],[84.749366,46.572145],[84.750789,46.571164],[84.754314,46.568506],[84.757846,46.565845],[84.758593,46.565276],[84.763018,46.563351],[84.767434,46.561426],[84.768257,46.561070],[84.772152,46.558667],[84.773159,46.558050],[84.777146,46.555720],[84.779435,46.554389],[84.784385,46.553255],[84.789342,46.552116],[84.793978,46.551051],[84.798943,46.549936],[84.803898,46.548821],[84.804461,46.548695],[84.809571,46.547983],[84.814689,46.547275],[84.814862,46.547249],[84.816238,46.543765],[84.817363,46.540919],[84.821424,46.538659],[84.824307,46.537052],[84.828827,46.535246],[84.833226,46.533484],[84.837841,46.531817],[84.842438,46.530154],[84.846101,46.527577],[84.849755,46.525001],[84.852639,46.522969],[84.855471,46.519938],[84.858303,46.516908],[84.858442,46.516760],[84.863145,46.515195],[84.865259,46.514493],[84.870164,46.513279],[84.871689,46.512900],[84.876153,46.511031],[84.879239,46.509739],[84.882924,46.507187],[84.885213,46.505610],[84.887528,46.502374],[84.889697,46.499356],[84.891996,46.496121],[84.893818,46.493545],[84.893018,46.489982],[84.892211,46.486418],[84.891412,46.482855],[84.891342,46.482568],[84.890613,46.478996],[84.890171,46.476839],[84.887601,46.473702],[84.886951,46.472917],[84.884418,46.469768],[84.883420,46.468531],[84.880871,46.465391],[84.878928,46.462992],[84.878121,46.459429],[84.877731,46.457723],[84.880062,46.454496],[84.881172,46.452962],[84.881414,46.449364],[84.881648,46.445761],[84.881700,46.444970],[84.881197,46.441385],[84.880866,46.439020],[84.880961,46.435413],[84.881056,46.431810],[84.883380,46.428483],[84.885704,46.425252],[84.887567,46.422651],[84.889310,46.419246],[84.890707,46.416519],[84.894568,46.414096],[84.896424,46.412932],[84.898099,46.409515],[84.899765,46.406099],[84.901318,46.402939],[84.901960,46.399363],[84.902620,46.395782],[84.902845,46.394505],[84.902653,46.390898],[84.902453,46.387296],[84.902401,46.386267],[84.901550,46.382708],[84.901202,46.381224],[84.901045,46.377620],[84.900992,46.376431],[84.900054,46.372877],[84.899481,46.370694],[84.899307,46.367092],[84.899264,46.366124],[84.899610,46.362521],[84.899948,46.358923],[84.900165,46.356766],[84.902708,46.353620],[84.905252,46.350473],[84.907343,46.347122],[84.908385,46.345442],[84.909888,46.341992],[84.910843,46.339762],[84.911355,46.336173],[84.911659,46.334064],[84.913299,46.330639],[84.914959,46.327224],[84.915497,46.326114],[84.917765,46.322873],[84.919607,46.320227],[84.923126,46.317565],[84.924030,46.316871],[84.927882,46.314444],[84.930413,46.312846],[84.933327,46.309859],[84.934153,46.309014],[84.937251,46.306115],[84.939922,46.303611],[84.943804,46.301197],[84.945310,46.300257],[84.947478,46.296980],[84.948749,46.295056],[84.951596,46.292037],[84.953860,46.289642],[84.956726,46.286632],[84.957945,46.285359],[84.961012,46.282450],[84.962702,46.280857],[84.966057,46.278101],[84.969411,46.275349],[84.969803,46.275016],[84.973927,46.272818],[84.978050,46.270612],[84.978538,46.270349],[84.982304,46.267860],[84.986062,46.265367],[84.986629,46.264986],[84.990771,46.262794],[84.994914,46.260607],[84.995036,46.260542],[84.999414,46.258585],[85.003792,46.256632],[85.005431,46.255900],[85.009748,46.253878],[85.013481,46.252131],[85.017048,46.249508],[85.019559,46.247654],[85.024023,46.245787],[85.025924,46.245003],[85.029332,46.242277],[85.030674,46.241192],[85.033489,46.238171],[85.036313,46.235136],[85.037813,46.233530],[85.041394,46.230918],[85.044888,46.228375],[85.048991,46.226157],[85.050254,46.225475],[85.054313,46.223214],[85.058362,46.220956],[85.062419,46.218695],[85.062662,46.218560],[85.066762,46.216341],[85.068024,46.215658],[85.072748,46.214150],[85.077480,46.212645],[85.077680,46.212581],[85.082697,46.211625],[85.087721,46.210675],[85.091284,46.209996],[85.096288,46.209007],[85.098911,46.208484],[85.103965,46.207629],[85.106526,46.207195],[85.111690,46.206724],[85.116836,46.206257],[85.117773,46.206169],[85.122769,46.205173],[85.127755,46.204179],[85.128691,46.203994],[85.133086,46.202064],[85.137463,46.200132],[85.138339,46.199744],[85.143521,46.199936],[85.146562,46.200049],[85.151743,46.199862],[85.156775,46.199685],[85.155822,46.199542],[85.161011,46.199539],[85.166190,46.199533],[85.166328,46.199537],[85.171446,46.198934],[85.173585,46.198687],[85.178720,46.198178],[85.182158,46.197842],[85.186965,46.196484],[85.191771,46.195120],[85.196579,46.193759],[85.197055,46.193624],[85.201655,46.191950],[85.205016,46.190725],[85.209686,46.189151],[85.214357,46.187583],[85.215623,46.187157],[85.220511,46.185952],[85.224551,46.184955],[85.227478,46.184494],[85.229320,46.186002],[85.231584,46.185971],[85.238942,46.184310],[85.240970,46.182991],[85.242404,46.182689],[85.245486,46.182654],[85.249622,46.183455],[85.252910,46.183271],[85.256162,46.181523],[85.257795,46.181070],[85.259857,46.181192],[85.261330,46.182169],[85.261949,46.182304],[85.264828,46.182278],[85.268073,46.180232],[85.269583,46.179889],[85.270739,46.179627],[85.275468,46.179433],[85.276690,46.178850],[85.277065,46.177129],[85.277462,46.176550],[85.278677,46.175823],[85.281971,46.175499],[85.286106,46.176168],[85.287329,46.175442],[85.287520,46.175004],[85.287253,46.172436],[85.287864,46.172150],[85.290135,46.172402],[85.292811,46.172230],[85.293216,46.171940],[85.293790,46.170078],[85.296627,46.168190],[85.297200,46.166321],[85.296780,46.166044],[85.296328,46.164616],[85.298799,46.164304],[85.303143,46.164970],[85.304566,46.164093],[85.307029,46.163496],[85.307632,46.163065],[85.307373,46.160776],[85.308176,46.160053],[85.309201,46.159898],[85.310670,46.160597],[85.312108,46.160728],[85.312705,46.159722],[85.313723,46.159137],[85.316814,46.159106],[85.319071,46.158649],[85.319492,46.158936],[85.321971,46.159192],[85.323309,46.158864],[85.324778,46.157374],[85.328197,46.156573],[85.330437,46.156265],[85.331957,46.155856],[85.333132,46.154992],[85.333766,46.153026],[85.335696,46.151541],[85.338034,46.151355],[85.343242,46.152096],[85.347789,46.151552],[85.363059,46.147772],[85.377789,46.144252],[85.380092,46.143605],[85.378118,46.142818],[85.377721,46.142411],[85.376800,46.140193],[85.376243,46.138656],[85.376025,46.138277],[85.375251,46.137606],[85.371407,46.136228],[85.368666,46.135158],[85.367275,46.134960],[85.365797,46.134035],[85.360518,46.129751],[85.358830,46.129415],[85.357586,46.128736],[85.355990,46.128510],[85.353728,46.128448],[85.352913,46.128327],[85.349590,46.127456],[85.347625,46.127089],[85.344589,46.127106],[85.343240,46.126692],[85.341885,46.126093],[85.341157,46.125881],[85.337426,46.125729],[85.336449,46.125386],[85.335894,46.125018],[85.334119,46.123537],[85.332183,46.122243],[85.330795,46.121139],[85.327964,46.119945],[85.326714,46.119644],[85.326045,46.119608],[85.325235,46.119565],[85.325015,46.119453],[85.324946,46.119151],[85.324968,46.118216],[85.324582,46.117458],[85.322786,46.112744],[85.322660,46.112157],[85.322449,46.111169],[85.321546,46.109183],[85.319755,46.104319],[85.319190,46.103100],[85.318666,46.102514],[85.315908,46.100965],[85.314170,46.100294],[85.312925,46.099680],[85.310044,46.099015],[85.308286,46.098235],[85.305248,46.098376],[85.301442,46.098030],[85.298361,46.097645],[85.296689,46.097225],[85.290816,46.094524],[85.288044,46.093544],[85.286410,46.093075],[85.285504,46.092426],[85.284441,46.091807],[85.283786,46.091596],[85.282944,46.090839],[85.282446,46.088268],[85.282479,46.085855],[85.282237,46.085522],[85.281179,46.084753],[85.281019,46.084300],[85.281206,46.083882],[85.281913,46.083007],[85.282177,46.081855],[85.282188,46.080924],[85.281977,46.080546],[85.281307,46.080050],[85.279536,46.079780],[85.279647,46.079318],[85.281177,46.078633],[85.281988,46.078074],[85.282112,46.077775],[85.282136,46.077367],[85.281907,46.077201],[85.281347,46.077245],[85.277177,46.079287],[85.276876,46.079328],[85.276685,46.079258],[85.276691,46.079070],[85.277842,46.078404],[85.278445,46.077587],[85.279817,46.076382],[85.280570,46.075158],[85.280583,46.074749],[85.280253,46.074543],[85.277795,46.075477],[85.276870,46.075463],[85.276238,46.075307],[85.276115,46.075195],[85.276046,46.074906],[85.276383,46.074306],[85.276818,46.073098],[85.276752,46.072696],[85.276615,46.072464],[85.275800,46.071996],[85.275697,46.071840],[85.275715,46.071665],[85.276305,46.071244],[85.276439,46.070980],[85.276359,46.070473],[85.275825,46.069655],[85.275173,46.068797],[85.274766,46.068556],[85.273642,46.068396],[85.272633,46.068577],[85.272314,46.068572],[85.272143,46.068473],[85.272283,46.067060],[85.271739,46.065252],[85.271564,46.065103],[85.271361,46.065066],[85.270124,46.065047],[85.269319,46.064838],[85.269288,46.064691],[85.269787,46.064478],[85.270294,46.064014],[85.270463,46.063804],[85.270343,46.063606],[85.269579,46.063063],[85.268939,46.062222],[85.268564,46.061920],[85.268237,46.061828],[85.266930,46.061928],[85.266762,46.061737],[85.267010,46.061486],[85.268070,46.061006],[85.268156,46.060766],[85.268017,46.059240],[85.268118,46.058523],[85.267860,46.058143],[85.267531,46.057892],[85.266451,46.057491],[85.266311,46.057367],[85.266278,46.056878],[85.266702,46.056568],[85.268248,46.055907],[85.268976,46.055485],[85.269176,46.055233],[85.269199,46.054870],[85.269113,46.054539],[85.268871,46.054226],[85.268260,46.053996],[85.267673,46.053940],[85.265517,46.054328],[85.264883,46.054272],[85.264203,46.053723],[85.263337,46.053388],[85.263294,46.053233],[85.263492,46.053049],[85.264100,46.052816],[85.264934,46.052649],[85.265606,46.051887],[85.265992,46.051255],[85.265953,46.050590],[85.266105,46.050317],[85.266234,46.049668],[85.266086,46.049411],[85.264702,46.048350],[85.264583,46.048126],[85.264621,46.047864],[85.264963,46.047681],[85.265874,46.047550],[85.266406,46.047237],[85.267429,46.046017],[85.268008,46.045731],[85.269475,46.045686],[85.270997,46.045777],[85.271740,46.045455],[85.271653,46.045169],[85.270728,46.044027],[85.270413,46.042962],[85.270078,46.042514],[85.269937,46.042044],[85.269350,46.041618],[85.267953,46.041353],[85.267706,46.041191],[85.267749,46.040974],[85.268866,46.040575],[85.269225,46.040246],[85.269277,46.039721],[85.269154,46.039427],[85.268887,46.039139],[85.268828,46.038712],[85.269063,46.038520],[85.269805,46.038201],[85.269919,46.038015],[85.269865,46.034754],[85.270065,46.034319],[85.270717,46.033799],[85.271149,46.033230],[85.271073,46.032611],[85.270952,46.032442],[85.270989,46.032200],[85.271281,46.032071],[85.272426,46.031956],[85.275652,46.031898],[85.276506,46.031678],[85.277569,46.031069],[85.279073,46.029749],[85.279184,46.029559],[85.279174,46.029304],[85.278966,46.028847],[85.278209,46.027514],[85.276720,46.025762],[85.276695,46.025607],[85.277147,46.025359],[85.277672,46.025280],[85.279882,46.025249],[85.280030,46.025143],[85.279990,46.024875],[85.279542,46.024404],[85.277853,46.023505],[85.276130,46.023314],[85.275943,46.023144],[85.276042,46.023033],[85.276442,46.022931],[85.277619,46.022916],[85.283100,46.023944],[85.283990,46.023912],[85.284208,46.023653],[85.284170,46.023352],[85.283319,46.022511],[85.282462,46.022055],[85.281005,46.021802],[85.280634,46.021541],[85.279776,46.020367],[85.279966,46.020061],[85.280367,46.019888],[85.283703,46.020397],[85.284178,46.020371],[85.284453,46.020200],[85.284574,46.020002],[85.284554,46.019680],[85.284307,46.019313],[85.283502,46.018723],[85.282310,46.018253],[85.282249,46.018085],[85.282331,46.017957],[85.282817,46.017765],[85.282934,46.016915],[85.283206,46.016853],[85.284806,46.017146],[85.285330,46.017121],[85.285729,46.017014],[85.285957,46.016467],[85.285819,46.016256],[85.284583,46.015652],[85.284199,46.015224],[85.282676,46.014393],[85.281572,46.014376],[85.279086,46.013972],[85.278986,46.013716],[85.279148,46.013539],[85.279884,46.013422],[85.284615,46.013064],[85.284856,46.012825],[85.284865,46.012537],[85.284538,46.011873],[85.283168,46.010911],[85.282024,46.010450],[85.281138,46.010357],[85.280265,46.010422],[85.279740,46.010334],[85.279216,46.009795],[85.278485,46.009366],[85.277197,46.008916],[85.275997,46.008099],[85.275414,46.007539],[85.274724,46.007173],[85.274480,46.006906],[85.274502,46.006773],[85.274709,46.006688],[85.275392,46.006733],[85.279492,46.008664],[85.281093,46.009287],[85.282337,46.009637],[85.282811,46.009645],[85.283675,46.009496],[85.283871,46.009365],[85.283906,46.009186],[85.283683,46.008853],[85.283687,46.008711],[85.283993,46.008516],[85.284274,46.008553],[85.284557,46.008733],[85.285047,46.009393],[85.285790,46.010027],[85.286740,46.011165],[85.287828,46.011880],[85.288298,46.012042],[85.288953,46.012019],[85.289019,46.011832],[85.288907,46.011380],[85.288394,46.010090],[85.288359,46.009693],[85.288441,46.009539],[85.288865,46.009621],[85.291018,46.010529],[85.291876,46.010531],[85.293120,46.010342],[85.293348,46.010150],[85.293472,46.009818],[85.293398,46.009495],[85.292118,46.007762],[85.291799,46.006830],[85.291381,46.005951],[85.291092,46.005583],[85.289690,46.004500],[85.289381,46.004395],[85.288037,46.004548],[85.286774,46.004440],[85.286443,46.004259],[85.286497,46.004081],[85.286985,46.003625],[85.287955,46.003136],[85.288173,46.002893],[85.288587,46.001432],[85.289071,46.000393],[85.289010,45.999265],[85.288775,45.998710],[85.288782,45.998484],[85.288905,45.998403],[85.289289,45.998409],[85.290484,45.998980],[85.291236,45.999142],[85.291524,45.999147],[85.292232,45.998766],[85.292244,45.998391],[85.291422,45.997400],[85.291187,45.996845],[85.291254,45.996604],[85.291566,45.996609],[85.292621,45.997470],[85.293000,45.997626],[85.293504,45.997660],[85.293858,45.997465],[85.293868,45.997156],[85.293385,45.996439],[85.293495,45.994812],[85.293430,45.993818],[85.293037,45.993319],[85.291874,45.992882],[85.290142,45.992570],[85.289466,45.992668],[85.285738,45.994018],[85.284091,45.994852],[85.282714,45.995138],[85.282559,45.995094],[85.282567,45.994852],[85.284445,45.993914],[85.284453,45.993647],[85.284173,45.993375],[85.283771,45.993193],[85.283412,45.993146],[85.283142,45.992958],[85.283112,45.992740],[85.283433,45.992461],[85.285603,45.992187],[85.285994,45.991968],[85.286035,45.990641],[85.284641,45.989517],[85.283385,45.988987],[85.282881,45.988979],[85.280859,45.989547],[85.280607,45.989543],[85.280416,45.989490],[85.280234,45.989178],[85.280186,45.988802],[85.280037,45.988557],[85.279503,45.988348],[85.274953,45.988409],[85.270890,45.988637],[85.269468,45.989232],[85.268926,45.989307],[85.268717,45.989087],[85.268580,45.988483],[85.267886,45.988055],[85.267442,45.988048],[85.266774,45.988305],[85.265715,45.988422],[85.265367,45.988416],[85.265154,45.988321],[85.264936,45.988009],[85.264869,45.987106],[85.264718,45.986928],[85.264374,45.986806],[85.263871,45.986798],[85.263190,45.987096],[85.262877,45.987141],[85.262015,45.987078],[85.261712,45.986814],[85.261596,45.986303],[85.261354,45.985990],[85.260858,45.985741],[85.260638,45.985512],[85.260682,45.985229],[85.261373,45.984221],[85.261723,45.984159],[85.262485,45.984347],[85.263224,45.984851],[85.263640,45.984982],[85.265066,45.985005],[85.265608,45.984930],[85.266992,45.984417],[85.267104,45.983893],[85.266610,45.983200],[85.266628,45.982625],[85.266329,45.982219],[85.266140,45.982108],[85.265364,45.982388],[85.264217,45.982654],[85.263208,45.982705],[85.262947,45.982609],[85.262955,45.982350],[85.263566,45.981207],[85.263386,45.980829],[85.261502,45.979363],[85.259966,45.978629],[85.259129,45.978174],[85.258909,45.977953],[85.259048,45.977713],[85.260563,45.976810],[85.260610,45.976452],[85.260424,45.976257],[85.260103,45.976185],[85.258653,45.976179],[85.258428,45.976067],[85.258472,45.975784],[85.259246,45.975220],[85.260331,45.975036],[85.261096,45.975090],[85.261472,45.975321],[85.261900,45.975837],[85.262242,45.976035],[85.262779,45.976110],[85.264402,45.975960],[85.266093,45.975527],[85.268615,45.975074],[85.269612,45.974656],[85.269931,45.974411],[85.269917,45.974101],[85.269601,45.973854],[85.268667,45.973397],[85.268485,45.973085],[85.268400,45.972733],[85.268769,45.972054],[85.272023,45.970402],[85.272251,45.970406],[85.272302,45.970674],[85.272236,45.970890],[85.271838,45.971351],[85.271732,45.971659],[85.271815,45.972061],[85.272433,45.972638],[85.273691,45.973084],[85.275252,45.973042],[85.277845,45.972199],[85.279185,45.971953],[85.279980,45.971857],[85.281824,45.971979],[85.282546,45.971898],[85.283192,45.971600],[85.284312,45.971459],[85.284894,45.971277],[85.287176,45.970053],[85.287902,45.969463],[85.288279,45.968543],[85.288463,45.967644],[85.288432,45.967468],[85.287845,45.967058],[85.287116,45.966954],[85.286835,45.966707],[85.286665,45.966020],[85.286397,45.965757],[85.285607,45.965677],[85.284768,45.966039],[85.284072,45.966028],[85.283790,45.965840],[85.283856,45.965649],[85.284846,45.965465],[85.285554,45.965059],[85.285564,45.964741],[85.284090,45.963131],[85.282364,45.961534],[85.279988,45.960393],[85.278633,45.959971],[85.276928,45.959634],[85.276365,45.959609],[85.276014,45.959712],[85.275659,45.959948],[85.274471,45.961123],[85.274025,45.961200],[85.273022,45.961785],[85.272696,45.962289],[85.272581,45.963673],[85.271921,45.965583],[85.271328,45.966551],[85.270632,45.967308],[85.270341,45.967437],[85.269136,45.967618],[85.267830,45.967581],[85.267582,45.967460],[85.267458,45.967199],[85.267473,45.966732],[85.267695,45.965742],[85.267567,45.964855],[85.267291,45.964475],[85.267300,45.964191],[85.267545,45.963644],[85.267706,45.963487],[85.268497,45.963500],[85.269067,45.963684],[85.269474,45.963691],[85.269983,45.963523],[85.271090,45.962639],[85.271339,45.961958],[85.272247,45.961305],[85.274348,45.960061],[85.274585,45.959772],[85.274721,45.959248],[85.275486,45.958200],[85.275436,45.957865],[85.274629,45.957210],[85.273517,45.957083],[85.272953,45.957116],[85.271685,45.957781],[85.271399,45.958110],[85.271269,45.959194],[85.270844,45.959362],[85.270026,45.959441],[85.269733,45.959628],[85.269398,45.959982],[85.269002,45.960769],[85.268711,45.960856],[85.268427,45.960760],[85.268411,45.960100],[85.267984,45.959584],[85.267731,45.959622],[85.266248,45.960258],[85.265841,45.960235],[85.265754,45.959967],[85.266403,45.959534],[85.266906,45.958766],[85.267512,45.958558],[85.267839,45.958079],[85.268650,45.957449],[85.269786,45.956782],[85.269795,45.956473],[85.269645,45.956254],[85.268481,45.955943],[85.267666,45.955538],[85.266823,45.955299],[85.266009,45.954886],[85.265957,45.954601],[85.266157,45.954362],[85.266783,45.954280],[85.269198,45.955253],[85.270211,45.955444],[85.270559,45.955450],[85.270875,45.955296],[85.270984,45.954881],[85.270404,45.954254],[85.269931,45.954046],[85.268799,45.953811],[85.268056,45.953423],[85.267639,45.953350],[85.266942,45.953406],[85.265951,45.953649],[85.264585,45.953653],[85.261976,45.953127],[85.261599,45.952921],[85.261415,45.952693],[85.261461,45.952368],[85.261624,45.952145],[85.262475,45.952117],[85.263619,45.952352],[85.267863,45.952310],[85.269249,45.951697],[85.269912,45.951574],[85.270172,45.951712],[85.270317,45.952040],[85.270624,45.952203],[85.271163,45.952187],[85.272035,45.951933],[85.272696,45.951902],[85.273169,45.952085],[85.274370,45.953189],[85.274998,45.953441],[85.276208,45.954254],[85.276622,45.954394],[85.277417,45.954340],[85.277865,45.954197],[85.277977,45.953689],[85.277794,45.953394],[85.277142,45.952766],[85.277340,45.952569],[85.277980,45.952429],[85.278495,45.952061],[85.278731,45.951781],[85.278747,45.951272],[85.278394,45.950273],[85.278404,45.949981],[85.279048,45.949682],[85.279652,45.949558],[85.281745,45.949750],[85.282574,45.949697],[85.282773,45.949500],[85.282684,45.949256],[85.282440,45.949010],[85.280671,45.948431],[85.280075,45.947511],[85.279567,45.947261],[85.278582,45.947337],[85.277940,45.947527],[85.277331,45.947843],[85.276036,45.947822],[85.275406,45.947637],[85.274266,45.946516],[85.272907,45.946253],[85.272183,45.946016],[85.271423,45.946179],[85.271131,45.946333],[85.270616,45.947452],[85.270301,45.948332],[85.270225,45.948840],[85.269921,45.949361],[85.269706,45.949316],[85.269486,45.949046],[85.269344,45.948642],[85.268879,45.948176],[85.267216,45.947707],[85.266993,45.947545],[85.266526,45.947538],[85.265909,45.947712],[85.265755,45.947617],[85.265996,45.947245],[85.267471,45.946450],[85.268471,45.946266],[85.269104,45.945967],[85.269971,45.945847],[85.270966,45.945470],[85.271067,45.945296],[85.271048,45.944720],[85.270613,45.944446],[85.269230,45.944224],[85.266848,45.944119],[85.266540,45.944006],[85.265983,45.943421],[85.265697,45.943333],[85.262946,45.943223],[85.262254,45.943104],[85.261878,45.942873],[85.261862,45.942630],[85.262144,45.942417],[85.264524,45.942563],[85.265227,45.942307],[85.265515,45.942287],[85.266937,45.942426],[85.268437,45.941982],[85.269244,45.941469],[85.269848,45.941720],[85.270700,45.941684],[85.270958,45.941496],[85.271104,45.941030],[85.271832,45.941134],[85.272575,45.941538],[85.273054,45.941529],[85.274783,45.941064],[85.274673,45.940361],[85.273072,45.939049],[85.272795,45.938653],[85.272679,45.938183],[85.272818,45.937918],[85.274979,45.937869],[85.276035,45.937443],[85.276268,45.937272],[85.276204,45.937020],[85.275901,45.936731],[85.274579,45.936468],[85.274490,45.936225],[85.274767,45.935436],[85.274277,45.934985],[85.273073,45.934766],[85.272725,45.934785],[85.271768,45.935096],[85.271133,45.935111],[85.270595,45.935061],[85.270122,45.934853],[85.269969,45.934742],[85.270038,45.934476],[85.271028,45.934249],[85.271290,45.933894],[85.271251,45.933234],[85.270941,45.932787],[85.270596,45.932714],[85.269992,45.932863],[85.269575,45.933166],[85.269285,45.933245],[85.268938,45.933223],[85.268560,45.933058],[85.268162,45.932743],[85.268195,45.932476],[85.269160,45.932274],[85.269480,45.931987],[85.269494,45.931553],[85.268973,45.930944],[85.267895,45.930175],[85.267287,45.930057],[85.266818,45.930133],[85.265745,45.930717],[85.265176,45.930909],[85.264304,45.930453],[85.263443,45.930347],[85.263199,45.930143],[85.263112,45.929858],[85.263410,45.929512],[85.263395,45.928844],[85.263167,45.928114],[85.262961,45.927776],[85.262587,45.927512],[85.261606,45.927471],[85.260170,45.926656],[85.259581,45.926313],[85.258784,45.925399],[85.258376,45.925434],[85.258106,45.925630],[85.257810,45.926285],[85.257724,45.926726],[85.257529,45.926832],[85.257217,45.926869],[85.256911,45.926689],[85.256799,45.926052],[85.256526,45.925581],[85.256223,45.925334],[85.255875,45.925370],[85.254831,45.926197],[85.253808,45.926357],[85.251785,45.927307],[85.251497,45.927315],[85.251106,45.927209],[85.250260,45.926491],[85.248587,45.925835],[85.248200,45.925587],[85.247941,45.925274],[85.247989,45.924698],[85.248242,45.924602],[85.248778,45.924689],[85.249740,45.925335],[85.250085,45.925402],[85.250575,45.925402],[85.251552,45.925195],[85.252102,45.924828],[85.254274,45.922782],[85.255356,45.922060],[85.256841,45.920162],[85.257378,45.919265],[85.257915,45.918722],[85.257927,45.918346],[85.258292,45.917788],[85.258340,45.917380],[85.258268,45.917037],[85.257882,45.916709],[85.257812,45.916499],[85.257836,45.915702],[85.258372,45.915239],[85.258351,45.914950],[85.258102,45.914826],[85.257211,45.914853],[85.256638,45.914991],[85.256546,45.914810],[85.256906,45.914627],[85.257815,45.913903],[85.257680,45.913625],[85.257269,45.913552],[85.256455,45.913760],[85.254555,45.914771],[85.253230,45.915623],[85.251994,45.916088],[85.251501,45.916147],[85.251206,45.916022],[85.252398,45.915023],[85.254262,45.914023],[85.255092,45.913309],[85.256108,45.912770],[85.257332,45.912471],[85.257608,45.912309],[85.257706,45.911847],[85.257364,45.911478],[85.256214,45.910939],[85.254998,45.910765],[85.253981,45.910950],[85.253757,45.910847],[85.253671,45.910703],[85.253953,45.910307],[85.254836,45.909849],[85.255162,45.909511],[85.255272,45.908515],[85.254915,45.907850],[85.254682,45.907692],[85.254290,45.907586],[85.252627,45.907531],[85.252365,45.907882],[85.251565,45.908613],[85.251295,45.908621],[85.251031,45.908450],[85.250907,45.907822],[85.251029,45.907578],[85.251952,45.906974],[85.252134,45.906689],[85.252143,45.905841],[85.251956,45.905684],[85.251216,45.905627],[85.249705,45.906839],[85.248754,45.907422],[85.248322,45.907440],[85.248221,45.907259],[85.248419,45.907041],[85.249954,45.905996],[85.250299,45.905633],[85.250337,45.905392],[85.250202,45.905135],[85.249921,45.904943],[85.249311,45.904771],[85.247957,45.904629],[85.247619,45.903760],[85.246622,45.903294],[85.246587,45.902884],[85.246748,45.902168],[85.246702,45.901725],[85.246488,45.901522],[85.245982,45.901439],[85.245401,45.901793],[85.244829,45.902327],[85.244416,45.902354],[85.244246,45.902239],[85.244212,45.901809],[85.244625,45.900224],[85.244736,45.899211],[85.244890,45.898846],[85.245056,45.898728],[85.245773,45.898563],[85.245955,45.898257],[85.245945,45.898048],[85.245674,45.897689],[85.245508,45.897499],[85.245317,45.897450],[85.244586,45.897518],[85.243577,45.897812],[85.243312,45.897720],[85.243285,45.897632],[85.243738,45.897305],[85.244201,45.897212],[85.244447,45.897007],[85.244379,45.896497],[85.244113,45.896396],[85.243736,45.896399],[85.243290,45.896505],[85.241926,45.896551],[85.241096,45.896902],[85.240665,45.896917],[85.237318,45.896679],[85.236896,45.896605],[85.236710,45.896448],[85.236683,45.896327],[85.236861,45.896187],[85.239581,45.896195],[85.240892,45.895784],[85.242323,45.895484],[85.243965,45.894657],[85.245173,45.893903],[85.246407,45.893083],[85.246695,45.892853],[85.246877,45.892572],[85.246959,45.892077],[85.246871,45.891796],[85.246777,45.891761],[85.246265,45.891845],[85.245387,45.892216],[85.245020,45.892277],[85.244608,45.892271],[85.244295,45.892145],[85.244221,45.892002],[85.245088,45.891627],[85.245471,45.891048],[85.245505,45.890573],[85.245301,45.890369],[85.244639,45.890326],[85.243874,45.890515],[85.243167,45.890383],[85.242026,45.890353],[85.241777,45.890283],[85.241609,45.890126],[85.241596,45.889950],[85.241354,45.889658],[85.241007,45.889645],[85.240382,45.889919],[85.239580,45.889820],[85.238921,45.889622],[85.238832,45.889458],[85.239003,45.888972],[85.238866,45.888740],[85.238263,45.888364],[85.237901,45.887874],[85.237265,45.887401],[85.236774,45.886864],[85.236971,45.886654],[85.237354,45.886659],[85.238905,45.887138],[85.239312,45.887131],[85.239648,45.887094],[85.240180,45.886702],[85.240461,45.885361],[85.240044,45.884007],[85.240051,45.883422],[85.240761,45.882844],[85.240994,45.882497],[85.240904,45.881911],[85.240764,45.881817],[85.240429,45.881846],[85.240052,45.882216],[85.239754,45.882211],[85.239681,45.882068],[85.239847,45.881716],[85.239854,45.881486],[85.239752,45.881330],[85.239434,45.881359],[85.238054,45.881898],[85.236659,45.882574],[85.235691,45.882706],[85.234018,45.883119],[85.233293,45.882967],[85.233242,45.882699],[85.233502,45.881855],[85.233225,45.881175],[85.233343,45.881035],[85.233704,45.880919],[85.234453,45.880876],[85.235109,45.880518],[85.235416,45.879884],[85.235293,45.878721],[85.235502,45.878161],[85.236006,45.877726],[85.236582,45.877405],[85.237164,45.876574],[85.237231,45.875978],[85.236984,45.875331],[85.236381,45.875281],[85.236157,45.875365],[85.235412,45.876105],[85.234836,45.876130],[85.234715,45.875995],[85.234739,45.875799],[85.235257,45.875527],[85.235273,45.875352],[85.234852,45.875237],[85.233415,45.875203],[85.233057,45.874977],[85.233113,45.874723],[85.233860,45.874700],[85.234655,45.874504],[85.234792,45.874142],[85.234862,45.873467],[85.234757,45.873169],[85.234367,45.873042],[85.232995,45.872955],[85.232607,45.872741],[85.232568,45.872473],[85.232844,45.872289],[85.233584,45.872300],[85.234317,45.872169],[85.235098,45.871483],[85.235043,45.871140],[85.232688,45.870245],[85.232351,45.870315],[85.231529,45.870779],[85.231284,45.871164],[85.231022,45.871335],[85.230723,45.871331],[85.230504,45.871248],[85.230526,45.871119],[85.230833,45.870869],[85.230834,45.870314],[85.230492,45.870146],[85.228947,45.870077],[85.228662,45.870019],[85.228560,45.869884],[85.228573,45.869796],[85.230235,45.869746],[85.231082,45.869424],[85.231704,45.869433],[85.233772,45.869952],[85.235607,45.869934],[85.236172,45.869433],[85.236210,45.868803],[85.236074,45.868538],[85.235907,45.868360],[85.235581,45.868309],[85.233726,45.868348],[85.233130,45.868118],[85.232203,45.868004],[85.232005,45.867826],[85.231981,45.867638],[85.232881,45.867530],[85.233298,45.867348],[85.233305,45.866764],[85.233076,45.866473],[85.232403,45.866229],[85.231300,45.865173],[85.230875,45.865012],[85.229613,45.863582],[85.229734,45.863163],[85.230007,45.863012],[85.230191,45.862718],[85.230231,45.862352],[85.230088,45.861986],[85.229830,45.861661],[85.228870,45.861572],[85.228589,45.861447],[85.228544,45.861333],[85.228752,45.861182],[85.230138,45.861369],[85.230728,45.861211],[85.230739,45.860869],[85.230353,45.860587],[85.229728,45.860336],[85.229580,45.860146],[85.229551,45.859891],[85.230241,45.859262],[85.230396,45.858701],[85.230385,45.858083],[85.230248,45.857893],[85.229979,45.857877],[85.229695,45.857993],[85.229236,45.858538],[85.228826,45.858866],[85.228401,45.858880],[85.228310,45.858712],[85.228961,45.858204],[85.229083,45.857897],[85.229042,45.857124],[85.228579,45.857225],[85.227782,45.858074],[85.227465,45.858061],[85.227039,45.857934],[85.225668,45.856941],[85.223873,45.856693],[85.223828,45.856592],[85.223997,45.856386],[85.224472,45.856238],[85.225696,45.856478],[85.226098,45.856383],[85.226287,45.856253],[85.226330,45.856024],[85.226289,45.855823],[85.225978,45.855643],[85.223826,45.855177],[85.223365,45.855195],[85.222590,45.855393],[85.222338,45.855402],[85.222134,45.855265],[85.222122,45.855077],[85.222365,45.854939],[85.223733,45.854712],[85.223915,45.854431],[85.223923,45.854197],[85.223429,45.853760],[85.223625,45.853617],[85.223999,45.853668],[85.225750,45.854378],[85.227170,45.854433],[85.227500,45.854329],[85.227998,45.854090],[85.228051,45.853903],[85.227840,45.853582],[85.227791,45.853281],[85.228272,45.852958],[85.228427,45.852618],[85.226887,45.851260],[85.226230,45.851083],[85.224436,45.851003],[85.223446,45.851339],[85.222530,45.851847],[85.222037,45.851928],[85.220741,45.851412],[85.219622,45.851283],[85.219443,45.851105],[85.219489,45.850985],[85.220066,45.850839],[85.222244,45.850870],[85.223059,45.850561],[85.223978,45.850002],[85.224278,45.849973],[85.225152,45.850249],[85.225814,45.850271],[85.226876,45.850120],[85.228015,45.850157],[85.228286,45.850107],[85.228532,45.849868],[85.228542,45.849572],[85.228361,45.849223],[85.228022,45.849009],[85.226924,45.848651],[85.226261,45.848257],[85.225305,45.847512],[85.224911,45.846379],[85.224549,45.845978],[85.223764,45.846275],[85.223405,45.846679],[85.222903,45.847047],[85.222517,45.847205],[85.221300,45.846757],[85.221241,45.846568],[85.221421,45.846374],[85.222588,45.846425],[85.222954,45.846384],[85.223324,45.846202],[85.223408,45.845994],[85.223293,45.845671],[85.223079,45.845434],[85.222119,45.845399],[85.220339,45.845695],[85.218203,45.845852],[85.217779,45.845846],[85.217650,45.845765],[85.217655,45.845602],[85.217948,45.845393],[85.221914,45.844920],[85.222617,45.844613],[85.222652,45.844426],[85.222340,45.843900],[85.222501,45.843772],[85.223659,45.843568],[85.223789,45.843390],[85.223800,45.843027],[85.223368,45.842382],[85.221958,45.842424],[85.221758,45.842313],[85.221733,45.842158],[85.221921,45.842061],[85.222987,45.841976],[85.223319,45.841839],[85.223451,45.841620],[85.223356,45.841242],[85.222725,45.840615],[85.221921,45.840570],[85.221697,45.840688],[85.221525,45.841228],[85.221364,45.841213],[85.220815,45.840629],[85.220672,45.840619],[85.220168,45.840753],[85.219970,45.840964],[85.219730,45.841014],[85.218499,45.841030],[85.218133,45.841112],[85.215715,45.842647],[85.214897,45.842677],[85.214788,45.842521],[85.214989,45.842215],[85.216906,45.841403],[85.218005,45.840655],[85.218833,45.839916],[85.218956,45.839609],[85.218966,45.839291],[85.218653,45.838636],[85.216227,45.838567],[85.215824,45.838328],[85.215876,45.838207],[85.216021,45.838155],[85.216823,45.838208],[85.217088,45.838125],[85.217239,45.837905],[85.217244,45.837743],[85.217004,45.837393],[85.216576,45.837023],[85.216356,45.836448],[85.216672,45.836407],[85.217281,45.836624],[85.217661,45.836663],[85.218121,45.836616],[85.218378,45.836452],[85.218695,45.835829],[85.219015,45.835430],[85.219083,45.835099],[85.218944,45.834932],[85.218719,45.834912],[85.215486,45.835438],[85.214998,45.835389],[85.214925,45.835267],[85.215053,45.835169],[85.215779,45.834842],[85.217410,45.834639],[85.217967,45.834359],[85.218072,45.834051],[85.217951,45.833540],[85.217397,45.832956],[85.217057,45.832759],[85.216044,45.832761],[85.215869,45.832583],[85.215890,45.831941],[85.215639,45.831628],[85.215179,45.831429],[85.213392,45.830978],[85.212433,45.830371],[85.211744,45.829167],[85.211815,45.828834],[85.212109,45.828571],[85.212273,45.828290],[85.212356,45.827940],[85.212271,45.827647],[85.211931,45.827425],[85.211230,45.827323],[85.210116,45.826739],[85.210060,45.826621],[85.210164,45.826406],[85.210706,45.826188],[85.210685,45.825962],[85.210288,45.825497],[85.209856,45.825166],[85.209861,45.825007],[85.211545,45.824589],[85.211315,45.823967],[85.210730,45.823208],[85.210384,45.822476],[85.210049,45.822137],[85.209447,45.821928],[85.209430,45.821736],[85.209530,45.821579],[85.210252,45.821372],[85.210521,45.821175],[85.210498,45.820774],[85.209794,45.820055],[85.209555,45.819684],[85.209511,45.819190],[85.208991,45.818674],[85.208087,45.818243],[85.207786,45.817579],[85.206497,45.816500],[85.205695,45.816247],[85.204900,45.816119],[85.204715,45.815189],[85.204564,45.815078],[85.202823,45.815079],[85.202351,45.814938],[85.201350,45.813822],[85.200090,45.813712],[85.199785,45.813574],[85.199602,45.813304],[85.199707,45.812997],[85.200986,45.812531],[85.201024,45.812089],[85.200911,45.811887],[85.200086,45.811967],[85.198151,45.812465],[85.197438,45.812773],[85.196899,45.812849],[85.196557,45.812735],[85.196465,45.812625],[85.196473,45.812400],[85.196959,45.812098],[85.197555,45.812106],[85.198322,45.811984],[85.199984,45.811064],[85.199983,45.810371],[85.199452,45.810188],[85.199406,45.809769],[85.199564,45.809680],[85.200292,45.809632],[85.200742,45.809371],[85.200811,45.809080],[85.200597,45.808701],[85.200111,45.808235],[85.200059,45.807992],[85.200322,45.807595],[85.201358,45.806900],[85.201465,45.806550],[85.201436,45.806333],[85.201191,45.806171],[85.199352,45.806278],[85.199144,45.806075],[85.199212,45.805792],[85.200205,45.805322],[85.200702,45.804686],[85.200517,45.804508],[85.199794,45.804381],[85.198274,45.804585],[85.197839,45.804403],[85.197810,45.804227],[85.199298,45.803121],[85.199594,45.802833],[85.199602,45.802616],[85.199358,45.802371],[85.199132,45.802367],[85.198233,45.802881],[85.197829,45.802858],[85.197207,45.802557],[85.196154,45.802701],[85.195637,45.802468],[85.194936,45.802416],[85.194743,45.802480],[85.194726,45.802990],[85.195036,45.804472],[85.194860,45.804753],[85.194486,45.804907],[85.194071,45.804834],[85.193258,45.803804],[85.191688,45.803364],[85.191443,45.803185],[85.191446,45.803094],[85.192024,45.802926],[85.193631,45.802949],[85.193826,45.802843],[85.193802,45.802467],[85.193440,45.801861],[85.192708,45.801283],[85.192239,45.801051],[85.191648,45.800909],[85.190904,45.800347],[85.188543,45.800380],[85.188454,45.800229],[85.188675,45.799982],[85.189485,45.799642],[85.189743,45.799379],[85.189752,45.799137],[85.189440,45.798807],[85.189038,45.798709],[85.187584,45.798780],[85.187529,45.798579],[85.187849,45.798291],[85.187855,45.798099],[85.187590,45.797803],[85.186098,45.797164],[85.185412,45.796645],[85.184374,45.794869],[85.183276,45.793810],[85.181990,45.793441],[85.181470,45.792949],[85.180898,45.792206],[85.180190,45.791645],[85.179528,45.791485],[85.177806,45.791344],[85.177240,45.791144],[85.177128,45.790942],[85.177194,45.790743],[85.177580,45.790598],[85.180213,45.790944],[85.182415,45.790992],[85.183210,45.790719],[85.183442,45.790547],[85.183478,45.790172],[85.183123,45.789724],[85.182522,45.789540],[85.181585,45.789410],[85.180704,45.789398],[85.180209,45.789240],[85.179756,45.788507],[85.179260,45.788367],[85.178559,45.788332],[85.177005,45.787775],[85.174406,45.788206],[85.172684,45.788775],[85.171883,45.789231],[85.170744,45.789457],[85.169805,45.789427],[85.169740,45.789201],[85.170258,45.789033],[85.172125,45.788750],[85.172676,45.788315],[85.172616,45.787939],[85.172134,45.787397],[85.170320,45.787130],[85.169969,45.786949],[85.169449,45.786457],[85.169236,45.786429],[85.168657,45.786647],[85.168407,45.786643],[85.168475,45.786377],[85.168998,45.786050],[85.169006,45.785791],[85.168689,45.785653],[85.167960,45.785726],[85.167070,45.786006],[85.165750,45.785937],[85.164970,45.785751],[85.163734,45.784940],[85.163249,45.784490],[85.161778,45.784294],[85.161501,45.784022],[85.161476,45.783688],[85.163474,45.782347],[85.163709,45.782067],[85.163646,45.781799],[85.163254,45.781417],[85.161926,45.781599],[85.161642,45.781553],[85.161675,45.780576],[85.161567,45.780199],[85.160978,45.779639],[85.159539,45.779577],[85.159319,45.779373],[85.159299,45.778914],[85.159095,45.778577],[85.158666,45.778220],[85.157576,45.777712],[85.156425,45.776484],[85.154880,45.776370],[85.154579,45.776123],[85.154515,45.775880],[85.156855,45.774637],[85.159249,45.773895],[85.159955,45.773437],[85.160157,45.773089],[85.160130,45.772822],[85.158747,45.771791],[85.158730,45.771591],[85.158460,45.771102],[85.157229,45.771218],[85.156568,45.771050],[85.155627,45.771062],[85.153784,45.771319],[85.153101,45.771092],[85.153050,45.770840],[85.153401,45.770670],[85.155479,45.770483],[85.156218,45.770118],[85.156256,45.770027],[85.155944,45.769738],[85.155835,45.769445],[85.155997,45.769230],[85.156865,45.768908],[85.156871,45.768733],[85.156498,45.768486],[85.155907,45.768343],[85.153384,45.768290],[85.152856,45.768057],[85.152612,45.767853],[85.152625,45.767477],[85.152997,45.766648],[85.153069,45.766273],[85.152766,45.766068],[85.152048,45.765816],[85.151891,45.764820],[85.151612,45.764590],[85.149910,45.764565],[85.149380,45.764382],[85.149229,45.764271],[85.149329,45.764114],[85.149910,45.763839],[85.149752,45.763569],[85.149543,45.763416],[85.148532,45.763376],[85.148063,45.763169],[85.147991,45.762817],[85.148627,45.762292],[85.149780,45.762000],[85.149915,45.761517],[85.149421,45.761335],[85.146337,45.761331],[85.146018,45.761243],[85.145838,45.760931],[85.146452,45.759654],[85.146431,45.759195],[85.146229,45.758833],[85.145822,45.758518],[85.145421,45.758403],[85.144505,45.758390],[85.143708,45.758712],[85.141837,45.760162],[85.141550,45.760200],[85.141233,45.760061],[85.141244,45.759736],[85.142185,45.759015],[85.142451,45.758535],[85.142435,45.758292],[85.142252,45.758089],[85.140928,45.758136],[85.140218,45.758351],[85.139453,45.758782],[85.138636,45.759714],[85.138007,45.759637],[85.137859,45.759418],[85.138030,45.758953],[85.139490,45.757656],[85.140353,45.757159],[85.141435,45.756841],[85.142054,45.756500],[85.143140,45.755013],[85.143096,45.754544],[85.142761,45.754214],[85.141871,45.754109],[85.141424,45.754302],[85.140813,45.754778],[85.140051,45.755117],[85.139633,45.755161],[85.139282,45.755331],[85.138881,45.755918],[85.138605,45.755981],[85.138071,45.755931],[85.137413,45.755637],[85.137170,45.755433],[85.137532,45.754929],[85.138711,45.754596],[85.138934,45.754332],[85.139074,45.754042],[85.139047,45.753783],[85.138624,45.753267],[85.138262,45.753036],[85.136821,45.753390],[85.136452,45.753385],[85.135887,45.753184],[85.135462,45.752710],[85.135107,45.751911],[85.134748,45.751597],[85.133249,45.751173],[85.133034,45.750836],[85.132987,45.750460],[85.132769,45.750197],[85.131985,45.750135],[85.131648,45.749888],[85.131755,45.749539],[85.131980,45.749208],[85.131872,45.748881],[85.131352,45.748380],[85.130854,45.748331],[85.130278,45.748431],[85.128806,45.748984],[85.127984,45.748972],[85.127969,45.748729],[85.128445,45.748386],[85.129668,45.747787],[85.130510,45.747199],[85.130625,45.746607],[85.130508,45.746205],[85.129961,45.745445],[85.129752,45.745291],[85.129217,45.745258],[85.128544,45.745423],[85.127394,45.745230],[85.126853,45.745397],[85.125976,45.745960],[85.125246,45.746032],[85.125158,45.745838],[85.125905,45.745232],[85.125822,45.744872],[85.125900,45.744656],[85.125588,45.744384],[85.125245,45.744287],[85.124760,45.744288],[85.123946,45.744291],[85.122855,45.744124],[85.122033,45.744111],[85.121822,45.744016],[85.121948,45.743801],[85.122936,45.743482],[85.123386,45.743222],[85.123399,45.742822],[85.123099,45.742533],[85.121815,45.742095],[85.121009,45.742659],[85.120570,45.742602],[85.120457,45.742425],[85.120936,45.741990],[85.121284,45.741202],[85.121296,45.740868],[85.121133,45.740732],[85.120512,45.740789],[85.119837,45.741004],[85.119166,45.741102],[85.119021,45.740815],[85.119256,45.740552],[85.119229,45.740284],[85.119045,45.740106],[85.118028,45.740199],[85.117876,45.740113],[85.117740,45.739551],[85.117344,45.739261],[85.116304,45.739002],[85.115396,45.739054],[85.114328,45.738904],[85.112449,45.737345],[85.112165,45.737282],[85.111694,45.737450],[85.110937,45.738340],[85.110459,45.738374],[85.110152,45.738260],[85.110099,45.737708],[85.110650,45.736590],[85.110593,45.736171],[85.110238,45.735723],[85.109093,45.735729],[85.108586,45.735913],[85.107229,45.736885],[85.106981,45.736797],[85.106861,45.736486],[85.106984,45.735670],[85.106617,45.735221],[85.106279,45.734999],[85.104713,45.734722],[85.103356,45.734658],[85.103145,45.734546],[85.102877,45.733991],[85.102573,45.733810],[85.101967,45.733750],[85.101019,45.733893],[85.099854,45.733782],[85.099552,45.733534],[85.099144,45.732200],[85.098467,45.731729],[85.095569,45.731680],[85.094637,45.732065],[85.094021,45.732606],[85.093637,45.732683],[85.093198,45.732609],[85.093174,45.732257],[85.093327,45.731617],[85.093754,45.730990],[85.093744,45.730589],[85.093524,45.730384],[85.093084,45.730335],[85.092831,45.730414],[85.091575,45.731195],[85.091098,45.731161],[85.090506,45.729982],[85.087951,45.728209],[85.087250,45.727404],[85.086033,45.727032],[85.085602,45.726715],[85.084472,45.725526],[85.083913,45.725116],[85.083307,45.724328],[85.083027,45.724123],[85.082530,45.724006],[85.082249,45.723825],[85.081719,45.722931],[85.080971,45.722433],[85.080304,45.721695],[85.076791,45.721699],[85.076604,45.721579],[85.076713,45.721205],[85.076949,45.720925],[85.076957,45.720683],[85.076718,45.720345],[85.074319,45.719225],[85.072657,45.718902],[85.071240,45.718768],[85.070144,45.718305],[85.069158,45.717427],[85.067451,45.716669],[85.066588,45.716052],[85.064919,45.715579],[85.064166,45.715548],[85.063886,45.715359],[85.064085,45.714110],[85.063696,45.713593],[85.063054,45.713840],[85.062853,45.714129],[85.062112,45.714466],[85.059885,45.713163],[85.059502,45.713156],[85.059186,45.713309],[85.059173,45.713684],[85.058871,45.714121],[85.058518,45.714290],[85.058038,45.714348],[85.057396,45.714578],[85.056855,45.714634],[85.055627,45.714519],[85.055406,45.714340],[85.055564,45.713590],[85.055251,45.713301],[85.054980,45.713187],[85.054593,45.713314],[85.054196,45.713724],[85.053779,45.714000],[85.052990,45.713985],[85.052426,45.713690],[85.051987,45.713590],[85.051541,45.713673],[85.051377,45.713937],[85.051313,45.714729],[85.051527,45.715109],[85.050908,45.715381],[85.048174,45.715863],[85.047038,45.715841],[85.044674,45.716363],[85.043848,45.716372],[85.041986,45.716887],[85.041379,45.717142],[85.039757,45.717311],[85.038343,45.716991],[85.037877,45.716982],[85.036790,45.717912],[85.035600,45.718398],[85.035288,45.718417],[85.034757,45.718181],[85.034126,45.718102],[85.032031,45.718060],[85.031232,45.718311],[85.030453,45.719022],[85.029551,45.719447],[85.026192,45.720290],[85.025041,45.720659],[85.024355,45.721072],[85.023776,45.721194],[85.022700,45.721122],[85.022271,45.720721],[85.022598,45.719617],[85.022315,45.719502],[85.021748,45.719600],[85.021516,45.719728],[85.021110,45.719704],[85.020793,45.719497],[85.020649,45.719185],[85.020278,45.718818],[85.019651,45.718614],[85.018325,45.718495],[85.017785,45.718526],[85.017504,45.718679],[85.017279,45.718607],[85.017353,45.717548],[85.016949,45.717098],[85.016549,45.716889],[85.016662,45.716407],[85.016556,45.715695],[85.016323,45.715181],[85.016046,45.714866],[85.015069,45.714738],[85.013140,45.714740],[85.012172,45.715013],[85.011608,45.715043],[85.011157,45.715235],[85.010173,45.715966],[85.009826,45.715959],[85.009368,45.715682],[85.008850,45.715764],[85.008269,45.716261],[85.007982,45.716915],[85.007944,45.717315],[85.008343,45.717566],[85.009419,45.717629],[85.009663,45.717835],[85.009645,45.718344],[85.009025,45.718924],[85.007332,45.719357],[85.007074,45.719527],[85.006889,45.720008],[85.006387,45.719972],[85.006144,45.719750],[85.006028,45.719305],[85.005624,45.719205],[85.002996,45.719498],[85.002353,45.719385],[85.002246,45.719195],[85.000683,45.718996],[84.999254,45.719100],[84.998215,45.718987],[84.996667,45.718738],[84.996172,45.718511],[84.995117,45.717846],[84.994504,45.717232],[84.993970,45.717088],[84.991953,45.716871],[84.991177,45.716462],[84.990324,45.716219],[84.989293,45.716557],[84.988060,45.716549],[84.987379,45.716159],[84.986917,45.715690],[84.986325,45.715478],[84.984687,45.715402],[84.984403,45.715305],[84.984251,45.714859],[84.984043,45.714654],[84.981356,45.714449],[84.980957,45.714214],[84.979785,45.714150],[84.978242,45.713784],[84.977275,45.713372],[84.975142,45.712751],[84.972707,45.711859],[84.972203,45.711565],[84.971751,45.711155],[84.971725,45.710895],[84.972347,45.710240],[84.972999,45.709769],[84.974232,45.709109],[84.974689,45.708718],[84.974818,45.708478],[84.974704,45.708325],[84.974456,45.708229],[84.973879,45.708284],[84.972764,45.708662],[84.972441,45.708655],[84.972233,45.708451],[84.972180,45.707915],[84.971865,45.707032],[84.971309,45.706861],[84.970642,45.706756],[84.969791,45.706789],[84.969329,45.706980],[84.968853,45.707228],[84.966985,45.708895],[84.964760,45.709819],[84.963712,45.710023],[84.961620,45.709956],[84.961030,45.709727],[84.960578,45.709300],[84.958809,45.708930],[84.958259,45.708585],[84.958175,45.708274],[84.958759,45.707668],[84.959580,45.706182],[84.960244,45.705359],[84.960491,45.704495],[84.959886,45.703048],[84.959550,45.702732],[84.958870,45.703011],[84.958610,45.703248],[84.958547,45.703997],[84.957904,45.705221],[84.957238,45.707061],[84.956672,45.707827],[84.956417,45.707930],[84.956070,45.707923],[84.955787,45.707809],[84.955917,45.707518],[84.956681,45.706590],[84.956742,45.705907],[84.956655,45.705664],[84.956410,45.705500],[84.955653,45.705267],[84.954321,45.704398],[84.952867,45.703592],[84.951918,45.702713],[84.949948,45.701329],[84.949490,45.700769],[84.948297,45.700369],[84.946940,45.698414],[84.946391,45.697258],[84.945790,45.696916],[84.945465,45.696731],[84.944858,45.696009],[84.944442,45.695316],[84.943827,45.694803],[84.943145,45.694497],[84.942742,45.694071],[84.942300,45.693420],[84.942039,45.692730],[84.941814,45.692016],[84.941873,45.691047],[84.941709,45.690318],[84.941048,45.688802],[84.940470,45.687947],[84.938644,45.686900],[84.938132,45.686223],[84.937943,45.685518],[84.937781,45.685356],[84.937569,45.685285],[84.936618,45.685467],[84.936297,45.685435],[84.935635,45.684603],[84.935596,45.684036],[84.935201,45.683401],[84.934993,45.683222],[84.934706,45.683242],[84.934444,45.683545],[84.934014,45.683845],[84.933071,45.683853],[84.931466,45.682668],[84.928545,45.681577],[84.927747,45.680894],[84.927334,45.680752],[84.926645,45.680681],[84.926345,45.680382],[84.925896,45.679623],[84.925627,45.678515],[84.925176,45.677779],[84.925415,45.677142],[84.925411,45.676606],[84.922931,45.674288],[84.922475,45.673986],[84.922547,45.672684],[84.922078,45.671815],[84.920900,45.670448],[84.919709,45.669432],[84.919510,45.668677],[84.919558,45.668112],[84.919821,45.667530],[84.919978,45.666840],[84.919953,45.666217],[84.918943,45.665325],[84.918414,45.665098],[84.918083,45.664716],[84.917952,45.664046],[84.918077,45.663255],[84.916734,45.661860],[84.916211,45.661474],[84.915619,45.661355],[84.915380,45.661058],[84.915309,45.657833],[84.915127,45.656635],[84.914490,45.654527],[84.914192,45.653903],[84.913040,45.652821],[84.912526,45.652210],[84.912005,45.651783],[84.911756,45.651444],[84.911453,45.651247],[84.909946,45.651060],[84.909474,45.650943],[84.909136,45.650736],[84.909061,45.650208],[84.909167,45.649918],[84.909400,45.649722],[84.909830,45.649555],[84.910119,45.649297],[84.910240,45.649099],[84.910228,45.648936],[84.909063,45.648075],[84.908531,45.647159],[84.907871,45.647113],[84.907264,45.647256],[84.906942,45.647426],[84.906424,45.647404],[84.906000,45.646966],[84.905822,45.646633],[84.905594,45.646507],[84.905213,45.646500],[84.904686,45.646733],[84.904370,45.646748],[84.902987,45.646138],[84.901908,45.646018],[84.901218,45.645817],[84.900741,45.645533],[84.900074,45.645354],[84.899299,45.645398],[84.898444,45.645967],[84.897985,45.645971],[84.897274,45.645558],[84.896744,45.645418],[84.895723,45.645333],[84.893018,45.644453],[84.891718,45.644188],[84.889041,45.642595],[84.888589,45.642090],[84.886658,45.641082],[84.886426,45.640911],[84.886077,45.641038],[84.885476,45.641512],[84.885159,45.641540],[84.884883,45.641447],[84.884858,45.641171],[84.885191,45.640380],[84.885106,45.640115],[84.884845,45.639922],[84.883954,45.639740],[84.882311,45.638671],[84.880578,45.638732],[84.879851,45.638297],[84.878947,45.638139],[84.877651,45.637494],[84.876394,45.637410],[84.875493,45.637481],[84.873053,45.638023],[84.871887,45.638533],[84.871236,45.638589],[84.870807,45.638326],[84.870676,45.637994],[84.870266,45.637687],[84.870077,45.637662],[84.869329,45.637937],[84.868022,45.637931],[84.867296,45.637326],[84.866922,45.637144],[84.865413,45.637143],[84.864773,45.637416],[84.864394,45.637363],[84.864016,45.637311],[84.863747,45.637197],[84.863204,45.636478],[84.862984,45.636324],[84.862806,45.636321],[84.862127,45.636660],[84.860493,45.636498],[84.859789,45.636269],[84.859102,45.635906],[84.858894,45.634817],[84.858861,45.634106],[84.858555,45.633725],[84.857331,45.633729],[84.856206,45.632883],[84.855194,45.632122],[84.853739,45.631638],[84.851048,45.631191],[84.847680,45.631350],[84.846315,45.631636],[84.845398,45.631963],[84.842871,45.632863],[84.842460,45.633056],[84.842192,45.633536],[84.840752,45.634221],[84.840247,45.634405],[84.839295,45.634438],[84.838592,45.633875],[84.838362,45.633378],[84.838376,45.633003],[84.837902,45.632360],[84.837613,45.631537],[84.836355,45.630897],[84.835464,45.629353],[84.834223,45.628271],[84.833590,45.627960],[84.831010,45.630007],[84.826863,45.633360],[84.827307,45.636996],[84.827212,45.639455],[84.827475,45.644346],[84.827636,45.644805],[84.828088,45.645353],[84.829756,45.646609],[84.829656,45.647259],[84.826495,45.648516],[84.824386,45.649599],[84.822866,45.650508],[84.821856,45.650816],[84.821321,45.650832],[84.819593,45.650643],[84.817904,45.651324],[84.817304,45.651472],[84.816453,45.651340],[84.814352,45.651304],[84.813252,45.651176],[84.812853,45.651035],[84.811154,45.651031],[84.806863,45.652283],[84.803982,45.653643],[84.803712,45.654165],[84.803511,45.656859],[84.803181,45.658022],[84.800900,45.659201],[84.797516,45.660619],[84.796652,45.661714],[84.794823,45.662583],[84.793662,45.663380],[84.792889,45.663676],[84.792066,45.663753],[84.788688,45.663466],[84.786960,45.662349],[84.785536,45.661045],[84.785458,45.660601],[84.785679,45.659828],[84.786270,45.658428],[84.785914,45.657803],[84.784660,45.656102],[84.783412,45.655177],[84.780946,45.653778],[84.778984,45.652548],[84.776136,45.651167],[84.773892,45.650732],[84.772743,45.650310],[84.772196,45.649706],[84.772142,45.648662],[84.772851,45.646094],[84.773767,45.643389],[84.773981,45.642182],[84.773956,45.641029],[84.773607,45.640513],[84.773205,45.640155],[84.773097,45.639886],[84.773325,45.639539],[84.773680,45.639279],[84.776138,45.639375],[84.777445,45.639725],[84.778191,45.639806],[84.778865,45.639618],[84.788363,45.634848],[84.790946,45.633835],[84.792232,45.633173],[84.793685,45.631278],[84.800542,45.623977],[84.802024,45.623118],[84.803371,45.621789],[84.803906,45.620855],[84.803919,45.620546],[84.803404,45.620027],[84.803319,45.619783],[84.803467,45.619343],[84.804205,45.618672],[84.805033,45.616941],[84.804833,45.615676],[84.804874,45.614616],[84.805204,45.614071],[84.805455,45.613432],[84.806077,45.612692],[84.806252,45.612160],[84.806089,45.611631],[84.806127,45.610968],[84.805963,45.610756],[84.805672,45.610605],[84.805602,45.610407],[84.805939,45.610159],[84.806526,45.609242],[84.806469,45.608731],[84.806273,45.608440],[84.805970,45.608272],[84.805716,45.608242],[84.805197,45.608321],[84.804257,45.608672],[84.803382,45.608865],[84.802972,45.608870],[84.802821,45.608788],[84.802694,45.608080],[84.802193,45.607541],[84.802191,45.606058],[84.801450,45.605586],[84.800580,45.604752],[84.799369,45.603812],[84.798451,45.602856],[84.797197,45.601969],[84.795302,45.601363],[84.794537,45.600894],[84.794124,45.600511],[84.793681,45.600306],[84.792787,45.600244],[84.792336,45.600082],[84.792170,45.599924],[84.792171,45.599118],[84.792007,45.598915],[84.791605,45.598711],[84.791027,45.598613],[84.790127,45.598705],[84.789784,45.598653],[84.788063,45.597574],[84.787289,45.597318],[84.785090,45.597641],[84.783618,45.597593],[84.783240,45.597243],[84.783256,45.596834],[84.783117,45.596301],[84.780917,45.594219],[84.780773,45.593949],[84.780778,45.593373],[84.780678,45.593196],[84.779810,45.592925],[84.779463,45.592534],[84.779627,45.591994],[84.780522,45.591589],[84.780522,45.591117],[84.779935,45.590488],[84.779506,45.590226],[84.778960,45.590060],[84.777710,45.589971],[84.777000,45.590033],[84.775983,45.589914],[84.775752,45.589746],[84.775837,45.589539],[84.776463,45.589183],[84.776470,45.589008],[84.776322,45.588851],[84.776057,45.588792],[84.775616,45.588817],[84.774497,45.589314],[84.773788,45.589221],[84.773782,45.589058],[84.774251,45.588791],[84.774804,45.588622],[84.775310,45.588155],[84.775337,45.587893],[84.775158,45.587635],[84.775197,45.587406],[84.775412,45.587222],[84.775827,45.587084],[84.776599,45.586956],[84.777099,45.586623],[84.777268,45.586413],[84.777279,45.586138],[84.777008,45.585769],[84.776612,45.585432],[84.774689,45.584766],[84.774587,45.584630],[84.774455,45.583909],[84.774095,45.583560],[84.773862,45.583447],[84.772204,45.583579],[84.771850,45.583376],[84.771731,45.583227],[84.771852,45.582988],[84.772316,45.582708],[84.772358,45.582554],[84.772161,45.582275],[84.770510,45.581183],[84.769743,45.581060],[84.769461,45.580975],[84.769329,45.580839],[84.769290,45.580630],[84.769662,45.580248],[84.769897,45.579856],[84.769623,45.578970],[84.771489,45.578241],[84.772102,45.577910],[84.772398,45.577486],[84.772180,45.577106],[84.771868,45.577033],[84.771013,45.577192],[84.769569,45.577941],[84.768937,45.578005],[84.768814,45.577948],[84.768786,45.577760],[84.770028,45.576998],[84.770326,45.576674],[84.770352,45.576332],[84.770280,45.576197],[84.769679,45.575910],[84.769734,45.575731],[84.771338,45.574814],[84.771460,45.574595],[84.771483,45.574019],[84.771348,45.573841],[84.771195,45.573792],[84.770814,45.573818],[84.770113,45.574106],[84.769561,45.574083],[84.769336,45.573924],[84.768036,45.571790],[84.767696,45.570732],[84.766030,45.568424],[84.764438,45.566869],[84.761397,45.565031],[84.759978,45.564419],[84.759947,45.564298],[84.760047,45.564166],[84.760525,45.564088],[84.761376,45.563640],[84.761534,45.563255],[84.761544,45.562992],[84.761216,45.562564],[84.760837,45.562502],[84.760272,45.562558],[84.759580,45.562908],[84.757992,45.564126],[84.757517,45.565002],[84.757010,45.565489],[84.756252,45.565850],[84.755721,45.565760],[84.755541,45.565193],[84.755168,45.564722],[84.755011,45.564335],[84.756446,45.563390],[84.756705,45.563153],[84.756778,45.562920],[84.755830,45.562714],[84.755773,45.562525],[84.755852,45.562184],[84.756112,45.561914],[84.756168,45.561672],[84.755870,45.561266],[84.754285,45.561192],[84.754196,45.561070],[84.754330,45.560818],[84.754830,45.560527],[84.754932,45.560354],[84.754379,45.559604],[84.754028,45.559309],[84.753665,45.559301],[84.752735,45.559350],[84.752566,45.559292],[84.752419,45.559110],[84.752538,45.558795],[84.754093,45.557355],[84.755863,45.555941],[84.757119,45.555147],[84.757562,45.554759],[84.757566,45.554638],[84.757399,45.554501],[84.757164,45.554463],[84.756275,45.554680],[84.755816,45.554712],[84.755695,45.554622],[84.755781,45.554415],[84.756673,45.553802],[84.756694,45.553539],[84.756509,45.553147],[84.755342,45.552110],[84.755028,45.551957],[84.754797,45.551953],[84.754109,45.552194],[84.753872,45.552189],[84.753598,45.552042],[84.753513,45.551786],[84.753500,45.550900],[84.752842,45.549993],[84.752145,45.549698],[84.751039,45.548801],[84.750575,45.548525],[84.750324,45.548407],[84.749526,45.548316],[84.748094,45.547247],[84.747624,45.547096],[84.747399,45.546933],[84.747466,45.546404],[84.747761,45.546059],[84.747533,45.545048],[84.746969,45.544586],[84.745837,45.544195],[84.745153,45.544061],[84.744789,45.543623],[84.744711,45.543212],[84.744276,45.542773],[84.743698,45.542628],[84.743095,45.542729],[84.742585,45.543249],[84.741831,45.543234],[84.738598,45.542713],[84.738056,45.542447],[84.737681,45.541988],[84.736939,45.541672],[84.735535,45.541347],[84.734845,45.540481],[84.734910,45.539280],[84.734766,45.538600],[84.734431,45.537908],[84.734317,45.536749],[84.734620,45.535837],[84.735454,45.534660],[84.735815,45.534379],[84.736459,45.534061],[84.736976,45.533609],[84.737164,45.533225],[84.737177,45.532907],[84.736975,45.532461],[84.736153,45.531746],[84.735301,45.531353],[84.735007,45.530971],[84.734894,45.530500],[84.734454,45.529924],[84.734405,45.529371],[84.734992,45.528958],[84.736778,45.528360],[84.737137,45.528162],[84.737381,45.527858],[84.737432,45.527442],[84.737309,45.527263],[84.736436,45.527078],[84.735232,45.526975],[84.735153,45.526886],[84.735339,45.526560],[84.735362,45.526005],[84.735133,45.525461],[84.734877,45.524429],[84.734511,45.524066],[84.733735,45.523850],[84.733503,45.523690],[84.733483,45.523448],[84.735063,45.523359],[84.736536,45.523101],[84.737336,45.522753],[84.737810,45.522355],[84.738543,45.521267],[84.739200,45.521047],[84.739479,45.520756],[84.739508,45.520334],[84.739405,45.519802],[84.738789,45.519460],[84.738765,45.519292],[84.738901,45.519007],[84.739229,45.518704],[84.740033,45.518211],[84.740177,45.517763],[84.739747,45.517189],[84.739278,45.517026],[84.738327,45.516853],[84.736570,45.516771],[84.736405,45.516604],[84.736334,45.516281],[84.736382,45.515994],[84.737247,45.515461],[84.737627,45.514750],[84.737530,45.514339],[84.736975,45.514127],[84.736809,45.513936],[84.736846,45.513749],[84.738107,45.512860],[84.738120,45.512538],[84.737705,45.512362],[84.736264,45.512267],[84.736140,45.512089],[84.736327,45.511883],[84.737125,45.511536],[84.737456,45.511188],[84.737426,45.511021],[84.737276,45.510909],[84.736372,45.510744],[84.735671,45.510885],[84.734741,45.511375],[84.734523,45.511337],[84.734418,45.511135],[84.734882,45.510241],[84.734724,45.509737],[84.734900,45.508625],[84.736655,45.506808],[84.736729,45.506453],[84.736678,45.506232],[84.736526,45.506062],[84.736041,45.505956],[84.733620,45.506282],[84.731960,45.506168],[84.731774,45.506043],[84.731292,45.505181],[84.730600,45.505079],[84.729595,45.505079],[84.729206,45.504984],[84.728792,45.504766],[84.728691,45.504508],[84.728966,45.504293],[84.730085,45.503832],[84.730236,45.503193],[84.730711,45.502321],[84.730718,45.502167],[84.730477,45.501915],[84.729675,45.501899],[84.729573,45.501788],[84.729584,45.501513],[84.729939,45.501253],[84.729979,45.500701],[84.729796,45.500522],[84.729312,45.500446],[84.729155,45.500343],[84.729202,45.500056],[84.729690,45.499622],[84.730540,45.498449],[84.730928,45.498103],[84.731714,45.497789],[84.731950,45.497394],[84.731960,45.497151],[84.731872,45.496962],[84.731675,45.496848],[84.731407,45.496844],[84.729756,45.497227],[84.729523,45.497122],[84.729342,45.496889],[84.729326,45.496545],[84.729554,45.495598],[84.729572,45.495168],[84.728835,45.493516],[84.728728,45.493075],[84.728814,45.491252],[84.729020,45.490107],[84.729023,45.489590],[84.728662,45.489268],[84.727931,45.489400],[84.727647,45.489374],[84.727357,45.489188],[84.727306,45.488836],[84.727476,45.488176],[84.727542,45.486940],[84.726930,45.485766],[84.726839,45.485209],[84.726875,45.484329],[84.726733,45.484004],[84.726026,45.483547],[84.725929,45.483148],[84.725917,45.482718],[84.726330,45.482195],[84.727292,45.481343],[84.727577,45.480769],[84.726604,45.479692],[84.726237,45.479509],[84.725722,45.479451],[84.723986,45.479871],[84.723737,45.479865],[84.723570,45.479728],[84.723641,45.479433],[84.723888,45.479205],[84.723863,45.478660],[84.723674,45.477871],[84.723755,45.477498],[84.724092,45.476953],[84.724145,45.476383],[84.723946,45.475857],[84.723780,45.475697],[84.723401,45.475669],[84.723052,45.475750],[84.722701,45.475917],[84.722173,45.476471],[84.722024,45.476468],[84.721876,45.476464],[84.721291,45.476067],[84.720251,45.475770],[84.718681,45.475624],[84.717261,45.474996],[84.716215,45.474833],[84.716172,45.474719],[84.716370,45.474514],[84.716699,45.474466],[84.717763,45.474632],[84.717969,45.474548],[84.718659,45.473944],[84.718930,45.473871],[84.719607,45.474198],[84.720065,45.474195],[84.720653,45.474054],[84.722083,45.473244],[84.722753,45.472715],[84.722841,45.472454],[84.721649,45.471181],[84.720345,45.470355],[84.719811,45.470310],[84.719148,45.470383],[84.718576,45.470573],[84.717420,45.471499],[84.717196,45.471592],[84.716815,45.471608],[84.716487,45.471191],[84.716605,45.469900],[84.716575,45.469026],[84.716417,45.468216],[84.716107,45.467349],[84.715884,45.465520],[84.715736,45.465221],[84.715598,45.465084],[84.714739,45.465011],[84.714554,45.464886],[84.714441,45.464153],[84.714277,45.463940],[84.713504,45.463649],[84.712409,45.463062],[84.711908,45.462661],[84.711701,45.462348],[84.711465,45.460388],[84.711148,45.459980],[84.711036,45.459669],[84.711013,45.458787],[84.710596,45.457329],[84.710618,45.456779],[84.710830,45.456252],[84.711922,45.454982],[84.711897,45.454727],[84.711221,45.453650],[84.711259,45.452725],[84.710725,45.451794],[84.709501,45.451050],[84.709133,45.450725],[84.708791,45.450228],[84.708109,45.450039],[84.706619,45.450260],[84.706375,45.450109],[84.706257,45.449931],[84.706258,45.449488],[84.705687,45.448749],[84.705713,45.448538],[84.706384,45.448289],[84.706583,45.448072],[84.706662,45.447287],[84.706542,45.446742],[84.706310,45.446287],[84.705961,45.445958],[84.705319,45.445801],[84.704350,45.446076],[84.703719,45.446552],[84.703217,45.447180],[84.702782,45.447944],[84.702443,45.448091],[84.701863,45.448015],[84.701665,45.447897],[84.702579,45.446340],[84.702579,45.445917],[84.702229,45.445601],[84.701683,45.445556],[84.701432,45.445449],[84.701315,45.445259],[84.701326,45.444976],[84.702562,45.443686],[84.702836,45.443104],[84.702848,45.442807],[84.702436,45.442402],[84.699869,45.442501],[84.698693,45.442751],[84.698176,45.442739],[84.697435,45.442393],[84.697231,45.442422],[84.697033,45.442613],[84.696508,45.443522],[84.695993,45.443752],[84.695502,45.443841],[84.693646,45.443391],[84.692951,45.442779],[84.692568,45.442561],[84.692485,45.442259],[84.692772,45.441360],[84.692713,45.440465],[84.692414,45.439772],[84.692008,45.439220],[84.691288,45.438795],[84.690383,45.438533],[84.689525,45.438714],[84.688372,45.439275],[84.687551,45.439268],[84.687139,45.439004],[84.686793,45.438601],[84.686834,45.436876],[84.686057,45.435798],[84.685463,45.435785],[84.684703,45.436187],[84.684560,45.436182],[84.684336,45.435981],[84.684233,45.435745],[84.684462,45.435245],[84.684772,45.433781],[84.684724,45.433070],[84.685473,45.430180],[84.685596,45.429060],[84.685239,45.428496],[84.684723,45.428012],[84.683543,45.426175],[84.683147,45.425388],[84.683134,45.424991],[84.682990,45.424578],[84.683059,45.424062],[84.683351,45.423902],[84.684496,45.423684],[84.684678,45.423467],[84.684688,45.423204],[84.684489,45.422979],[84.682538,45.422259],[84.682234,45.421989],[84.681133,45.421588],[84.680154,45.420957],[84.679608,45.420495],[84.679428,45.420222],[84.679321,45.419791],[84.679113,45.419509],[84.678829,45.419470],[84.678443,45.419603],[84.677630,45.420704],[84.676841,45.420808],[84.675128,45.420657],[84.675089,45.420460],[84.675383,45.420245],[84.675973,45.420070],[84.676167,45.419853],[84.676413,45.418932],[84.677169,45.418472],[84.677965,45.418202],[84.678084,45.418050],[84.677995,45.417484],[84.676484,45.417208],[84.675777,45.417180],[84.674605,45.417333],[84.672126,45.417896],[84.670861,45.417714],[84.669942,45.417794],[84.669858,45.417745],[84.669761,45.417689],[84.669727,45.417379],[84.671213,45.416098],[84.671334,45.415757],[84.671328,45.415469],[84.670957,45.415374],[84.670026,45.415452],[84.669760,45.415413],[84.669388,45.415205],[84.668577,45.413970],[84.667720,45.413421],[84.666500,45.412863],[84.666208,45.412590],[84.665272,45.412063],[84.665232,45.411895],[84.665360,45.411638],[84.666939,45.411419],[84.667689,45.411093],[84.668768,45.410165],[84.668823,45.409991],[84.668680,45.409712],[84.667969,45.409353],[84.667885,45.409097],[84.668855,45.407627],[84.669082,45.406747],[84.668765,45.406506],[84.668462,45.406499],[84.667332,45.406942],[84.666201,45.406816],[84.665519,45.406634],[84.664855,45.406310],[84.664602,45.405950],[84.664496,45.405496],[84.664221,45.405235],[84.663463,45.404876],[84.663596,45.404403],[84.664051,45.404028],[84.664575,45.403155],[84.664905,45.402364],[84.664921,45.401713],[84.664084,45.401377],[84.663639,45.401054],[84.660928,45.400058],[84.660536,45.400049],[84.660333,45.400065],[84.660136,45.400228],[84.659835,45.401069],[84.659466,45.401625],[84.658724,45.402030],[84.658357,45.402130],[84.657721,45.401995],[84.657469,45.401614],[84.656575,45.400666],[84.655917,45.400631],[84.655467,45.400884],[84.654941,45.400388],[84.654334,45.400107],[84.654004,45.399757],[84.653775,45.399255],[84.653627,45.398245],[84.653258,45.396817],[84.652973,45.396251],[84.652751,45.396162],[84.651538,45.396728],[84.651004,45.396716],[84.650923,45.396405],[84.651776,45.395589],[84.652882,45.393868],[84.653604,45.392531],[84.654928,45.390664],[84.655364,45.390181],[84.657177,45.388876],[84.657378,45.388613],[84.657386,45.388421],[84.657263,45.388235],[84.656895,45.388227],[84.655272,45.388683],[84.654392,45.389257],[84.653400,45.389678],[84.652921,45.389775],[84.652303,45.389762],[84.651710,45.389464],[84.650218,45.389030],[84.649220,45.389033],[84.647584,45.388086],[84.646164,45.386797],[84.644956,45.386428],[84.644810,45.386082],[84.644973,45.385159],[84.645218,45.384567],[84.645532,45.384286],[84.645684,45.383926],[84.645622,45.383273],[84.645349,45.382966],[84.645250,45.382642],[84.645310,45.382347],[84.645573,45.382165],[84.647041,45.381579],[84.647351,45.381285],[84.647426,45.381036],[84.647549,45.379932],[84.647404,45.379277],[84.647186,45.379227],[84.646100,45.379624],[84.645864,45.379586],[84.645719,45.379361],[84.646209,45.378875],[84.647004,45.378316],[84.647368,45.377564],[84.647224,45.377172],[84.646794,45.376941],[84.645970,45.376790],[84.644294,45.376644],[84.644220,45.376421],[84.644347,45.376094],[84.645123,45.375138],[84.645017,45.374705],[84.644792,45.374533],[84.643789,45.374820],[84.642760,45.374985],[84.640417,45.375054],[84.639956,45.375144],[84.639446,45.375012],[84.639468,45.374770],[84.639733,45.374529],[84.640624,45.374219],[84.640775,45.374014],[84.640788,45.372840],[84.640977,45.372159],[84.641068,45.370253],[84.641256,45.368887],[84.641169,45.368287],[84.640653,45.366693],[84.640556,45.366039],[84.639564,45.364175],[84.639012,45.363762],[84.637362,45.363450],[84.637069,45.363364],[84.636889,45.363164],[84.636737,45.362638],[84.636735,45.361268],[84.636658,45.360836],[84.635665,45.359035],[84.635465,45.358855],[84.633170,45.358529],[84.632810,45.358220],[84.632799,45.358032],[84.633078,45.357729],[84.634497,45.356900],[84.634631,45.356661],[84.634497,45.356457],[84.634282,45.356344],[84.632795,45.356729],[84.632413,45.356741],[84.632276,45.356694],[84.632138,45.356648],[84.631626,45.356127],[84.630275,45.353524],[84.629897,45.353065],[84.628701,45.352007],[84.628287,45.351137],[84.627910,45.350786],[84.627088,45.349311],[84.626896,45.349064],[84.626303,45.348650],[84.625750,45.347577],[84.624988,45.347043],[84.624172,45.346273],[84.624166,45.345997],[84.624417,45.345238],[84.624350,45.344731],[84.623848,45.344244],[84.623318,45.343878],[84.622916,45.343694],[84.622217,45.343565],[84.621769,45.343339],[84.620701,45.342229],[84.620001,45.341805],[84.618818,45.340743],[84.617212,45.339756],[84.616766,45.339216],[84.615654,45.338728],[84.614864,45.338214],[84.614184,45.337615],[84.613802,45.336997],[84.613464,45.336835],[84.612501,45.336626],[84.611918,45.336321],[84.611756,45.335750],[84.611554,45.335612],[84.610812,45.335395],[84.610298,45.334912],[84.610171,45.334659],[84.608585,45.333817],[84.608254,45.333371],[84.605027,45.330791],[84.598435,45.326857],[84.597610,45.326468],[84.595911,45.325876],[84.595500,45.325517],[84.595031,45.324709],[84.594858,45.324074],[84.594343,45.323633],[84.594201,45.323333],[84.594096,45.322742],[84.593886,45.322528],[84.592840,45.322076],[84.592248,45.321379],[84.591939,45.321259],[84.590885,45.321283],[84.589848,45.321019],[84.589855,45.320852],[84.590910,45.319980],[84.590914,45.319612],[84.590734,45.319412],[84.590331,45.319270],[84.588663,45.319102],[84.587731,45.318907],[84.587654,45.318220],[84.587428,45.317981],[84.587043,45.317811],[84.586790,45.317517],[84.586715,45.317052],[84.586797,45.315812],[84.586685,45.315513],[84.586355,45.315210],[84.585948,45.315210],[84.584626,45.315671],[84.583924,45.315624],[84.583904,45.315410],[84.584450,45.315091],[84.585085,45.314883],[84.585264,45.314719],[84.585302,45.314503],[84.585219,45.314233],[84.583592,45.313118],[84.582019,45.312576],[84.581070,45.312092],[84.580550,45.311518],[84.579300,45.310740],[84.580617,45.298815],[84.581370,45.293615],[84.581700,45.290465],[84.581873,45.288814],[84.581893,45.288655],[84.583729,45.274264],[84.585991,45.259935],[84.587351,45.252114],[84.588880,45.241430],[84.593049,45.237495],[84.595234,45.236056],[84.596042,45.235391],[84.596581,45.234764],[84.597916,45.231504],[84.598392,45.230944],[84.600232,45.229542],[84.601654,45.228864],[84.602614,45.228107],[84.603672,45.227603],[84.609166,45.223000],[84.610646,45.221521],[84.612645,45.220192],[84.614728,45.219140],[84.615587,45.218503],[84.616466,45.217038],[84.618008,45.214076],[84.619816,45.212631],[84.621316,45.210653],[84.622429,45.207418],[84.623131,45.206334],[84.624846,45.203087],[84.626572,45.200328],[84.626698,45.199566],[84.627370,45.198077],[84.628761,45.195650],[84.630363,45.193303],[84.631059,45.191595],[84.631324,45.190608],[84.631871,45.189134],[84.632311,45.188116],[84.632791,45.187327],[84.632741,45.187003],[84.633285,45.185936],[84.633982,45.185013],[84.634920,45.184108],[84.635691,45.183538],[84.636500,45.183086],[84.638872,45.182092],[84.639615,45.181694],[84.640722,45.180939],[84.642572,45.179483],[84.644259,45.178380],[84.647498,45.175575],[84.650337,45.173349],[84.653053,45.170648],[84.656051,45.168088],[84.659964,45.165405],[84.663004,45.163111],[84.665751,45.161415],[84.666865,45.160103],[84.668894,45.158546],[84.668625,45.154298],[84.667501,45.147594],[84.666849,45.141640],[84.661586,45.102329],[84.661570,45.102214],[84.657399,45.063472],[84.656437,45.055772],[84.653769,45.034423],[84.651920,45.019628],[84.650606,45.009105],[84.642366,45.003279],[84.651636,45.000123],[84.647673,44.967719],[84.642963,44.929192],[84.635663,44.930232],[84.634382,44.908382],[84.634008,44.906009],[84.633950,44.905129],[84.634331,44.901016],[84.634429,44.898059],[84.634648,44.895139],[84.634729,44.894057],[84.635799,44.879768],[84.636122,44.877217],[84.636116,44.876643],[84.635529,44.871854],[84.635266,44.868529],[84.635019,44.867664],[84.635062,44.867464],[84.635274,44.867237],[84.635634,44.867073],[84.648424,44.866724],[84.648629,44.866326],[84.649099,44.857979],[84.649382,44.850177],[84.650086,44.835602],[84.650094,44.835428],[84.651010,44.816472],[84.651255,44.811387],[84.652485,44.791034],[84.640506,44.791777],[84.630276,44.792410],[84.629526,44.792448],[84.627917,44.792339],[84.627881,44.792381],[84.627784,44.792315],[84.626002,44.791772],[84.626424,44.784236],[84.628155,44.783790],[84.631462,44.782164],[84.634611,44.779902],[84.636454,44.778988],[84.637168,44.779097],[84.643083,44.775259],[84.644525,44.774213],[84.645267,44.773108],[84.647955,44.766689],[84.648371,44.765999],[84.648762,44.765546],[84.649307,44.765173],[84.651599,44.763973],[84.656981,44.761954],[84.673661,44.755259],[84.673993,44.754364],[84.674213,44.752916],[84.674249,44.752572],[84.674052,44.752129],[84.674418,44.751924],[84.674513,44.750624],[84.674778,44.750283],[84.675544,44.750009],[84.676149,44.749463],[84.676421,44.749412],[84.677489,44.748794],[84.678277,44.748112],[84.678217,44.747489],[84.677795,44.746779],[84.678357,44.746109],[84.677402,44.745347],[84.675364,44.744141],[84.673525,44.743619],[84.673095,44.743694],[84.672752,44.743162],[84.672936,44.741871],[84.673930,44.740723],[84.675537,44.740859],[84.677334,44.739846],[84.680953,44.739827],[84.683171,44.740532],[84.686591,44.740510],[84.690614,44.739240],[84.693980,44.737180],[84.694775,44.736461],[84.694752,44.734886],[84.695555,44.734453],[84.701375,44.734275],[84.702576,44.733554],[84.703173,44.733549],[84.703601,44.735259],[84.704006,44.735547],[84.705620,44.735680],[84.706415,44.735382],[84.708403,44.733797],[84.708403,44.733518],[84.710574,44.731216],[84.712531,44.727190],[84.708663,44.723931],[84.707630,44.721641],[84.707607,44.719931],[84.708379,44.717923],[84.711353,44.715188],[84.714581,44.714928],[84.715884,44.715030],[84.716726,44.715361],[84.717598,44.716550],[84.718078,44.716873],[84.718644,44.716959],[84.719044,44.716654],[84.719520,44.715761],[84.719863,44.715575],[84.721334,44.715417],[84.724428,44.714722],[84.728107,44.712652],[84.729627,44.711172],[84.730692,44.711074],[84.732432,44.711230],[84.733352,44.711517],[84.734616,44.711634],[84.735600,44.711609],[84.737427,44.712180],[84.737808,44.712041],[84.738346,44.711499],[84.738930,44.710461],[84.738960,44.709677],[84.739081,44.709247],[84.739502,44.709052],[84.740257,44.708930],[84.740744,44.708719],[84.740901,44.708326],[84.740919,44.707004],[84.741899,44.703956],[84.742949,44.703350],[84.744395,44.702942],[84.745016,44.702586],[84.745027,44.702365],[84.744615,44.701601],[84.744695,44.701215],[84.746013,44.699896],[84.746990,44.698700],[84.746876,44.696799],[84.747578,44.694901],[84.748762,44.693602],[84.751158,44.693011],[84.754134,44.690982],[84.754713,44.689553],[84.754294,44.687980],[84.754271,44.686404],[84.755324,44.686472],[84.760441,44.683706],[84.760359,44.683192],[84.762751,44.680619],[84.764462,44.679911],[84.764486,44.679270],[84.763921,44.678638],[84.763905,44.677616],[84.764006,44.676761],[84.764264,44.676691],[84.764811,44.676723],[84.766411,44.677124],[84.767155,44.677053],[84.767282,44.676833],[84.766908,44.676519],[84.768369,44.674998],[84.770078,44.674304],[84.770744,44.674232],[84.771283,44.674411],[84.772872,44.675695],[84.773841,44.676131],[84.775131,44.676126],[84.775661,44.675845],[84.776840,44.674355],[84.777475,44.672619],[84.780171,44.670971],[84.781911,44.669628],[84.782677,44.669187],[84.783706,44.668869],[84.785088,44.668621],[84.787860,44.668587],[84.788285,44.668648],[84.789414,44.669584],[84.792799,44.672048],[84.793781,44.672561],[84.794600,44.672723],[84.795145,44.672732],[84.795699,44.672511],[84.796239,44.672468],[84.796804,44.673941],[84.798373,44.680282],[84.798832,44.681266],[84.799205,44.681775],[84.801935,44.683390],[84.803963,44.683307],[84.805007,44.683060],[84.805481,44.682774],[84.808970,44.683014],[84.814328,44.683620],[84.827029,44.684220],[84.854176,44.685682],[84.850732,44.692229],[84.846902,44.699509],[84.844367,44.704551],[84.844323,44.704639],[84.844093,44.705096],[84.839956,44.713330],[84.834886,44.723258],[84.834568,44.723853],[84.834329,44.724302],[84.833707,44.725464],[84.832012,44.728637],[84.830664,44.731163],[84.827312,44.737436],[84.827266,44.737522],[84.825890,44.740098],[84.823488,44.744594],[84.819735,44.751617],[84.819073,44.752856],[84.818650,44.753684],[84.816924,44.757060],[84.813223,44.764301],[84.804500,44.781361],[84.793111,44.802800],[84.792700,44.803742],[84.792358,44.805540],[84.792271,44.807951],[84.792252,44.808488],[84.797185,44.809062],[84.801437,44.809945],[84.807038,44.811108],[84.811057,44.811783],[84.812349,44.812319],[84.820131,44.815550],[84.823754,44.816800],[84.832423,44.820423],[84.833633,44.820840],[84.836678,44.823385],[84.838086,44.823652],[84.839882,44.823350],[84.846322,44.825000],[84.848510,44.825788],[84.848924,44.826098],[84.849167,44.826405],[84.849445,44.826488],[84.851074,44.826329],[84.855525,44.824625],[84.857646,44.823057],[84.858940,44.822448],[84.860933,44.821312],[84.866397,44.818720],[84.868138,44.817756],[84.878609,44.812640],[84.883730,44.810043],[84.888863,44.807615],[84.894707,44.804674],[84.898242,44.802894],[84.899398,44.802723],[84.907716,44.802132],[84.911469,44.801968],[84.915147,44.801627],[84.916810,44.801625],[84.920389,44.802445],[84.930981,44.804460],[84.937379,44.805846],[84.937929,44.805769],[84.938309,44.805509],[84.940354,44.803297],[84.941218,44.802504],[84.941321,44.802409],[84.942386,44.801774],[84.943337,44.801341],[84.944358,44.801085],[84.946548,44.800753],[84.951335,44.800580],[84.952734,44.800332],[84.953901,44.799959],[84.956859,44.797761],[84.957072,44.797402],[84.957776,44.795151],[84.958662,44.793430],[84.959205,44.792735],[84.960275,44.788443],[84.960865,44.787582],[84.961687,44.786834],[84.963977,44.783353],[84.965005,44.782116],[84.965182,44.781931],[84.965606,44.781760],[84.966677,44.781452],[84.967586,44.780906],[84.968870,44.779427],[84.971216,44.777377],[84.973021,44.776118],[84.974924,44.775296],[84.976346,44.774239],[84.977015,44.773467],[84.978810,44.772003],[84.979267,44.771402],[84.979994,44.769846],[84.980278,44.769643],[84.981954,44.769059],[84.984138,44.768088],[84.987479,44.767095],[84.987957,44.767247],[84.988361,44.767665],[84.989213,44.768221],[84.990063,44.768519],[84.991571,44.768725],[84.992330,44.768762],[84.992898,44.768673],[84.994711,44.768071],[84.998676,44.765732],[85.000337,44.764893],[85.002150,44.763459],[85.002461,44.763131],[85.003469,44.761438],[85.004701,44.760059],[85.005053,44.759757],[85.005609,44.759535],[85.006399,44.758844],[85.007994,44.756854],[85.008398,44.756420],[85.008984,44.756168],[85.009307,44.755853],[85.009619,44.755342],[85.009918,44.755222],[85.010403,44.755283],[85.010856,44.754854],[85.012936,44.754010],[85.015326,44.752852],[85.019371,44.751548],[85.021954,44.750606],[85.023985,44.749693],[85.026679,44.748397],[85.031624,44.745585],[85.035508,44.744528],[85.038746,44.743350],[85.041371,44.742551],[85.046596,44.740205],[85.047629,44.739195],[85.049385,44.736003],[85.050844,44.732733],[85.053245,44.726642],[85.053518,44.724483],[85.054406,44.723351],[85.054792,44.723165],[85.054130,44.718957],[85.054008,44.718185],[85.053116,44.717064],[85.052654,44.716137],[85.052025,44.714299],[85.051897,44.713341],[85.050676,44.713225],[85.050493,44.713131],[85.050423,44.712878],[85.052348,44.701721],[85.052880,44.698130],[85.045317,44.696576],[85.043487,44.696058],[85.041838,44.695915],[85.039937,44.695185],[85.037886,44.694735],[85.033308,44.693531],[85.030225,44.692450],[85.028989,44.691688],[85.027517,44.690473],[85.026816,44.689256],[85.026042,44.688199],[85.025342,44.686690],[85.025452,44.685603],[85.025102,44.682601],[85.025254,44.681588],[85.024998,44.678793],[85.024834,44.678200],[85.024615,44.675593],[85.024406,44.674495],[85.024220,44.670030],[85.023852,44.668079],[85.023623,44.666221],[85.023643,44.665647],[85.022113,44.653035],[85.021783,44.650311],[85.019509,44.632371],[85.018256,44.619649],[85.046780,44.623117],[85.055088,44.624382],[85.065200,44.625716],[85.068360,44.626379],[85.010296,44.574837],[84.943356,44.565107],[84.901129,44.558965],[84.900269,44.558840],[84.853844,44.552091],[84.855923,44.545343],[84.857301,44.544188],[84.858277,44.542542],[84.857855,44.540468],[84.858432,44.539758],[84.858239,44.538907],[84.855154,44.535334],[84.855133,44.533601],[84.856267,44.529615],[84.855629,44.527467],[84.851935,44.521493],[84.852300,44.518644],[84.853818,44.514324],[84.854789,44.512761],[84.854930,44.509750],[84.855315,44.508736],[84.859035,44.504269],[84.858617,44.502851],[84.858984,44.500962],[84.861117,44.498363],[84.861069,44.495592],[84.856958,44.487426],[84.856120,44.486224],[84.850476,44.480184],[84.844470,44.474113],[84.837721,44.468012],[84.833754,44.465946],[84.829329,44.464535],[84.826605,44.462975],[84.825886,44.462563],[84.825623,44.461838],[84.825474,44.461711],[84.824074,44.460324],[84.822429,44.458697],[84.814750,44.451099],[84.812930,44.449115],[84.805873,44.443468],[84.802462,44.441923],[84.797428,44.438118],[84.797017,44.437265],[84.794958,44.434761],[84.794748,44.434513],[84.794541,44.434253],[84.793679,44.433205],[84.792348,44.431586],[84.791518,44.429736],[84.791313,44.429021],[84.790893,44.428017],[84.790475,44.427017],[84.788806,44.423023],[84.788425,44.422762],[84.787192,44.420194],[84.787374,44.419189],[84.787354,44.417632],[84.787351,44.417336],[84.787504,44.414757],[84.787633,44.410037],[84.788196,44.408032],[84.787960,44.405311],[84.788120,44.403020],[84.788205,44.395447],[84.787999,44.395012],[84.786392,44.393885],[84.784593,44.393474],[84.779999,44.392661],[84.778200,44.391962],[84.778187,44.391120],[84.778183,44.390869],[84.778156,44.389137],[84.777918,44.386676],[84.777644,44.381815],[84.777422,44.380244],[84.777369,44.376807],[84.777499,44.372375],[84.778002,44.366079],[84.777918,44.360501],[84.778649,44.356494],[84.779221,44.354624],[84.779000,44.353199],[84.778961,44.350769],[84.778534,44.349196],[84.778649,44.343622],[84.779777,44.339037],[84.781102,44.334591],[84.781064,44.332153],[84.782565,44.326280],[84.784715,44.324115],[84.785498,44.323104],[84.786596,44.317943],[84.786557,44.316390],[84.785905,44.314435],[84.784783,44.311936],[84.784059,44.309836],[84.783770,44.308133],[84.784313,44.306792],[84.786195,44.305051],[84.791442,44.300117],[84.792636,44.297942],[84.793504,44.295550],[84.793577,44.292579],[84.793908,44.287978],[84.795567,44.280679],[84.795743,44.279099],[84.796497,44.276378],[84.796672,44.274798],[84.796223,44.271660],[84.795606,44.270237],[84.795766,44.267802],[84.798248,44.261343],[84.798203,44.258770],[84.796535,44.253353],[84.795286,44.249644],[84.793381,44.242234],[84.791880,44.235093],[84.791469,44.233808],[84.791637,44.231949],[84.791766,44.227373],[84.791721,44.224656],[84.791088,44.222522],[84.785779,44.212703],[84.783958,44.210286],[84.780438,44.201029],[84.776986,44.195767],[84.773700,44.188942],[84.772038,44.184090],[84.768783,44.178398],[84.764528,44.173145],[84.762294,44.169595],[84.759663,44.166468],[84.753819,44.160653],[84.746141,44.151857],[84.739896,44.146182],[84.738881,44.144327],[84.737838,44.141798],[84.735758,44.137209],[84.733194,44.132039],[84.732903,44.130831],[84.731819,44.128561],[84.733327,44.128022],[84.734489,44.127394],[84.735691,44.126492],[84.737154,44.126033],[84.737980,44.126171],[84.739752,44.127214],[84.740785,44.128270],[84.742542,44.129701],[84.746018,44.131274],[84.748445,44.132484],[84.752200,44.134146],[84.757995,44.136974],[84.761242,44.139468],[84.764666,44.141589],[84.766058,44.142208],[84.768360,44.143605],[84.769829,44.144627],[84.780047,44.150448],[84.782004,44.151461],[84.785960,44.153831],[84.787178,44.154739],[84.788218,44.155769],[84.789412,44.156676],[84.790856,44.158055],[84.791967,44.158710],[84.794507,44.159909],[84.797325,44.161421],[84.802599,44.162325],[84.804240,44.162755],[84.806191,44.162948],[84.807675,44.163543],[84.811463,44.163851],[84.813575,44.163780],[84.816911,44.163153],[84.820691,44.161163],[84.822781,44.160381],[84.823796,44.160181],[84.824876,44.160108],[84.825732,44.160148],[84.826491,44.160294],[84.826886,44.160251],[84.827945,44.159810],[84.828777,44.159849],[84.830503,44.160163],[84.832266,44.160719],[84.832899,44.161258],[84.832045,44.163815],[84.834912,44.164007],[84.835861,44.164565],[84.836181,44.165185],[84.836353,44.166695],[84.836611,44.167234],[84.837374,44.168217],[84.837625,44.168891],[84.838044,44.169482],[84.838494,44.170043],[84.839443,44.170868],[84.840033,44.171146],[84.841012,44.171409],[84.843255,44.171271],[84.844526,44.171338],[84.845129,44.171761],[84.845963,44.172173],[84.848811,44.173108],[84.850536,44.173864],[84.850993,44.173851],[84.852014,44.173285],[84.853415,44.173550],[84.854612,44.173088],[84.855437,44.172968],[84.856213,44.172997],[84.857029,44.173130],[84.857409,44.173283],[84.859801,44.170537],[84.860917,44.169503],[84.861435,44.169111],[84.862161,44.168723],[84.862563,44.168649],[84.864497,44.168682],[84.866612,44.168852],[84.868331,44.168765],[84.871141,44.168973],[84.873738,44.169302],[84.876219,44.170298],[84.877493,44.170671],[84.881573,44.170768],[84.884226,44.170548],[84.887608,44.171051],[84.888928,44.171099],[84.891098,44.171472],[84.893216,44.171636],[84.895731,44.172416],[84.897359,44.173331],[84.902280,44.176645],[84.903876,44.177535],[84.905427,44.177981],[84.906283,44.178131],[84.909873,44.178464],[84.914258,44.178705],[84.916375,44.178987],[84.917341,44.179288],[84.917669,44.179562],[84.918056,44.180121],[84.918538,44.181283],[84.918924,44.182543],[84.920113,44.184445],[84.922699,44.187738],[84.924854,44.190318],[84.926108,44.192046],[84.927720,44.194525],[84.928821,44.195674],[84.929393,44.196921],[84.929859,44.197573],[84.930669,44.198366],[84.931997,44.200664],[84.932833,44.203378],[84.933089,44.204728],[84.933590,44.206200],[84.934059,44.206948],[84.934718,44.207416],[84.934861,44.207661],[84.935413,44.211352],[84.935345,44.213272],[84.934984,44.214756],[84.935112,44.215602],[84.935582,44.217466],[84.935238,44.218157],[84.935225,44.219029],[84.935137,44.219202],[84.935024,44.220273],[84.935024,44.222086],[84.935292,44.223241],[84.935294,44.224026],[84.935124,44.225059],[84.935166,44.225502],[84.937159,44.227971],[84.937169,44.228206],[84.937021,44.228424],[84.936994,44.229197],[84.936627,44.229853],[84.936681,44.230164],[84.936792,44.230487],[84.937239,44.231013],[84.937292,44.231182],[84.937087,44.231708],[84.937093,44.232026],[84.937197,44.232228],[84.937682,44.232339],[84.937938,44.232518],[84.937994,44.232741],[84.937605,44.233210],[84.937966,44.234365],[84.937814,44.234725],[84.937802,44.235081],[84.937929,44.235438],[84.938163,44.235739],[84.938172,44.235994],[84.937968,44.236144],[84.937896,44.236377],[84.937934,44.236607],[84.938231,44.236968],[84.938289,44.237458],[84.938581,44.238124],[84.938751,44.239255],[84.938740,44.240559],[84.938563,44.241281],[84.938009,44.242114],[84.937843,44.243197],[84.937836,44.244134],[84.937550,44.244680],[84.937348,44.244823],[84.937291,44.245084],[84.937690,44.246032],[84.938521,44.246920],[84.938791,44.247523],[84.938857,44.248773],[84.939382,44.249568],[84.939422,44.251422],[84.939344,44.252030],[84.939437,44.252320],[84.939645,44.252554],[84.940053,44.253380],[84.941913,44.255162],[84.942371,44.255405],[84.944603,44.255921],[84.945587,44.256437],[84.946316,44.257261],[84.948139,44.258809],[84.949512,44.259245],[84.950678,44.259920],[84.952145,44.261152],[84.954091,44.262032],[84.955675,44.263219],[84.956512,44.264318],[84.957110,44.266602],[84.957403,44.267235],[84.957619,44.268074],[84.958088,44.268685],[84.958705,44.269734],[84.959139,44.270695],[84.959095,44.272615],[84.959339,44.274650],[84.959952,44.278689],[84.960272,44.279723],[84.960490,44.280179],[84.962527,44.282885],[84.962720,44.283540],[84.963565,44.285446],[84.964404,44.287021],[84.967303,44.289490],[84.968438,44.291969],[84.968420,44.292474],[84.968064,44.293803],[84.967554,44.295221],[84.967469,44.295805],[84.967723,44.296562],[84.968546,44.297263],[84.969085,44.297394],[84.974891,44.297944],[84.975884,44.298298],[84.976684,44.298478],[84.978026,44.299048],[84.984211,44.302236],[84.986326,44.303596],[84.986935,44.304268],[84.988030,44.305752],[84.991418,44.308583],[84.993118,44.309469],[84.996152,44.310681],[84.999449,44.311555],[85.002212,44.311816],[85.005042,44.312334],[85.014524,44.314639],[85.017603,44.315228],[85.019674,44.315872],[85.020661,44.316088],[85.023883,44.316417],[85.025562,44.316759],[85.033107,44.316813],[85.038608,44.317273],[85.042004,44.317420],[85.042966,44.317284],[85.045372,44.316633],[85.046566,44.316568],[85.049708,44.316737],[85.052031,44.317171],[85.053771,44.317324],[85.060154,44.317324],[85.062834,44.317442],[85.065403,44.317281],[85.066334,44.317163],[85.066913,44.316962],[85.068622,44.316630],[85.069985,44.316533],[85.073047,44.315850],[85.075074,44.315752],[85.076656,44.315350],[85.081431,44.314629],[85.085444,44.313694],[85.087025,44.313467],[85.088944,44.313049],[85.095402,44.312228],[85.098705,44.311678],[85.102104,44.311347],[85.106765,44.310154],[85.107839,44.309695],[85.108537,44.309531],[85.109658,44.309555],[85.109790,44.308386],[85.110330,44.307052],[85.110338,44.306538],[85.110608,44.305479],[85.111321,44.304863],[85.111626,44.304444],[85.111985,44.303115],[85.112390,44.302498],[85.112270,44.301315],[85.111953,44.300643],[85.111960,44.300431],[85.112320,44.299754],[85.112309,44.299422],[85.112051,44.299058],[85.112031,44.298880],[85.112282,44.298137],[85.112088,44.297928],[85.112018,44.297570],[85.112084,44.296968],[85.111985,44.295800],[85.112037,44.295218],[85.112497,44.294651],[85.112552,44.294381],[85.112383,44.293932],[85.112391,44.293681],[85.112760,44.292838],[85.112680,44.292139],[85.112421,44.291680],[85.112256,44.290536],[85.112487,44.289363],[85.112451,44.288606],[85.112238,44.288292],[85.112135,44.287257],[85.111797,44.286846],[85.111779,44.286609],[85.111278,44.285672],[85.110066,44.285019],[85.109647,44.284647],[85.109164,44.284445],[85.107807,44.283372],[85.107590,44.282676],[85.107536,44.280880],[85.107431,44.280690],[85.107597,44.279481],[85.107780,44.278223],[85.107510,44.274601],[85.107251,44.270974],[85.106989,44.267352],[85.106721,44.263730],[85.106703,44.263531],[85.106660,44.259908],[85.106616,44.256277],[85.106614,44.256120],[85.106480,44.255725],[85.106386,44.254899],[85.106049,44.253550],[85.105376,44.251578],[85.104934,44.250892],[85.105034,44.250579],[85.105376,44.250178],[85.105402,44.249915],[85.105287,44.249778],[85.104484,44.249392],[85.104652,44.248685],[85.104173,44.247061],[85.103892,44.246647],[85.103222,44.246042],[85.103039,44.245333],[85.102050,44.244412],[85.101989,44.244183],[85.102185,44.243831],[85.101664,44.243106],[85.102024,44.241777],[85.101324,44.240659],[85.101184,44.239292],[85.100883,44.237725],[85.100900,44.236935],[85.100641,44.235434],[85.100375,44.234925],[85.100365,44.234568],[85.100645,44.233580],[85.100361,44.231924],[85.100662,44.231327],[85.100655,44.230856],[85.100248,44.230099],[85.100458,44.229544],[85.100716,44.229237],[85.100691,44.228945],[85.099850,44.228239],[85.099811,44.228051],[85.100144,44.227688],[85.100192,44.227276],[85.099779,44.226725],[85.099898,44.226211],[85.099324,44.225749],[85.099338,44.225473],[85.099175,44.225320],[85.098894,44.224709],[85.098532,44.224305],[85.097801,44.222788],[85.097575,44.222117],[85.096461,44.220829],[85.096370,44.220446],[85.095618,44.219588],[85.095522,44.219374],[85.095546,44.218643],[85.095352,44.218329],[85.095479,44.216892],[85.095347,44.216361],[85.095119,44.216139],[85.095175,44.215448],[85.094905,44.214946],[85.094702,44.213928],[85.094405,44.213336],[85.094365,44.212831],[85.094565,44.211801],[85.095031,44.210767],[85.095024,44.210589],[85.094853,44.210318],[85.095116,44.209859],[85.095051,44.209353],[85.095440,44.209246],[85.095547,44.209100],[85.095534,44.208842],[85.095162,44.208012],[85.095148,44.207809],[85.095305,44.207461],[85.094945,44.207089],[85.094679,44.204050],[85.094488,44.203739],[85.094372,44.202689],[85.094100,44.202365],[85.094069,44.202008],[85.094112,44.201732],[85.094523,44.201210],[85.094739,44.200660],[85.094595,44.199691],[85.094772,44.198985],[85.094514,44.198571],[85.093792,44.197940],[85.093577,44.197574],[85.093536,44.197257],[85.093643,44.195519],[85.093425,44.194603],[85.093765,44.193868],[85.093877,44.192321],[85.093911,44.192138],[85.094217,44.191796],[85.094219,44.191400],[85.093195,44.189934],[85.093052,44.189445],[85.092998,44.188343],[85.092834,44.187805],[85.092453,44.187201],[85.092380,44.186826],[85.092522,44.186080],[85.092235,44.185551],[85.092105,44.184275],[85.091792,44.183497],[85.091495,44.183165],[85.091359,44.182871],[85.091348,44.182563],[85.091141,44.181943],[85.090070,44.180403],[85.090054,44.180091],[85.089874,44.179722],[85.089545,44.179416],[85.089104,44.178394],[85.088648,44.177808],[85.087848,44.176192],[85.087705,44.175065],[85.087745,44.173853],[85.087625,44.173708],[85.087581,44.171915],[85.088599,44.170211],[85.088653,44.169991],[85.088558,44.169761],[85.088577,44.169430],[85.088728,44.168993],[85.089078,44.168442],[85.089126,44.167775],[85.089041,44.166972],[85.088483,44.165091],[85.088054,44.164702],[85.087852,44.164234],[85.087842,44.163884],[85.088674,44.161971],[85.089092,44.161335],[85.090762,44.160113],[85.090967,44.159717],[85.090913,44.159276],[85.090578,44.159037],[85.090373,44.158763],[85.090313,44.157852],[85.090828,44.156991],[85.091080,44.156220],[85.091319,44.154795],[85.091147,44.154156],[85.092210,44.153021],[85.092393,44.152658],[85.092340,44.152178],[85.092127,44.151741],[85.092099,44.151295],[85.092357,44.149920],[85.092709,44.149556],[85.092835,44.149277],[85.092762,44.148959],[85.091799,44.147880],[85.092366,44.144361],[85.092445,44.142306],[85.092759,44.139984],[85.094015,44.136052],[85.094830,44.132503],[85.095357,44.128089],[85.095884,44.125137],[85.095940,44.123395],[85.096588,44.116567],[85.096698,44.112056],[85.096569,44.110116],[85.096270,44.108935],[85.096191,44.107783],[85.095923,44.106301],[85.095511,44.101975],[85.095499,44.100892],[85.095638,44.099773],[85.095685,44.097932],[85.095611,44.097052],[85.095468,44.096501],[85.094010,44.095338],[85.089145,44.090389],[85.079686,44.084188],[85.078685,44.083919],[85.072463,44.080974],[85.072057,44.080409],[85.070245,44.079279],[85.067653,44.079015],[85.063851,44.077767],[85.056391,44.072977],[85.052182,44.071152],[85.051960,44.070150],[85.051148,44.069298],[85.047948,44.068616],[85.046746,44.067909],[85.046325,44.066912],[85.045322,44.066353],[85.043124,44.065941],[85.041509,44.064668],[85.041470,44.063094],[85.040850,44.061814],[85.040812,44.059951],[85.041194,44.059230],[85.042757,44.057363],[85.042542,44.056648],[85.039510,44.054242],[85.036293,44.052694],[85.034095,44.052282],[85.031491,44.051160],[85.028104,44.051192],[85.025889,44.049915],[85.025476,44.049062],[85.023867,44.048220],[85.022473,44.048372],[85.021883,44.048666],[85.020487,44.048530],[85.016648,44.045700],[85.013997,44.042435],[85.010165,44.040028],[85.006762,44.039050],[85.001190,44.039233],[84.999397,44.038819],[84.992553,44.035009],[84.990714,44.032597],[84.988713,44.031891],[84.986522,44.032052],[84.984728,44.031926],[84.979103,44.029104],[84.974638,44.024129],[84.969750,44.018022],[84.965691,44.013901],[84.963830,44.010060],[84.960392,44.006941],[84.959986,44.006367],[84.959940,44.004081],[84.959061,44.002078],[84.958571,44.001213],[84.958347,44.000572],[84.958060,43.998692],[84.958371,43.997432],[84.958278,43.996798],[84.957880,43.995899],[84.957483,43.993930],[84.957244,43.993335],[84.955858,43.991951],[84.955513,43.991383],[84.953391,43.989291],[84.951847,43.986943],[84.950136,43.985989],[84.949447,43.985221],[84.949130,43.984613],[84.948943,43.983781],[84.948704,43.983278],[84.947466,43.981816],[84.946895,43.980943],[84.946590,43.980124],[84.945675,43.979409],[84.945503,43.979026],[84.945451,43.977982],[84.944906,43.976700],[84.945278,43.974257],[84.945132,43.973517],[84.945252,43.972949],[84.945477,43.970268],[84.945901,43.968750],[84.946325,43.966611],[84.945789,43.965203],[84.945749,43.964688],[84.946067,43.963698],[84.946173,43.962998],[84.945934,43.961558],[84.945895,43.960593],[84.946107,43.959564],[84.946186,43.958058],[84.946107,43.956776],[84.945232,43.955375],[84.945139,43.955005],[84.945126,43.954199],[84.945324,43.953341],[84.945430,43.951756],[84.945112,43.950936],[84.945112,43.950580],[84.945947,43.948785],[84.946385,43.947108],[84.946809,43.946462],[84.947737,43.945446],[84.948081,43.944839],[84.950706,43.942850],[84.955460,43.937332],[84.956096,43.936449],[84.956362,43.935974],[84.956481,43.935300],[84.956468,43.934310],[84.956348,43.933451],[84.956408,43.932929],[84.956846,43.932428],[84.957403,43.932113],[84.960665,43.931434],[84.961436,43.931051],[84.961899,43.930697],[84.962709,43.930474],[84.963134,43.930197],[84.963293,43.929776],[84.963306,43.928138],[84.963525,43.927616],[84.965209,43.925639],[84.965595,43.924874],[84.965740,43.924016],[84.965661,43.923144],[84.965196,43.922245],[84.963856,43.920841],[84.962570,43.920072],[84.962065,43.919648],[84.961986,43.919357],[84.962065,43.919014],[84.962397,43.918539],[84.962517,43.918183],[84.962450,43.917839],[84.961986,43.917112],[84.962039,43.916874],[84.962450,43.916413],[84.962834,43.916136],[84.962888,43.915859],[84.962702,43.915674],[84.961455,43.915050],[84.961376,43.914759],[84.962172,43.913242],[84.962371,43.912608],[84.962291,43.912225],[84.961959,43.911907],[84.960692,43.911079],[84.960228,43.909823],[84.960241,43.909479],[84.960825,43.908715],[84.960971,43.908213],[84.960772,43.906839],[84.960759,43.906007],[84.960440,43.904936],[84.960334,43.904130],[84.960202,43.903720],[84.959764,43.903111],[84.959658,43.902741],[84.959777,43.902279],[84.960652,43.901000],[84.960785,43.899957],[84.960745,43.899098],[84.960440,43.898516],[84.959923,43.898158],[84.958570,43.897653],[84.957575,43.897387],[84.956978,43.897082],[84.955878,43.896141],[84.955215,43.895902],[84.953716,43.895661],[84.952695,43.895395],[84.951064,43.894441],[84.949871,43.894002],[84.948890,43.893749],[84.947352,43.893614],[84.946305,43.893361],[84.944065,43.892169],[84.943535,43.891983],[84.942925,43.891942],[84.941865,43.892046],[84.941401,43.891979],[84.941163,43.891767],[84.941017,43.891265],[84.940977,43.890591],[84.940368,43.889296],[84.939997,43.888925],[84.937174,43.887627],[84.937188,43.887283],[84.937386,43.886900],[84.937930,43.886307],[84.938088,43.885937],[84.938062,43.885554],[84.936883,43.884165],[84.936697,43.883676],[84.936790,43.883254],[84.937267,43.882554],[84.938088,43.881710],[84.938287,43.881301],[84.938274,43.880839],[84.938035,43.880495],[84.937134,43.879860],[84.936631,43.879304],[84.936538,43.878802],[84.936591,43.877904],[84.936459,43.877481],[84.935849,43.876661],[84.935518,43.875921],[84.935439,43.874798],[84.935518,43.873966],[84.935863,43.872474],[84.936339,43.871021],[84.936710,43.870599],[84.937811,43.869782],[84.938500,43.868515],[84.939294,43.867565],[84.939692,43.866205],[84.939943,43.865888],[84.940380,43.865559],[84.941758,43.864717],[84.942394,43.864017],[84.942846,43.862551],[84.943204,43.862222],[84.943309,43.861866],[84.943720,43.861126],[84.944092,43.860810],[84.945377,43.860165],[84.945802,43.859743],[84.947047,43.857778],[84.947684,43.857065],[84.948306,43.856605],[84.948824,43.856473],[84.950660,43.856364],[84.952291,43.855549],[84.954664,43.854788],[84.956461,43.853385],[84.957416,43.852555],[84.958557,43.851382],[84.960042,43.850183],[84.960055,43.849853],[84.959419,43.848676],[84.959299,43.847315],[84.959604,43.846312],[84.959909,43.845837],[84.961236,43.845391],[84.961660,43.845115],[84.961704,43.844302],[84.962060,43.842654],[84.961940,43.841788],[84.961207,43.841305],[84.959521,43.840984],[84.958575,43.840929],[84.956124,43.841095],[84.955584,43.840832],[84.955054,43.840282],[84.954913,43.840027],[84.954693,43.838960],[84.953510,43.837301],[84.953096,43.836285],[84.952384,43.835227],[84.952027,43.834211],[84.951902,43.832346],[84.951618,43.831345],[84.951621,43.830776],[84.951395,43.830285],[84.950841,43.829925],[84.949968,43.829568],[84.948817,43.828753],[84.948477,43.828355],[84.947777,43.826527],[84.947539,43.826199],[84.946663,43.825570],[84.945734,43.825048],[84.944264,43.823967],[84.942366,43.822236],[84.940029,43.820591],[84.938590,43.819692],[84.938419,43.819104],[84.938662,43.818531],[84.938713,43.818098],[84.938609,43.817901],[84.937781,43.817124],[84.936914,43.816554],[84.935887,43.816069],[84.935622,43.815704],[84.933733,43.813889],[84.932527,43.813137],[84.931086,43.812472],[84.931024,43.812351],[84.931076,43.811823],[84.930131,43.811240],[84.929913,43.810819],[84.929765,43.809959],[84.929092,43.809210],[84.927929,43.808226],[84.927712,43.807789],[84.927626,43.807051],[84.926777,43.805657],[84.926391,43.805257],[84.925891,43.804959],[84.925581,43.804657],[84.925355,43.803835],[84.925398,43.802875],[84.925321,43.802565],[84.923591,43.800690],[84.923340,43.799916],[84.923075,43.799583],[84.920970,43.797597],[84.920782,43.797261],[84.920457,43.796454],[84.920389,43.795499],[84.920477,43.795245],[84.921168,43.794375],[84.921096,43.793546],[84.921140,43.793343],[84.921307,43.793190],[84.921382,43.792472],[84.921219,43.792023],[84.921053,43.791058],[84.921185,43.790444],[84.922005,43.789515],[84.922444,43.788330],[84.922899,43.787713],[84.923272,43.787496],[84.924312,43.787228],[84.924586,43.786977],[84.924686,43.786650],[84.924860,43.786429],[84.924666,43.785329],[84.924484,43.784804],[84.924437,43.784266],[84.924562,43.783844],[84.924723,43.783671],[84.924712,43.783359],[84.923881,43.782058],[84.923862,43.780703],[84.923217,43.779810],[84.923052,43.779442],[84.923035,43.779315],[84.923437,43.778568],[84.923546,43.777613],[84.923460,43.777180],[84.923465,43.775518],[84.923395,43.775312],[84.923054,43.774921],[84.922996,43.774680],[84.923015,43.774447],[84.923203,43.774132],[84.924830,43.772658],[84.925252,43.771983],[84.925337,43.770984],[84.925680,43.770101],[84.925527,43.768986],[84.925558,43.768245],[84.926153,43.766986],[84.926130,43.766377],[84.925110,43.764488],[84.924685,43.762990],[84.924645,43.761271],[84.925258,43.760202],[84.925280,43.759882],[84.925148,43.759230],[84.925340,43.758784],[84.925342,43.758409],[84.925198,43.757453],[84.924946,43.756751],[84.925063,43.756111],[84.925017,43.755593],[84.924844,43.755030],[84.924391,43.754401],[84.924315,43.754045],[84.924481,43.753457],[84.925471,43.751300],[84.925704,43.750502],[84.925736,43.749902],[84.925480,43.748992],[84.924956,43.748453],[84.923994,43.747802],[84.923692,43.747220],[84.922724,43.746736],[84.921639,43.746683],[84.920380,43.746833],[84.918309,43.746600],[84.916427,43.746309],[84.914996,43.745777],[84.914561,43.745541],[84.914178,43.744844],[84.913991,43.744696],[84.911465,43.743433],[84.910225,43.742506],[84.909854,43.741582],[84.909784,43.740856],[84.909653,43.740493],[84.908451,43.739074],[84.907174,43.737251],[84.906236,43.735523],[84.906160,43.735162],[84.905791,43.734469],[84.905736,43.734200],[84.904585,43.732955],[84.904323,43.732546],[84.903946,43.731544],[84.902900,43.729600],[84.902150,43.728601],[84.901907,43.727968],[84.901472,43.727447],[84.901149,43.726880],[84.900901,43.726308],[84.900774,43.725694],[84.900135,43.724605],[84.899971,43.723561],[84.898450,43.722593],[84.897879,43.721899],[84.897856,43.721662],[84.898131,43.720667],[84.898166,43.719256],[84.897987,43.717848],[84.898019,43.717455],[84.898749,43.715867],[84.898875,43.715128],[84.898816,43.714286],[84.898721,43.713859],[84.898512,43.713503],[84.897019,43.712457],[84.896592,43.711910],[84.896454,43.711583],[84.896472,43.711080],[84.896815,43.709888],[84.896356,43.708703],[84.896372,43.708273],[84.896659,43.707105],[84.896625,43.706693],[84.896536,43.706404],[84.895194,43.704206],[84.895086,43.703912],[84.895122,43.703365],[84.894146,43.702407],[84.894066,43.702249],[84.894031,43.701430],[84.893914,43.701121],[84.893443,43.700531],[84.893133,43.700023],[84.893021,43.699665],[84.892909,43.696852],[84.892734,43.696074],[84.892885,43.693645],[84.892226,43.692598],[84.891668,43.691946],[84.891509,43.691595],[84.891415,43.691088],[84.891579,43.689987],[84.891538,43.689777],[84.891079,43.688825],[84.890936,43.688035],[84.890375,43.687013],[84.890524,43.686082],[84.890452,43.685892],[84.889972,43.685555],[84.889930,43.685401],[84.890004,43.684934],[84.889865,43.684225],[84.890002,43.682411],[84.889778,43.680946],[84.889557,43.680552],[84.888387,43.679164],[84.886883,43.677630],[84.886139,43.677201],[84.883939,43.674985],[84.883121,43.673950],[84.882807,43.673301],[84.882937,43.672346],[84.882796,43.672017],[84.882281,43.671479],[84.882244,43.670844],[84.881787,43.670312],[84.881723,43.669922],[84.881418,43.669586],[84.881359,43.669275],[84.881036,43.669017],[84.880942,43.668394],[84.880575,43.667858],[84.880398,43.667279],[84.879572,43.666735],[84.879519,43.665901],[84.879373,43.665617],[84.878169,43.664551],[84.878143,43.663821],[84.877910,43.663421],[84.876811,43.662287],[84.875797,43.661549],[84.875187,43.660603],[84.874413,43.660086],[84.873850,43.659212],[84.872882,43.658689],[84.872671,43.658305],[84.872665,43.657753],[84.872035,43.657271],[84.871349,43.656245],[84.870865,43.655839],[84.870798,43.655611],[84.870988,43.655030],[84.870968,43.654712],[84.870558,43.654326],[84.870286,43.653645],[84.870095,43.653462],[84.868824,43.653168],[84.867539,43.652413],[84.866693,43.652387],[84.865823,43.652116],[84.865072,43.652092],[84.864638,43.652177],[84.863977,43.652084],[84.863518,43.651290],[84.862494,43.650629],[84.862202,43.649960],[84.861701,43.649546],[84.861268,43.648416],[84.861034,43.648052],[84.860068,43.647424],[84.858949,43.646901],[84.857128,43.646258],[84.856641,43.645994],[84.855924,43.645439],[84.854653,43.643912],[84.854078,43.643486],[84.852817,43.643021],[84.852475,43.642737],[84.852128,43.642162],[84.851849,43.641913],[84.850161,43.641315],[84.849420,43.640908],[84.849006,43.640037],[84.847656,43.638837],[84.847500,43.637925],[84.847277,43.637590],[84.847154,43.636534],[84.845833,43.635734],[84.845769,43.635616],[84.845549,43.634877],[84.845504,43.634055],[84.844740,43.631983],[84.844701,43.631542],[84.844869,43.630772],[84.844848,43.630369],[84.844328,43.628556],[84.843856,43.627832],[84.843985,43.627726],[84.844024,43.627328],[84.843874,43.626817],[84.844149,43.626201],[84.843612,43.625084],[84.843197,43.624498],[84.843700,43.623574],[84.843566,43.623122],[84.843816,43.621911],[84.843344,43.621337],[84.843175,43.620626],[84.843044,43.618850],[84.843491,43.618184],[84.843611,43.617062],[84.844003,43.616686],[84.844045,43.616511],[84.843608,43.615611],[84.843545,43.615374],[84.843595,43.614355],[84.843237,43.613598],[84.843212,43.613233],[84.843519,43.612306],[84.843429,43.610672],[84.843517,43.610116],[84.843422,43.609823],[84.843073,43.609417],[84.843091,43.608926],[84.843442,43.607750],[84.843191,43.606780],[84.843232,43.605725],[84.843034,43.604367],[84.843049,43.603440],[84.843198,43.602597],[84.843847,43.601517],[84.844414,43.600777],[84.846690,43.598408],[84.847451,43.596801],[84.848465,43.595707],[84.849838,43.593887],[84.850919,43.591054],[84.851686,43.590172],[84.852295,43.589111],[84.852653,43.588227],[84.852773,43.587158],[84.852715,43.586500],[84.852977,43.586033],[84.853655,43.585329],[84.853971,43.584456],[84.853985,43.584047],[84.853879,43.583707],[84.853607,43.583286],[84.853124,43.582861],[84.850507,43.581700],[84.847262,43.581330],[84.845020,43.580618],[84.843767,43.579936],[84.842913,43.579627],[84.841647,43.579336],[84.839055,43.579078],[84.838579,43.578907],[84.834877,43.578578],[84.828682,43.579496],[84.825613,43.580073],[84.824013,43.580505],[84.823008,43.580678],[84.822297,43.580754],[84.821520,43.580724],[84.820985,43.581070],[84.821155,43.581323],[84.821743,43.582575],[84.821694,43.584577],[84.821240,43.587158],[84.821256,43.587483],[84.821305,43.588043],[84.822150,43.589296],[84.822336,43.589810],[84.822487,43.590673],[84.822475,43.591490],[84.822419,43.591715],[84.821721,43.592815],[84.821249,43.593362],[84.821096,43.595180],[84.820374,43.597192],[84.819443,43.598892],[84.818614,43.600065],[84.818200,43.600390],[84.817710,43.600610],[84.817113,43.601190],[84.816729,43.601716],[84.816340,43.604278],[84.815952,43.605036],[84.815604,43.606344],[84.815142,43.607052],[84.813591,43.608918],[84.812761,43.610449],[84.812734,43.612308],[84.811555,43.614146],[84.811335,43.615025],[84.811127,43.615325],[84.811120,43.615671],[84.812172,43.616159],[84.812340,43.616402],[84.812407,43.616880],[84.812345,43.617499],[84.812710,43.618492],[84.812645,43.619152],[84.812399,43.619643],[84.812085,43.620056],[84.809637,43.621441],[84.808778,43.621731],[84.805943,43.622120],[84.805074,43.622728],[84.804035,43.623611],[84.802799,43.624251],[84.800018,43.624641],[84.798337,43.624757],[84.797824,43.624887],[84.797233,43.625744],[84.796753,43.626640],[84.796307,43.627091],[84.793403,43.629285],[84.793192,43.629585],[84.792515,43.631727],[84.792179,43.632525],[84.791776,43.633202],[84.791103,43.634015],[84.790997,43.634515],[84.791151,43.635366],[84.791016,43.635556],[84.790464,43.635792],[84.789495,43.636636],[84.788490,43.637256],[84.788308,43.637539],[84.788219,43.638082],[84.787868,43.639044],[84.787196,43.640106],[84.787149,43.641052],[84.786765,43.641879],[84.785598,43.642324],[84.784239,43.642405],[84.783695,43.642629],[84.783531,43.642877],[84.783458,43.643308],[84.783092,43.643765],[84.781944,43.644592],[84.780962,43.644917],[84.780363,43.644991],[84.779209,43.644912],[84.778676,43.644779],[84.777973,43.644498],[84.777577,43.644234],[84.776016,43.642963],[84.774967,43.641943],[84.773210,43.640675],[84.772081,43.640028],[84.771820,43.639801],[84.771619,43.639239],[84.770699,43.637979],[84.770113,43.637475],[84.759010,43.637131],[84.747368,43.634703],[84.734459,43.632714],[84.721213,43.631166],[84.708541,43.631683],[84.698954,43.635672],[84.690305,43.639670],[84.667562,43.649639],[84.658269,43.654082],[84.643625,43.656842],[84.635416,43.656041],[84.619568,43.656965],[84.605245,43.661118],[84.597754,43.669486],[84.597797,43.680015],[84.603204,43.690613],[84.606126,43.693651],[84.606493,43.693732],[84.607189,43.694007],[84.610806,43.695861],[84.612654,43.696986],[84.613171,43.697638],[84.613621,43.698649],[84.614347,43.699710],[84.614335,43.701227],[84.614473,43.701574],[84.615390,43.702520],[84.616402,43.703009],[84.617163,43.703783],[84.617577,43.704356],[84.618034,43.705500],[84.618364,43.705987],[84.618491,43.706416],[84.618332,43.707116],[84.618127,43.707509],[84.618055,43.708500],[84.618501,43.709902],[84.618459,43.710541],[84.618848,43.711466],[84.619127,43.711863],[84.619877,43.712576],[84.620448,43.712939],[84.622058,43.713862],[84.623672,43.714570],[84.624873,43.714714],[84.626462,43.714455],[84.629140,43.714541],[84.630901,43.715187],[84.631431,43.715617],[84.631941,43.716253],[84.631813,43.717502],[84.632220,43.718388],[84.633080,43.718845],[84.634443,43.719404],[84.634830,43.719699],[84.634797,43.720164],[84.634299,43.722161],[84.634260,43.722785],[84.634393,43.723421],[84.634404,43.724125],[84.634534,43.724679],[84.635098,43.725298],[84.635781,43.725763],[84.634079,43.726051],[84.633587,43.726271],[84.633096,43.726653],[84.632667,43.727440],[84.630203,43.729440],[84.629004,43.729801],[84.628404,43.729816],[84.626738,43.729473],[84.624524,43.728710],[84.622354,43.727627],[84.621955,43.727603],[84.620156,43.729312],[84.618988,43.730263],[84.618214,43.730480],[84.617785,43.730739],[84.616958,43.730945],[84.616380,43.731266],[84.612693,43.732251],[84.611461,43.732370],[84.609098,43.732215],[84.607941,43.732026],[84.606281,43.730820],[84.605506,43.730812],[84.604736,43.730929],[84.601652,43.731831],[84.598669,43.732234],[84.596338,43.732300],[84.595668,43.732444],[84.593723,43.733307],[84.593055,43.733991],[84.592266,43.734280],[84.590640,43.734683],[84.589913,43.734969],[84.588018,43.735250],[84.584679,43.736335],[84.582771,43.736212],[84.581498,43.736243],[84.578432,43.736588],[84.577065,43.736879],[84.576252,43.737219],[84.575546,43.737787],[84.574848,43.738505],[84.574350,43.738774],[84.573547,43.739586],[84.573446,43.739857],[84.572952,43.740489],[84.572192,43.741237],[84.571061,43.741616],[84.569154,43.742512],[84.568494,43.743090],[84.567914,43.743860],[84.567683,43.744730],[84.567682,43.745233],[84.567389,43.745624],[84.565880,43.746348],[84.563770,43.746874],[84.563101,43.746942],[84.560444,43.746939],[84.556768,43.747233],[84.555668,43.747422],[84.554664,43.748027],[84.553961,43.748754],[84.553782,43.749284],[84.553392,43.749985],[84.553221,43.750980],[84.552979,43.751077],[84.552543,43.751064],[84.551375,43.750644],[84.549235,43.750116],[84.547344,43.750025],[84.546402,43.750100],[84.545154,43.749852],[84.544020,43.749558],[84.543416,43.749317],[84.542786,43.748908],[84.539147,43.747571],[84.536274,43.747339],[84.534909,43.747599],[84.533730,43.747970],[84.533248,43.748323],[84.532581,43.748465],[84.532096,43.748758],[84.530704,43.749256],[84.530047,43.749294],[84.529588,43.749155],[84.528858,43.749101],[84.527772,43.749184],[84.527342,43.749065],[84.526763,43.749039],[84.526073,43.749157],[84.525333,43.749491],[84.523539,43.749766],[84.522851,43.749659],[84.521749,43.749176],[84.520576,43.748948],[84.518953,43.749607],[84.517080,43.750149],[84.515398,43.750508],[84.514740,43.750803],[84.513622,43.751233],[84.512190,43.752185],[84.511306,43.752218],[84.508485,43.751641],[84.507217,43.751245],[84.504558,43.750187],[84.503709,43.749701],[84.503288,43.749180],[84.502756,43.748711],[84.501443,43.747852],[84.501232,43.747567],[84.501256,43.747129],[84.502019,43.746588],[84.502739,43.745925],[84.503055,43.745391],[84.503186,43.744913],[84.502819,43.744239],[84.500416,43.741976],[84.499904,43.741015],[84.499938,43.740511],[84.500203,43.739948],[84.500231,43.739721],[84.500114,43.739546],[84.499786,43.739405],[84.498788,43.739335],[84.495924,43.737890],[84.493932,43.736574],[84.492161,43.734686],[84.490150,43.734890],[84.487836,43.734790],[84.486960,43.734847],[84.486812,43.735221],[84.486753,43.736408],[84.486499,43.736894],[84.486222,43.736990],[84.485817,43.736969],[84.484589,43.736328],[84.483933,43.736290],[84.483081,43.736450],[84.481933,43.737113],[84.481714,43.737134],[84.481605,43.737145],[84.480899,43.737018],[84.479344,43.736475],[84.478153,43.735944],[84.475261,43.735064],[84.473690,43.735009],[84.471682,43.735588],[84.471238,43.735634],[84.470062,43.735493],[84.467837,43.734827],[84.466817,43.734725],[84.459368,43.735749],[84.458235,43.735804],[84.456032,43.735580],[84.453609,43.735119],[84.451073,43.734344],[84.450073,43.733732],[84.449508,43.733551],[84.449001,43.733519],[84.446164,43.734901],[84.443812,43.736383],[84.443361,43.736767],[84.442755,43.737530],[84.442287,43.737862],[84.440854,43.738431],[84.440438,43.738402],[84.439862,43.738259],[84.438828,43.737764],[84.436016,43.736772],[84.435142,43.736353],[84.434055,43.735661],[84.432671,43.734324],[84.431812,43.733691],[84.430630,43.733054],[84.428927,43.732495],[84.427494,43.732394],[84.424412,43.732622],[84.422920,43.732628],[84.417988,43.732465],[84.416528,43.732232],[84.414065,43.731622],[84.412040,43.731528],[84.408210,43.731741],[84.406102,43.731624],[84.405244,43.731419],[84.404115,43.731053],[84.403861,43.730927],[84.403662,43.730689],[84.403455,43.729958],[84.403611,43.728802],[84.403476,43.727881],[84.401863,43.725941],[84.401053,43.725599],[84.398285,43.725335],[84.396692,43.724849],[84.395121,43.724668],[84.394133,43.724675],[84.393467,43.724831],[84.391663,43.726149],[84.390585,43.726703],[84.389339,43.726955],[84.387631,43.727046],[84.386148,43.727785],[84.385163,43.728432],[84.384022,43.729343],[84.383049,43.730433],[84.382707,43.731285],[84.382619,43.731915],[84.382667,43.733302],[84.382409,43.733983],[84.382107,43.734205],[84.380673,43.734825],[84.375968,43.736287],[84.375082,43.736702],[84.373177,43.737903],[84.370610,43.738507],[84.368414,43.739331],[84.367270,43.739882],[84.366637,43.740276],[84.366268,43.740639],[84.365591,43.741635],[84.365003,43.742804],[84.364358,43.743403],[84.363916,43.743442],[84.361871,43.742517],[84.359044,43.740799],[84.357561,43.739584],[84.357158,43.739348],[84.356026,43.738867],[84.354260,43.738554],[84.353277,43.738155],[84.352976,43.737894],[84.352805,43.737418],[84.352174,43.736352],[84.351704,43.736007],[84.349050,43.734845],[84.345029,43.733432],[84.343324,43.732917],[84.342589,43.732549],[84.342224,43.732219],[84.341970,43.731804],[84.341447,43.730357],[84.340742,43.729199],[84.340438,43.728081],[84.340181,43.726631],[84.340036,43.726391],[84.339683,43.726251],[84.338973,43.726162],[84.337415,43.726142],[84.335088,43.726255],[84.334386,43.726170],[84.333547,43.725924],[84.332944,43.725616],[84.332271,43.724928],[84.331771,43.724595],[84.331441,43.724500],[84.326075,43.723905],[84.323735,43.723413],[84.322631,43.722711],[84.321583,43.721806],[84.321003,43.721572],[84.320541,43.721560],[84.319796,43.721681],[84.318655,43.722023],[84.317673,43.722843],[84.317046,43.723165],[84.316022,43.723496],[84.315163,43.724207],[84.314079,43.726364],[84.313207,43.728680],[84.312577,43.731642],[84.312259,43.731743],[84.311392,43.731776],[84.308781,43.731490],[84.307562,43.731528],[84.306296,43.731951],[84.305161,43.732555],[84.304120,43.732723],[84.298796,43.731677],[84.294990,43.730298],[84.293968,43.730094],[84.292053,43.730091],[84.290395,43.730264],[84.288515,43.730635],[84.287853,43.730876],[84.287789,43.731305],[84.287923,43.731606],[84.288587,43.732575],[84.289657,43.734450],[84.290310,43.735859],[84.290386,43.736437],[84.290265,43.737372],[84.289965,43.737797],[84.289494,43.738139],[84.287109,43.739229],[84.286401,43.739478],[84.283525,43.739864],[84.282051,43.740213],[84.281517,43.740462],[84.281219,43.740965],[84.281326,43.741697],[84.282504,43.745340],[84.282511,43.745700],[84.280750,43.747364],[84.279371,43.749199],[84.279467,43.749668],[84.279950,43.750395],[84.280876,43.751624],[84.282088,43.752826],[84.282338,43.753227],[84.282437,43.753942],[84.282461,43.754326],[84.282243,43.755124],[84.280794,43.757270],[84.280001,43.758873],[84.280099,43.759185],[84.280727,43.759575],[84.281018,43.759891],[84.281273,43.760583],[84.281439,43.762167],[84.281416,43.763063],[84.281558,43.764246],[84.281567,43.765259],[84.281521,43.765817],[84.281159,43.766519],[84.279771,43.768231],[84.278671,43.769065],[84.277794,43.769539],[84.276834,43.769891],[84.275181,43.770378],[84.274098,43.770552],[84.272050,43.770242],[84.270480,43.769862],[84.268317,43.770410],[84.266558,43.771101],[84.266198,43.771422],[84.265671,43.772270],[84.265356,43.773999],[84.264699,43.775380],[84.264177,43.776167],[84.263695,43.776560],[84.262234,43.777295],[84.260345,43.778044],[84.258665,43.778483],[84.257628,43.778898],[84.257016,43.779244],[84.256676,43.779545],[84.255832,43.780671],[84.255012,43.782404],[84.254402,43.784506],[84.254137,43.784984],[84.253844,43.785273],[84.251548,43.786049],[84.249866,43.786325],[84.246514,43.786424],[84.243416,43.786234],[84.242886,43.786071],[84.242620,43.785695],[84.241487,43.783280],[84.240678,43.780916],[84.240075,43.779827],[84.238550,43.778895],[84.237546,43.778471],[84.234602,43.777549],[84.233153,43.777004],[84.230826,43.775458],[84.229523,43.774271],[84.226729,43.773919],[84.225335,43.773569],[84.224464,43.773556],[84.222917,43.775421],[84.221876,43.776246],[84.220641,43.776990],[84.218926,43.777569],[84.217313,43.777894],[84.215588,43.778615],[84.212777,43.779510],[84.210408,43.780062],[84.209671,43.780015],[84.208660,43.779637],[84.208475,43.779426],[84.208539,43.778574],[84.208348,43.778285],[84.206251,43.777655],[84.204662,43.777339],[84.203955,43.777338],[84.201560,43.777732],[84.198958,43.777696],[84.198308,43.777766],[84.197842,43.777884],[84.193137,43.779925],[84.192349,43.780139],[84.191292,43.780245],[84.189972,43.780054],[84.188654,43.780045],[84.184144,43.782157],[84.184413,43.784714],[84.184259,43.784844],[84.179980,43.786281],[84.177516,43.787715],[84.177209,43.787991],[84.175791,43.789862],[84.175141,43.791044],[84.174138,43.792555],[84.173906,43.792774],[84.173600,43.793539],[84.173492,43.794602],[84.173321,43.795099],[84.173261,43.795227],[84.173006,43.795333],[84.169645,43.795777],[84.163736,43.795714],[84.162041,43.796261],[84.159526,43.797808],[84.158552,43.798147],[84.155631,43.798500],[84.154768,43.798667],[84.154310,43.798883],[84.153741,43.799005],[84.152155,43.799679],[84.149268,43.801259],[84.146881,43.801670],[84.144252,43.801787],[84.143319,43.802032],[84.142541,43.802452],[84.141822,43.803220],[84.141161,43.804212],[84.140144,43.805161],[84.139229,43.805831],[84.137104,43.807020],[84.135018,43.807854],[84.134326,43.808052],[84.132856,43.808125],[84.131508,43.808038],[84.130681,43.807719],[84.129288,43.805179],[84.128515,43.804184],[84.127949,43.803521],[84.127266,43.802925],[84.126503,43.802483],[84.125503,43.802255],[84.123505,43.802067],[84.122620,43.801828],[84.121606,43.801851],[84.121115,43.802310],[84.120825,43.802909],[84.120056,43.803938],[84.119056,43.804807],[84.118325,43.805303],[84.117764,43.805491],[84.117143,43.805512],[84.115670,43.805097],[84.114734,43.804983],[84.113841,43.805454],[84.112292,43.806944],[84.112126,43.807233],[84.112100,43.807470],[84.112087,43.807749],[84.112189,43.808009],[84.113385,43.809124],[84.114049,43.811070],[84.114310,43.812224],[84.114447,43.814080],[84.113907,43.814240],[84.112155,43.814370],[84.111230,43.814717],[84.107957,43.815563],[84.106995,43.815959],[84.106105,43.816208],[84.104957,43.816235],[84.104110,43.816088],[84.103686,43.816015],[84.103469,43.815866],[84.102582,43.815895],[84.102124,43.816224],[84.100273,43.816903],[84.098430,43.817282],[84.097549,43.817323],[84.095877,43.817623],[84.094903,43.817658],[84.093868,43.817905],[84.092986,43.818003],[84.089265,43.819560],[84.089216,43.819722],[84.089696,43.820378],[84.089798,43.821135],[84.089709,43.821697],[84.088675,43.822815],[84.087540,43.823641],[84.085004,43.825038],[84.084446,43.825564],[84.084122,43.826625],[84.084219,43.826979],[84.084435,43.827233],[84.085758,43.828218],[84.088294,43.829784],[84.089131,43.830467],[84.089685,43.831446],[84.089998,43.832349],[84.090627,43.833014],[84.092002,43.833515],[84.096066,43.834216],[84.098854,43.835305],[84.101253,43.836358],[84.104505,43.837621],[84.104869,43.837910],[84.104854,43.838301],[84.104647,43.838743],[84.103807,43.839755],[84.101020,43.841313],[84.100912,43.841605],[84.102861,43.843572],[84.104010,43.844265],[84.105731,43.844823],[84.106346,43.845164],[84.108083,43.846684],[84.109400,43.848008],[84.110978,43.848981],[84.111531,43.849250],[84.112152,43.849421],[84.113588,43.849461],[84.114124,43.849561],[84.114255,43.849790],[84.114189,43.851623],[84.114347,43.853576],[84.114811,43.854333],[84.114801,43.854552],[84.114434,43.854740],[84.113717,43.854851],[84.112658,43.854693],[84.111602,43.854812],[84.109565,43.855292],[84.107190,43.856150],[84.106388,43.856330],[84.105624,43.856385],[84.103061,43.856456],[84.099088,43.855777],[84.098243,43.855754],[84.096691,43.855496],[84.095321,43.855497],[84.093417,43.855840],[84.090628,43.855650],[84.089527,43.855704],[84.088984,43.855897],[84.088821,43.856052],[84.088087,43.857801],[84.087841,43.859052],[84.087540,43.859672],[84.086041,43.862192],[84.085578,43.862783],[84.085007,43.863217],[84.084825,43.863531],[84.084848,43.864953],[84.083870,43.867436],[84.082872,43.868857],[84.082451,43.869230],[84.082150,43.869729],[84.081069,43.870586],[84.080505,43.870826],[84.080001,43.871220],[84.080913,43.871753],[84.081752,43.872609],[84.083273,43.874709],[84.082816,43.875362],[84.082065,43.876011],[84.080877,43.876449],[84.079036,43.877310],[84.078363,43.877444],[84.077033,43.877884],[84.075251,43.878825],[84.074731,43.879371],[84.074540,43.879703],[84.074099,43.881095],[84.073704,43.881677],[84.073204,43.882128],[84.072126,43.882549],[84.070869,43.882718],[84.069091,43.883284],[84.067867,43.883530],[84.067502,43.883701],[84.066072,43.884828],[84.064416,43.885749],[84.061594,43.886272],[84.059356,43.886153],[84.058529,43.885387],[84.057053,43.884582],[84.055678,43.884069],[84.055020,43.884056],[84.043981,43.881546],[84.036731,43.879797],[84.030037,43.879888],[84.026790,43.881879],[84.017681,43.887643],[84.002954,43.892171],[84.000472,43.893308],[83.997912,43.895968],[83.996283,43.898575],[83.996170,43.898722],[83.993801,43.901920],[83.993444,43.902240],[83.990326,43.905085],[83.987322,43.907379],[83.983873,43.910019],[83.980834,43.911329],[83.980138,43.911423],[83.975184,43.912099],[83.972555,43.912005],[83.967515,43.911831],[83.965174,43.910819],[83.962702,43.908666],[83.962624,43.908579],[83.959779,43.905580],[83.956934,43.902576],[83.953584,43.901823],[83.948775,43.900742],[83.944637,43.901177],[83.939663,43.901702],[83.939038,43.901905],[83.934440,43.903373],[83.931191,43.904727],[83.926848,43.906548],[83.926631,43.906730],[83.923357,43.909490],[83.921603,43.910512],[83.917687,43.912786],[83.914589,43.914841],[83.910883,43.917294],[83.908038,43.920204],[83.907483,43.920898],[83.904967,43.924043],[83.904594,43.924997],[83.903232,43.928488],[83.903024,43.929330],[83.902703,43.930616],[83.905698,43.931076],[83.909346,43.932450],[83.910746,43.933098],[83.912485,43.934072],[83.912776,43.934675],[83.912728,43.934938],[83.912466,43.935338],[83.911807,43.935863],[83.911080,43.936230],[83.908855,43.936817],[83.908289,43.937118],[83.906648,43.939452],[83.906173,43.940011],[83.905747,43.940357],[83.904520,43.940766],[83.903343,43.940970],[83.902816,43.941318],[83.902493,43.941905],[83.902279,43.943097],[83.901876,43.944577],[83.902000,43.946018],[83.902185,43.946761],[83.900460,43.947227],[83.899357,43.947658],[83.897595,43.947928],[83.895916,43.947922],[83.895069,43.947732],[83.894256,43.947913],[83.893599,43.948258],[83.893261,43.948339],[83.892578,43.948312],[83.891785,43.948406],[83.890889,43.948726],[83.888290,43.950159],[83.887897,43.950470],[83.886954,43.951541],[83.886168,43.952760],[83.885996,43.952882],[83.885743,43.952782],[83.885490,43.952307],[83.885076,43.952069],[83.884501,43.951794],[83.883360,43.951490],[83.881807,43.951334],[83.880592,43.951532],[83.879097,43.951271],[83.877346,43.951108],[83.876177,43.950882],[83.873478,43.949924],[83.872529,43.949833],[83.870464,43.949917],[83.869070,43.950172],[83.865702,43.951148],[83.864428,43.951792],[83.862220,43.952244],[83.858753,43.953133],[83.857967,43.953078],[83.857131,43.952760],[83.854719,43.951380],[83.853844,43.950998],[83.853224,43.950548],[83.852892,43.950069],[83.853191,43.949033],[83.853046,43.947665],[83.852798,43.947089],[83.852470,43.946549],[83.851884,43.946056],[83.850981,43.945644],[83.850453,43.945527],[83.849773,43.945574],[83.849224,43.945851],[83.848399,43.947065],[83.848148,43.947597],[83.847562,43.948193],[83.844354,43.949382],[83.843478,43.949596],[83.842942,43.949821],[83.842099,43.949989],[83.841356,43.949675],[83.839010,43.947835],[83.836323,43.945570],[83.834375,43.943606],[83.833174,43.942835],[83.831289,43.941401],[83.829098,43.940063],[83.828130,43.939298],[83.827843,43.939263],[83.822895,43.938673],[83.820274,43.938591],[83.815265,43.938436],[83.813022,43.938566],[83.808022,43.938860],[83.804638,43.939742],[83.803487,43.940243],[83.799194,43.942115],[83.794977,43.944194],[83.794095,43.944785],[83.790398,43.947245],[83.786708,43.949704],[83.785834,43.950213],[83.781937,43.952494],[83.778800,43.952905],[83.775578,43.952404],[83.771886,43.950551],[83.769529,43.949316],[83.767128,43.947622],[83.763504,43.946453],[83.760209,43.945265],[83.759038,43.945110],[83.754086,43.944468],[83.749349,43.944732],[83.748620,43.944858],[83.743743,43.945733],[83.743118,43.945928],[83.738517,43.947392],[83.735036,43.949289],[83.731007,43.951468],[83.729921,43.952387],[83.726646,43.955142],[83.725587,43.956650],[83.723337,43.959897],[83.720469,43.962799],[83.718453,43.964229],[83.714856,43.966765],[83.711831,43.968305],[83.708206,43.970100],[83.704772,43.970745],[83.702686,43.971999],[83.698399,43.973601],[83.696294,43.974547],[83.692016,43.976466],[83.691741,43.976511],[83.691465,43.976748],[83.690349,43.978030],[83.689859,43.978419],[83.689009,43.979339],[83.688568,43.980330],[83.688257,43.981506],[83.688035,43.981711],[83.687654,43.981846],[83.687187,43.981822],[83.686816,43.981652],[83.686500,43.981166],[83.686159,43.980227],[83.685688,43.979337],[83.685356,43.978930],[83.682744,43.976452],[83.681468,43.974979],[83.679590,43.973091],[83.677811,43.972351],[83.677311,43.972253],[83.676982,43.972275],[83.676273,43.972555],[83.674918,43.972863],[83.672087,43.973306],[83.670796,43.972730],[83.669506,43.972154],[83.667913,43.971111],[83.666437,43.970385],[83.666049,43.970103],[83.665334,43.969205],[83.665001,43.968968],[83.662755,43.968521],[83.662227,43.968244],[83.660486,43.967615],[83.659850,43.967239],[83.659404,43.967174],[83.658376,43.967544],[83.654991,43.967896],[83.651536,43.967593],[83.649444,43.967261],[83.648740,43.967227],[83.648225,43.967075],[83.646990,43.966326],[83.646458,43.966271],[83.642420,43.969026],[83.640372,43.970871],[83.640088,43.971035],[83.639822,43.971062],[83.636568,43.969434],[83.634752,43.968858],[83.633251,43.968946],[83.631736,43.968688],[83.630821,43.968809],[83.630109,43.968684],[83.628697,43.968013],[83.626008,43.966191],[83.624418,43.965458],[83.623714,43.965270],[83.621140,43.965603],[83.619638,43.966279],[83.615373,43.968206],[83.614514,43.968709],[83.610588,43.970979],[83.608175,43.972254],[83.605909,43.974157],[83.602629,43.976911],[83.601275,43.978559],[83.598716,43.981686],[83.596157,43.984810],[83.594231,43.987178],[83.591673,43.990306],[83.589123,43.993439],[83.587649,43.995808],[83.585595,43.999122],[83.584875,44.001044],[83.580334,44.005515],[83.577422,44.007283],[83.574832,44.008834],[83.571912,44.010373],[83.568725,44.010998],[83.563028,44.011119],[83.557644,44.011016],[83.550738,44.009743],[83.545169,44.009320],[83.543902,44.009415],[83.542122,44.009299],[83.541801,44.009147],[83.540907,44.008289],[83.540637,44.008149],[83.539977,44.007987],[83.539112,44.007983],[83.537895,44.007774],[83.534893,44.006859],[83.533078,44.005911],[83.531963,44.005044],[83.530897,44.004390],[83.529994,44.004054],[83.526431,44.002207],[83.525702,44.001933],[83.524976,44.001819],[83.521853,44.002020],[83.521111,44.001924],[83.520067,44.001935],[83.519437,44.002194],[83.518501,44.003136],[83.518128,44.003358],[83.517749,44.003416],[83.516864,44.003251],[83.516338,44.003270],[83.515250,44.003851],[83.514843,44.003861],[83.514322,44.003745],[83.512336,44.002362],[83.510761,44.002242],[83.509524,44.002285],[83.508981,44.002372],[83.508437,44.002460],[83.507540,44.002328],[83.506526,44.002010],[83.505847,44.001582],[83.505276,44.001087],[83.502868,44.001007],[83.500506,44.001641],[83.500178,44.001805],[83.500063,44.002087],[83.499993,44.004681],[83.499654,44.005935],[83.499702,44.006533],[83.499867,44.007051],[83.500220,44.007700],[83.501072,44.008848],[83.501678,44.009250],[83.502061,44.009803],[83.502418,44.010532],[83.502506,44.011108],[83.502362,44.011615],[83.502330,44.012179],[83.501980,44.012873],[83.502526,44.014110],[83.502498,44.015070],[83.502665,44.016025],[83.502631,44.017243],[83.502755,44.018168],[83.502735,44.022349],[83.502355,44.023011],[83.501804,44.023538],[83.500983,44.023794],[83.499369,44.024068],[83.497781,44.024582],[83.496256,44.025155],[83.495536,44.025605],[83.493299,44.026408],[83.492321,44.026634],[83.491180,44.027275],[83.491048,44.028219],[83.490678,44.029397],[83.490157,44.030356],[83.489281,44.030913],[83.487160,44.031984],[83.485645,44.032514],[83.485102,44.032933],[83.484047,44.034246],[83.482681,44.035020],[83.480761,44.035761],[83.479230,44.036090],[83.476947,44.036779],[83.474223,44.036733],[83.468898,44.036907],[83.468934,44.037776],[83.469098,44.038668],[83.469119,44.038685],[83.470117,44.039580],[83.471876,44.042146],[83.471845,44.042836],[83.471011,44.043667],[83.470921,44.044071],[83.471753,44.045554],[83.471823,44.046397],[83.471626,44.046715],[83.470353,44.048114],[83.469810,44.049377],[83.469120,44.050492],[83.468471,44.051343],[83.467872,44.051765],[83.467156,44.051810],[83.464799,44.052211],[83.464199,44.052373],[83.463890,44.052658],[83.463656,44.055041],[83.463696,44.055446],[83.463470,44.055899],[83.463425,44.056238],[83.463504,44.057283],[83.463934,44.058101],[83.463842,44.058973],[83.463604,44.059713],[83.463639,44.061386],[83.463477,44.062850],[83.463510,44.063652],[83.464403,44.064906],[83.464798,44.066282],[83.464429,44.066957],[83.464361,44.067814],[83.464412,44.069644],[83.464195,44.070342],[83.463246,44.071412],[83.462850,44.072125],[83.461628,44.072427],[83.460640,44.072521],[83.459619,44.072926],[83.458262,44.073196],[83.456504,44.073717],[83.455360,44.074286],[83.453982,44.074631],[83.452614,44.075177],[83.449830,44.075994],[83.448502,44.076490],[83.448416,44.078630],[83.447541,44.084547],[83.448580,44.090279],[83.448277,44.097805],[83.447740,44.103280],[83.447204,44.108746],[83.445965,44.115800],[83.445411,44.121730],[83.443627,44.126491],[83.442207,44.130341],[83.439765,44.136005],[83.434783,44.141382],[83.430130,44.146536],[83.424826,44.151911],[83.420525,44.155926],[83.413803,44.164921],[83.412042,44.168991],[83.411842,44.174012],[83.411998,44.177899],[83.413109,44.181802],[83.415729,44.187796],[83.419927,44.194053],[83.423248,44.198466],[83.427504,44.203121],[83.432365,44.208702],[83.435277,44.215383],[83.437876,44.221834],[83.438637,44.226422],[83.437840,44.230514],[83.437381,44.233928],[83.434392,44.237068],[83.431160,44.241388],[83.428903,44.241927],[83.426210,44.242966],[83.422425,44.246023],[83.421645,44.246759],[83.421444,44.247295],[83.421531,44.247698],[83.422816,44.248675],[83.424871,44.249526],[83.426619,44.249775],[83.429605,44.250713],[83.430378,44.251236],[83.430836,44.251826],[83.432608,44.252656],[83.435346,44.252729],[83.440177,44.251792],[83.440663,44.251628],[83.442123,44.251477],[83.445331,44.252459],[83.446568,44.253165],[83.448428,44.253882],[83.448843,44.254278],[83.449052,44.254788],[83.448453,44.255334],[83.447606,44.257297],[83.447055,44.258991],[83.446560,44.259779],[83.444510,44.261280],[83.443824,44.261988],[83.442261,44.263080],[83.441393,44.263945],[83.440519,44.266085],[83.440311,44.267011],[83.440297,44.268371],[83.440046,44.269678],[83.439443,44.270156],[83.437415,44.274494],[83.437363,44.274706],[83.437713,44.274994],[83.438711,44.275740],[83.441004,44.276963],[83.441425,44.277511],[83.441606,44.278199],[83.441460,44.279191],[83.440096,44.281410],[83.439827,44.282259],[83.439900,44.282639],[83.441058,44.283685],[83.442518,44.285197],[83.443964,44.285802],[83.444947,44.285878],[83.445650,44.286028],[83.447327,44.286564],[83.448116,44.287718],[83.448384,44.287993],[83.449300,44.288596],[83.452567,44.289567],[83.453550,44.290034],[83.454152,44.290155],[83.455949,44.290206],[83.456108,44.290354],[83.456457,44.291131],[83.456699,44.291886],[83.456728,44.293136],[83.456866,44.293648],[83.457485,44.294148],[83.458467,44.294615],[83.459783,44.294964],[83.460444,44.295328],[83.461550,44.295699],[83.463989,44.296249],[83.464673,44.296900],[83.465435,44.298022],[83.466743,44.299021],[83.468089,44.299233],[83.469669,44.299170],[83.470069,44.299211],[83.470546,44.299393],[83.471842,44.301791],[83.472229,44.302208],[83.473242,44.302314],[83.473752,44.302602],[83.474788,44.303539],[83.474953,44.303848],[83.474965,44.304118],[83.474325,44.305097],[83.474265,44.305901],[83.474657,44.307141],[83.475719,44.308163],[83.477136,44.309227],[83.477734,44.309508],[83.479624,44.309571],[83.479946,44.309673],[83.480104,44.309830],[83.480184,44.310917],[83.480273,44.311050],[83.480496,44.311070],[83.481858,44.310276],[83.482760,44.310254],[83.483606,44.310588],[83.484645,44.311609],[83.484954,44.312278],[83.486481,44.314006],[83.486861,44.314976],[83.486882,44.315465],[83.486785,44.315941],[83.486606,44.316149],[83.486386,44.316778],[83.486316,44.317339],[83.486159,44.317502],[83.483934,44.318403],[83.483400,44.318821],[83.482311,44.320251],[83.480942,44.320866],[83.478992,44.321902],[83.478093,44.322566],[83.476805,44.323722],[83.476309,44.324494],[83.476307,44.325001],[83.476616,44.325939],[83.477372,44.326901],[83.477938,44.327825],[83.478860,44.328961],[83.480651,44.330419],[83.481886,44.331678],[83.483665,44.333166],[83.485595,44.334940],[83.487686,44.336400],[83.489071,44.337179],[83.489865,44.337774],[83.490845,44.338789],[83.491406,44.339553],[83.491801,44.340596],[83.491890,44.341313],[83.491867,44.342159],[83.491720,44.342837],[83.491271,44.343312],[83.489344,44.344748],[83.487797,44.346527],[83.487455,44.347333],[83.486973,44.349791],[83.486537,44.351086],[83.486084,44.351981],[83.485753,44.354100],[83.485570,44.354526],[83.485543,44.354899],[83.486443,44.355794],[83.486494,44.355894],[83.486000,44.356247],[83.486532,44.356432],[83.486934,44.356908],[83.487208,44.357853],[83.487535,44.362613],[83.487938,44.363079],[83.489974,44.367347],[83.492244,44.369710],[83.494135,44.372550],[83.496536,44.374335],[83.497341,44.375286],[83.497349,44.375763],[83.498686,44.377178],[83.502666,44.378382],[83.505750,44.381688],[83.505758,44.382164],[83.506418,44.382534],[83.508310,44.389611],[83.508720,44.390636],[83.509548,44.391928],[83.512047,44.394870],[83.512942,44.395809],[83.517644,44.399532],[83.523243,44.405239],[83.528235,44.408668],[83.528918,44.409218],[83.530727,44.411071],[83.530864,44.411544],[83.531267,44.412020],[83.531571,44.414873],[83.529755,44.419596],[83.529131,44.420511],[83.527977,44.423427],[83.526463,44.425885],[83.524899,44.428722],[83.524579,44.429619],[83.522687,44.433518],[83.519710,44.437828],[83.518790,44.442538],[83.517347,44.444913],[83.516558,44.449683],[83.515919,44.451669],[83.515630,44.455859],[83.515895,44.459766],[83.516860,44.462611],[83.517646,44.467553],[83.521533,44.466860],[83.526855,44.465911],[83.537680,44.463604],[83.545332,44.461520],[83.546999,44.461529],[83.551171,44.462069],[83.555570,44.462498],[83.557337,44.462530],[83.560531,44.462192],[83.569203,44.462099],[83.573485,44.462121],[83.576925,44.462322],[83.581720,44.462375],[83.582180,44.462456],[83.582476,44.462768],[83.587378,44.463746],[83.592216,44.463754],[83.594821,44.463625],[83.598153,44.463155],[83.599463,44.462783],[83.601279,44.462743],[83.602852,44.462912],[83.605445,44.463542],[83.607277,44.464103],[83.608788,44.464361],[83.610933,44.465269],[83.613194,44.465680],[83.616412,44.465789],[83.620040,44.466309],[83.621462,44.466745],[83.624992,44.468073],[83.625728,44.468224],[83.629902,44.468403],[83.630594,44.468821],[83.631740,44.470147],[83.632391,44.471375],[83.633096,44.472330],[83.633906,44.473380],[83.635863,44.475599],[83.635969,44.475864],[83.637049,44.475471],[83.639348,44.474826],[83.644575,44.474201],[83.660006,44.472046],[83.667048,44.471114],[83.683230,44.468971],[83.719299,44.464195],[83.723992,44.463573],[83.730122,44.463228],[83.750052,44.461835],[83.752820,44.461741],[83.755640,44.462036],[83.793340,44.466780],[83.793464,44.475754],[83.793363,44.477572],[83.793419,44.480250],[83.793952,44.482045],[83.794201,44.484057],[83.794767,44.485563],[83.795530,44.487241],[83.796318,44.488691],[83.797922,44.490973],[83.798512,44.492233],[83.798589,44.492612],[83.798101,44.495218],[83.798100,44.495937],[83.797394,44.496935],[83.796280,44.497792],[83.795810,44.498294],[83.794647,44.500135],[83.793994,44.501411],[83.794017,44.503368],[83.793423,44.504457],[83.792633,44.505237],[83.792645,44.506078],[83.792067,44.506728],[83.791992,44.506990],[83.792011,44.507415],[83.792353,44.507864],[83.792135,44.508192],[83.792037,44.508569],[83.791663,44.508922],[83.792076,44.509680],[83.792049,44.510014],[83.791806,44.510405],[83.792012,44.511086],[83.791864,44.511318],[83.791350,44.511498],[83.791630,44.511896],[83.791126,44.512273],[83.791545,44.512543],[83.791594,44.512667],[83.791133,44.513032],[83.791049,44.513398],[83.791181,44.513738],[83.791842,44.514511],[83.791802,44.514887],[83.792220,44.515157],[83.792042,44.515369],[83.792186,44.515949],[83.791925,44.519447],[83.791857,44.520376],[83.790418,44.521816],[83.789102,44.522399],[83.787267,44.523750],[83.784284,44.527586],[83.782967,44.528169],[83.781642,44.528283],[83.779662,44.529062],[83.778231,44.530502],[83.776936,44.532415],[83.775916,44.534807],[83.775809,44.536240],[83.775402,44.536745],[83.775391,44.536963],[83.772993,44.537926],[83.771339,44.538343],[83.768317,44.539955],[83.764826,44.542272],[83.764405,44.542701],[83.759300,44.546116],[83.752695,44.549833],[83.751903,44.550462],[83.748312,44.551078],[83.747517,44.551285],[83.746803,44.551780],[83.745427,44.552950],[83.748646,44.560037],[83.751019,44.565523],[83.752717,44.568947],[83.753114,44.570357],[83.754140,44.577231],[83.754532,44.578269],[83.755186,44.580753],[83.755269,44.581744],[83.755446,44.587498],[83.754966,44.590214],[83.755020,44.591117],[83.755306,44.592534],[83.756283,44.604412],[83.756443,44.612225],[83.757233,44.617437],[83.758223,44.622479],[83.759797,44.633250],[83.760484,44.634183],[83.762242,44.640948],[83.763278,44.643952],[83.763922,44.646161],[83.764454,44.648739],[83.765371,44.651181],[83.766037,44.653645],[83.766706,44.655517],[83.767279,44.656758],[83.767821,44.658363],[83.768224,44.659227],[83.771314,44.667601],[83.771479,44.668238],[83.771362,44.669895],[83.771472,44.672191],[83.772425,44.676570],[83.772919,44.677749],[83.773828,44.678952],[83.774090,44.679991],[83.774850,44.681301],[83.776373,44.684483],[83.777054,44.686359],[83.778537,44.689922],[83.781580,44.695955],[83.781964,44.697306],[83.782565,44.698744],[83.783004,44.699536],[83.785960,44.703737],[83.789852,44.711911],[83.790802,44.713492],[83.793358,44.717230],[83.794473,44.719508],[83.794560,44.721331],[83.795122,44.723176],[83.795965,44.729172],[83.797304,44.732535],[83.798248,44.734344],[83.798942,44.736630],[83.798951,44.737429],[83.798610,44.738679],[83.798378,44.740240],[83.798146,44.745258],[83.797502,44.748089],[83.797357,44.749504],[83.796699,44.752783],[83.796414,44.753456],[83.796308,44.753971],[83.796361,44.754542],[83.796286,44.754995],[83.796007,44.755269],[83.795600,44.755402],[83.795396,44.755569],[83.795366,44.755779],[83.795765,44.756839],[83.795965,44.757118],[83.796715,44.757292],[83.797497,44.757318],[83.797853,44.757601],[83.798086,44.758499],[83.797998,44.759617],[83.797437,44.760012],[83.796830,44.760053],[83.796792,44.758900],[83.796573,44.758648],[83.795853,44.758320],[83.795434,44.758344],[83.795053,44.758523],[83.794874,44.758751],[83.794917,44.759016],[83.795114,44.759214],[83.796040,44.759258],[83.796142,44.759399],[83.796060,44.759659],[83.795802,44.759834],[83.794820,44.759970],[83.792582,44.759558],[83.792082,44.759614],[83.791241,44.760083],[83.790760,44.760176],[83.789807,44.760154],[83.789139,44.760294],[83.788761,44.760561],[83.788117,44.761808],[83.788104,44.762894],[83.788578,44.763283],[83.789255,44.763321],[83.790080,44.763625],[83.790263,44.764110],[83.790214,44.764695],[83.789790,44.764976],[83.788882,44.764674],[83.788204,44.764624],[83.787818,44.764334],[83.787263,44.763630],[83.786498,44.763607],[83.786420,44.763698],[83.786414,44.764547],[83.786186,44.764988],[83.786178,44.765191],[83.786830,44.765699],[83.787858,44.766154],[83.788152,44.766480],[83.788198,44.766703],[83.788083,44.767019],[83.787633,44.767377],[83.787370,44.767451],[83.786450,44.767530],[83.785862,44.767346],[83.785656,44.767005],[83.786257,44.766833],[83.786469,44.766680],[83.786510,44.766544],[83.785741,44.766441],[83.784974,44.766494],[83.784610,44.766427],[83.784402,44.766276],[83.784062,44.765736],[83.784516,44.765078],[83.784482,44.764740],[83.784324,44.764656],[83.783943,44.764855],[83.783498,44.765695],[83.783033,44.765876],[83.782102,44.765955],[83.781805,44.766072],[83.781214,44.767084],[83.781171,44.767778],[83.781375,44.768209],[83.781363,44.768589],[83.781200,44.768762],[83.779683,44.768864],[83.779540,44.769092],[83.779380,44.771289],[83.779215,44.771450],[83.778885,44.771471],[83.778299,44.771350],[83.777996,44.771223],[83.777609,44.770907],[83.777677,44.770115],[83.777531,44.770026],[83.775908,44.770515],[83.774856,44.770689],[83.774228,44.770658],[83.773979,44.770800],[83.773960,44.770999],[83.773663,44.771353],[83.772720,44.771579],[83.772687,44.771893],[83.772807,44.772160],[83.773430,44.772681],[83.773419,44.772825],[83.772061,44.773092],[83.771483,44.773624],[83.770649,44.773933],[83.770605,44.774022],[83.771191,44.774626],[83.771255,44.774979],[83.770873,44.775077],[83.769265,44.774498],[83.768954,44.774494],[83.768649,44.774614],[83.768203,44.775318],[83.767956,44.776290],[83.767967,44.776532],[83.768079,44.776650],[83.768557,44.776839],[83.770490,44.776887],[83.771194,44.777015],[83.771890,44.776931],[83.772296,44.776982],[83.772556,44.777090],[83.772735,44.777290],[83.772763,44.777870],[83.772670,44.778198],[83.772506,44.778307],[83.771370,44.778569],[83.770407,44.778487],[83.770022,44.778540],[83.769690,44.778880],[83.769969,44.779189],[83.771310,44.779452],[83.772059,44.779788],[83.772137,44.780196],[83.772050,44.780353],[83.771810,44.780492],[83.770187,44.780574],[83.769204,44.781384],[83.768427,44.781493],[83.767607,44.781369],[83.767299,44.781229],[83.767177,44.781088],[83.767133,44.780629],[83.766984,44.780229],[83.766473,44.779800],[83.766147,44.779697],[83.765695,44.779775],[83.765601,44.779905],[83.765623,44.780038],[83.766362,44.780738],[83.766377,44.781090],[83.766032,44.781271],[83.765502,44.781317],[83.765392,44.781244],[83.764862,44.780708],[83.764822,44.779859],[83.764073,44.779578],[83.763028,44.779768],[83.762898,44.779907],[83.763146,44.780247],[83.763121,44.780358],[83.762587,44.780341],[83.762322,44.780010],[83.761999,44.779806],[83.761479,44.779718],[83.760501,44.779965],[83.760076,44.780267],[83.759881,44.780517],[83.760130,44.780782],[83.761394,44.781051],[83.762617,44.780843],[83.763051,44.781035],[83.763608,44.781635],[83.763618,44.781856],[83.763091,44.782233],[83.762724,44.782254],[83.761636,44.781956],[83.761306,44.781980],[83.759179,44.782560],[83.758886,44.782402],[83.758876,44.782169],[83.759128,44.781699],[83.758815,44.781276],[83.757368,44.781157],[83.756275,44.781325],[83.755939,44.781617],[83.755391,44.781703],[83.754303,44.781661],[83.753746,44.781779],[83.751375,44.781687],[83.750710,44.781973],[83.750047,44.782079],[83.749384,44.782463],[83.748995,44.782941],[83.749010,44.783894],[83.748369,44.785799],[83.749195,44.786752],[83.751047,44.785969],[83.751589,44.786442],[83.752258,44.786633],[83.753074,44.787198],[83.751885,44.788064],[83.751612,44.787684],[83.750955,44.788167],[83.750285,44.788165],[83.748698,44.789130],[83.748690,44.788653],[83.747608,44.787716],[83.747204,44.787528],[83.746539,44.787724],[83.746142,44.788201],[83.745486,44.788586],[83.746417,44.788393],[83.745495,44.789350],[83.745502,44.789728],[83.744159,44.789166],[83.742695,44.789561],[83.742031,44.790044],[83.741909,44.790515],[83.741520,44.791001],[83.740719,44.791191],[83.740047,44.791198],[83.738727,44.791976],[83.738896,44.793880],[83.737705,44.794645],[83.736369,44.794658],[83.735690,44.794188],[83.735698,44.794566],[83.734363,44.794570],[83.733698,44.794964],[83.733309,44.795441],[83.734248,44.796004],[83.734919,44.796096],[83.735600,44.796566],[83.735720,44.795996],[83.736400,44.796368],[83.737735,44.796453],[83.738416,44.796834],[83.738956,44.797397],[83.738964,44.797874],[83.738705,44.798357],[83.736683,44.797513],[83.734942,44.797427],[83.734019,44.797818],[83.733095,44.798775],[83.732042,44.799546],[83.732187,44.800308],[83.733943,44.801338],[83.732614,44.802017],[83.731134,44.801169],[83.730324,44.801080],[83.729676,44.801941],[83.730371,44.803554],[83.730905,44.803739],[83.731698,44.803163],[83.732638,44.803159],[83.733723,44.804106],[83.732928,44.804494],[83.731860,44.804500],[83.730805,44.805362],[83.729357,44.806898],[83.730852,44.808222],[83.731669,44.809166],[83.731546,44.809646],[83.731822,44.810117],[83.730363,44.810987],[83.729028,44.811000],[83.728371,44.811474],[83.728355,44.810908],[83.727691,44.811193],[83.727027,44.811109],[83.726500,44.811589],[83.725828,44.811775],[83.725301,44.812255],[83.725576,44.812546],[83.725454,44.813017],[83.725859,44.813493],[83.725866,44.813970],[83.726141,44.814441],[83.725759,44.815593],[83.725362,44.815692],[83.723079,44.815321],[83.722675,44.815132],[83.722010,44.815138],[83.721750,44.815621],[83.721079,44.815816],[83.720819,44.816290],[83.720841,44.817243],[83.722476,44.819042],[83.721286,44.820005],[83.720620,44.819912],[83.719957,44.820197],[83.719283,44.820302],[83.717298,44.821553],[83.717176,44.822033],[83.716778,44.822510],[83.716786,44.822986],[83.716526,44.823460],[83.716031,44.825847],[83.715113,44.826804],[83.714036,44.826621],[83.712982,44.827481],[83.712997,44.828435],[83.712616,44.829388],[83.712623,44.829865],[83.712096,44.830345],[83.712104,44.830822],[83.711706,44.831308],[83.711989,44.832255],[83.712402,44.832732],[83.712417,44.833677],[83.711241,44.835116],[83.707252,44.837238],[83.705938,44.838671],[83.705815,44.839151],[83.705419,44.839628],[83.705311,44.841061],[83.705594,44.842009],[83.706832,44.843907],[83.706985,44.844858],[83.706596,44.845811],[83.705541,44.846770],[83.704876,44.847064],[83.703531,44.846788],[83.702193,44.846790],[83.700864,44.847566],[83.700871,44.847845],[83.702224,44.848697],[83.702897,44.848791],[83.704250,44.849544],[83.703859,44.850209],[83.702140,44.851651],[83.701842,44.853998],[83.700512,44.854252],[83.698899,44.854296],[83.697119,44.855253],[83.694436,44.857633],[83.694314,44.860714],[83.693236,44.862933],[83.692740,44.864249],[83.688451,44.865926],[83.687633,44.867006],[83.687296,44.868084],[83.686639,44.869115],[83.684690,44.870354],[83.684514,44.872005],[83.684896,44.873212],[83.682564,44.873307],[83.681188,44.873921],[83.681165,44.875236],[83.682294,44.876014],[83.683126,44.875909],[83.683359,44.876027],[83.684174,44.876276],[83.684351,44.876598],[83.684250,44.876879],[83.683818,44.877328],[83.683296,44.877626],[83.681925,44.877715],[83.681534,44.877377],[83.681236,44.876720],[83.681059,44.876635],[83.680804,44.876653],[83.680519,44.876938],[83.680251,44.877569],[83.680281,44.878207],[83.680080,44.878638],[83.679577,44.878949],[83.677639,44.879662],[83.677176,44.879964],[83.676731,44.880130],[83.675897,44.880114],[83.675577,44.880408],[83.674927,44.880638],[83.673894,44.880837],[83.673216,44.880873],[83.672932,44.880769],[83.672963,44.880409],[83.672892,44.880301],[83.672389,44.880367],[83.671621,44.880104],[83.671132,44.880115],[83.670116,44.880551],[83.669287,44.881025],[83.668630,44.881757],[83.668626,44.882438],[83.668823,44.882590],[83.669171,44.882629],[83.669816,44.882556],[83.670951,44.882612],[83.671073,44.882808],[83.669909,44.883530],[83.668168,44.883365],[83.667805,44.883372],[83.667528,44.883547],[83.667301,44.883806],[83.667334,44.884122],[83.667509,44.884440],[83.667519,44.884642],[83.667355,44.884958],[83.667402,44.885583],[83.667655,44.885903],[83.668190,44.886272],[83.668804,44.886550],[83.668934,44.887038],[83.668735,44.887490],[83.668428,44.887687],[83.668285,44.887677],[83.667762,44.887198],[83.667316,44.887085],[83.666299,44.888277],[83.665972,44.888420],[83.665694,44.888451],[83.665498,44.888320],[83.665160,44.887858],[83.665100,44.887580],[83.665417,44.886969],[83.665528,44.886663],[83.665491,44.886520],[83.665010,44.886285],[83.664572,44.885432],[83.664313,44.885260],[83.664031,44.885199],[83.663575,44.885251],[83.663251,44.885460],[83.662518,44.886617],[83.662287,44.886778],[83.661897,44.886842],[83.661006,44.886637],[83.660235,44.886307],[83.659386,44.886380],[83.659058,44.886501],[83.658100,44.887134],[83.657996,44.887360],[83.658074,44.887629],[83.658781,44.887982],[83.658883,44.888381],[83.658631,44.888733],[83.658243,44.888965],[83.656602,44.889529],[83.656048,44.889541],[83.655448,44.889173],[83.655192,44.888663],[83.655282,44.888293],[83.655792,44.887978],[83.655742,44.887679],[83.655595,44.887594],[83.654602,44.887488],[83.654051,44.887559],[83.652726,44.888395],[83.652059,44.888396],[83.651686,44.888180],[83.651183,44.887215],[83.650732,44.886979],[83.650319,44.886933],[83.649881,44.886998],[83.649420,44.887198],[83.649222,44.887696],[83.649191,44.888052],[83.648860,44.888372],[83.647780,44.888564],[83.646502,44.888490],[83.645424,44.889008],[83.645139,44.889416],[83.645088,44.889987],[83.644951,44.890379],[83.644036,44.891062],[83.643695,44.891146],[83.643171,44.891157],[83.641631,44.891461],[83.640464,44.891452],[83.640079,44.891367],[83.639876,44.891093],[83.639834,44.890828],[83.639500,44.890666],[83.638619,44.890820],[83.637030,44.891467],[83.635554,44.891601],[83.635076,44.891434],[83.634631,44.891084],[83.635138,44.890705],[83.635130,44.890528],[83.634903,44.890376],[83.634641,44.890255],[83.633778,44.890240],[83.633427,44.890117],[83.633080,44.889833],[83.632652,44.889698],[83.632224,44.889708],[83.631528,44.889989],[83.630906,44.889791],[83.630515,44.889821],[83.629877,44.890046],[83.629503,44.890067],[83.628848,44.889925],[83.628049,44.890031],[83.627758,44.890173],[83.627683,44.890880],[83.627132,44.891328],[83.626890,44.891489],[83.625746,44.891591],[83.625077,44.892446],[83.624841,44.892494],[83.623308,44.891623],[83.622800,44.891554],[83.622583,44.891626],[83.622318,44.892080],[83.622411,44.892682],[83.622042,44.893206],[83.621863,44.893848],[83.621515,44.894046],[83.620747,44.894173],[83.619876,44.895029],[83.618321,44.895503],[83.617341,44.895402],[83.616792,44.894696],[83.616550,44.894600],[83.616141,44.894643],[83.615849,44.894505],[83.615634,44.894206],[83.615591,44.893928],[83.615422,44.893742],[83.614548,44.893482],[83.613177,44.892093],[83.612536,44.891849],[83.612093,44.891783],[83.611388,44.891841],[83.610864,44.892089],[83.610378,44.892121],[83.609749,44.891747],[83.609510,44.891727],[83.607640,44.893100],[83.607081,44.893227],[83.606686,44.893176],[83.606023,44.892824],[83.604957,44.892915],[83.604840,44.893087],[83.604829,44.893890],[83.603968,44.893910],[83.603088,44.893651],[83.602550,44.893587],[83.601599,44.893697],[83.600476,44.893968],[83.600295,44.894175],[83.600066,44.895029],[83.600075,44.895498],[83.600281,44.895840],[83.600603,44.896125],[83.600689,44.896592],[83.600534,44.896976],[83.600668,44.897171],[83.601268,44.897563],[83.601602,44.897999],[83.601632,44.898257],[83.601452,44.898876],[83.602084,44.899590],[83.602490,44.900295],[83.602602,44.901053],[83.602476,44.902341],[83.602104,44.903592],[83.601302,44.904916],[83.601156,44.905490],[83.601277,44.906214],[83.602294,44.907019],[83.602338,44.907331],[83.602179,44.907614],[83.600455,44.908794],[83.598951,44.909982],[83.598748,44.910367],[83.599488,44.911491],[83.599588,44.911979],[83.599542,44.912293],[83.598804,44.913050],[83.595762,44.914649],[83.594279,44.914839],[83.593339,44.915220],[83.592794,44.915791],[83.592337,44.916461],[83.591182,44.917316],[83.590061,44.917891],[83.589687,44.917900],[83.589379,44.917793],[83.589077,44.917288],[83.588638,44.917041],[83.587877,44.917160],[83.587533,44.917299],[83.586427,44.917134],[83.585989,44.917178],[83.585622,44.917322],[83.585347,44.917552],[83.585192,44.917949],[83.585224,44.919051],[83.585147,44.919459],[83.584770,44.920059],[83.583028,44.921609],[83.582358,44.922419],[83.581401,44.923862],[83.581417,44.924229],[83.581867,44.925114],[83.581793,44.925598],[83.581493,44.925930],[83.581088,44.926037],[83.580742,44.926003],[83.580005,44.925708],[83.579652,44.925792],[83.579366,44.926166],[83.579199,44.927603],[83.578923,44.927821],[83.578766,44.927831],[83.578610,44.927841],[83.577567,44.927363],[83.577425,44.927387],[83.577344,44.927693],[83.577271,44.929516],[83.576818,44.929874],[83.575499,44.930252],[83.574567,44.930924],[83.573955,44.931184],[83.572890,44.931243],[83.572395,44.930807],[83.572300,44.930002],[83.572088,44.929897],[83.571569,44.929842],[83.571134,44.929941],[83.570762,44.930385],[83.570361,44.930577],[83.569799,44.930624],[83.568225,44.930201],[83.568039,44.930273],[83.567970,44.930452],[83.567994,44.931001],[83.567924,44.931159],[83.566158,44.931358],[83.566030,44.931333],[83.565901,44.931309],[83.565880,44.931098],[83.566010,44.930968],[83.566771,44.930717],[83.567303,44.930278],[83.567122,44.930084],[83.566809,44.930100],[83.566328,44.930234],[83.565358,44.930718],[83.563960,44.930751],[83.561618,44.931738],[83.561247,44.931789],[83.560402,44.931463],[83.559929,44.931495],[83.558005,44.932662],[83.557552,44.932753],[83.554834,44.932312],[83.553924,44.931988],[83.553144,44.931373],[83.553008,44.931118],[83.552668,44.930937],[83.552386,44.930855],[83.551930,44.930874],[83.551590,44.930963],[83.551363,44.931180],[83.551080,44.932159],[83.551187,44.932583],[83.551370,44.932701],[83.551908,44.932510],[83.552362,44.932466],[83.552504,44.932851],[83.552458,44.933558],[83.552173,44.933823],[83.551655,44.933903],[83.551421,44.933849],[83.550902,44.933507],[83.550122,44.933560],[83.549826,44.933711],[83.549619,44.933995],[83.549663,44.934184],[83.550171,44.934417],[83.550165,44.934544],[83.549257,44.935323],[83.549230,44.935805],[83.548979,44.936158],[83.548701,44.936300],[83.547615,44.936550],[83.546107,44.936507],[83.545440,44.936714],[83.543816,44.936851],[83.543499,44.937260],[83.543777,44.937706],[83.543788,44.937963],[83.543654,44.938144],[83.543034,44.938341],[83.542673,44.938350],[83.541535,44.938099],[83.540428,44.937590],[83.540099,44.937518],[83.539699,44.938119],[83.539353,44.938343],[83.538660,44.938348],[83.537039,44.937484],[83.536242,44.936865],[83.535794,44.936652],[83.534879,44.936464],[83.534567,44.936514],[83.534461,44.936673],[83.534295,44.937070],[83.534236,44.937629],[83.534016,44.937880],[83.533548,44.938006],[83.531780,44.937691],[83.531010,44.937710],[83.529761,44.938142],[83.529040,44.937780],[83.528657,44.937692],[83.528441,44.937753],[83.527874,44.938337],[83.526518,44.938494],[83.526211,44.938658],[83.526020,44.939030],[83.526051,44.939342],[83.526278,44.939527],[83.527042,44.939787],[83.527253,44.939997],[83.527212,44.941228],[83.527082,44.941776],[83.526953,44.942084],[83.526390,44.942499],[83.525907,44.942558],[83.525200,44.942787],[83.524622,44.942835],[83.524409,44.942726],[83.524206,44.942275],[83.523979,44.942090],[83.523673,44.942009],[83.522319,44.942200],[83.520978,44.941608],[83.520105,44.941427],[83.519281,44.941549],[83.518467,44.941903],[83.517307,44.942625],[83.516903,44.942724],[83.516115,44.942321],[83.514907,44.941916],[83.514741,44.941650],[83.514607,44.940068],[83.514522,44.939880],[83.514244,44.939586],[83.513550,44.939332],[83.513339,44.939312],[83.512093,44.939873],[83.510131,44.940527],[83.509695,44.940572],[83.509482,44.940721],[83.509541,44.941391],[83.509237,44.942045],[83.509059,44.943001],[83.508267,44.943447],[83.506925,44.943925],[83.506833,44.945062],[83.506545,44.945261],[83.506111,44.945394],[83.503806,44.945121],[83.502880,44.945205],[83.500025,44.947009],[83.499949,44.947989],[83.499584,44.948492],[83.498883,44.948726],[83.497888,44.948894],[83.497754,44.949066],[83.497783,44.949265],[83.498589,44.949558],[83.498830,44.949775],[83.499056,44.950103],[83.499032,44.950426],[83.501688,44.952804],[83.502083,44.953256],[83.502359,44.953736],[83.502480,44.954560],[83.502252,44.955412],[83.502261,44.955668],[83.502075,44.955881],[83.501051,44.956434],[83.499629,44.957543],[83.498745,44.958748],[83.497599,44.960763],[83.496998,44.961387],[83.495902,44.961800],[83.494291,44.962160],[83.489837,44.962862],[83.488358,44.962899],[83.485279,44.963799],[83.483422,44.964692],[83.479370,44.967706],[83.478891,44.968428],[83.478086,44.970168],[83.477033,44.972910],[83.475891,44.974520],[83.474631,44.975827],[83.474063,44.976108],[83.470403,44.977916],[83.464641,44.979957],[83.459798,44.980479],[83.457986,44.980851],[83.452337,44.981703],[83.450437,44.982018],[83.445772,44.982347],[83.439614,44.981686],[83.435689,44.981040],[83.434008,44.980917],[83.424901,44.980343],[83.412260,44.979899],[83.399774,44.980567],[83.394798,44.980644],[83.391591,44.980840],[83.390978,44.981060],[83.386916,44.981962],[83.383852,44.982809],[83.379597,44.983722],[83.370296,44.986076],[83.360283,44.988364],[83.355820,44.989548],[83.353122,44.990131],[83.352347,44.990441],[83.349992,44.990797],[83.350439,44.991264],[83.350121,44.991596],[83.350164,44.991759],[83.350442,44.991824],[83.350424,44.991926],[83.349880,44.992059],[83.349496,44.992404],[83.348745,44.992628],[83.348342,44.993075],[83.348017,44.993157],[83.347560,44.993104],[83.346826,44.992801],[83.346186,44.992993],[83.345937,44.992968],[83.345040,44.992550],[83.344486,44.991810],[83.344180,44.991751],[83.343434,44.991885],[83.343095,44.991854],[83.342190,44.991501],[83.339979,44.991591],[83.338205,44.991842],[83.336917,44.992326],[83.335801,44.991808],[83.334970,44.991594],[83.334420,44.991349],[83.333621,44.991208],[83.332965,44.990939],[83.332506,44.991045],[83.331334,44.990897],[83.330383,44.991039],[83.328932,44.991620],[83.327962,44.992215],[83.322740,44.992621],[83.313376,44.993173],[83.308569,44.993574],[83.301159,44.993956],[83.298542,44.994182],[83.295333,44.994512],[83.290158,44.995234],[83.285407,44.995771],[83.283456,44.995901],[83.280824,44.996331],[83.272977,44.997258],[83.265258,44.998327],[83.263651,44.998375],[83.252786,45.000511],[83.247153,45.001410],[83.236489,45.003039],[83.224628,45.005005],[83.212161,45.006790],[83.205423,45.007904],[83.198162,45.008926],[83.193510,45.009767],[83.189254,45.010389],[83.174937,45.012769],[83.150784,45.017006],[83.143164,45.018553],[83.137692,45.019664],[83.121702,45.023022],[83.115416,45.024409],[83.096548,45.028573],[83.094415,45.028925],[83.076258,45.033383],[83.068176,45.035176],[83.044211,45.040968],[83.029390,45.044351],[83.025810,45.045168],[83.002598,45.050702],[82.992540,45.053960],[82.979744,45.057922],[82.977548,45.058486],[82.974674,45.059492],[82.973414,45.059755],[82.970261,45.061035],[82.969167,45.061583],[82.967263,45.062262],[82.965296,45.063204],[82.963958,45.063984],[82.961683,45.065007],[82.959943,45.065903],[82.955826,45.067638],[82.950519,45.069196],[82.947704,45.070151],[82.943535,45.071339],[82.942105,45.071851],[82.940125,45.072355],[82.937902,45.073082],[82.933449,45.074335],[82.926950,45.076516],[82.918812,45.078928],[82.917101,45.079530],[82.915183,45.080036],[82.913472,45.080646],[82.907221,45.082558],[82.887153,45.089676],[82.878212,45.092942],[82.875121,45.093909],[82.865656,45.097431],[82.861624,45.098729],[82.858860,45.099792],[82.855475,45.100907],[82.843129,45.108324],[82.835776,45.112995],[82.833762,45.114105],[82.830298,45.116413],[82.827897,45.117250],[82.818908,45.120862],[82.816826,45.121566],[82.813294,45.123260],[82.811420,45.123877],[82.808342,45.125249],[82.804484,45.126812],[82.800074,45.129104],[82.797221,45.130471],[82.792288,45.133308],[82.789062,45.134904],[82.784933,45.137095],[82.780656,45.139542],[82.779604,45.140252],[82.776468,45.141825],[82.771211,45.144725],[82.767956,45.146367],[82.757845,45.152162],[82.752611,45.153032],[82.742751,45.155330],[82.733385,45.157204],[82.721004,45.160030],[82.719473,45.160243],[82.717051,45.159913],[82.712557,45.159125],[82.708576,45.158338],[82.683121,45.153828],[82.681783,45.153554],[82.675609,45.156911],[82.674319,45.157810],[82.670448,45.159803],[82.667626,45.161440],[82.665783,45.162313],[82.661605,45.164635],[82.660216,45.165524],[82.658222,45.166513],[82.655568,45.168024],[82.653689,45.169220],[82.648754,45.171886],[82.646653,45.173210],[82.640604,45.177742],[82.638220,45.179379],[82.632606,45.183610],[82.625931,45.188397],[82.622772,45.190940],[82.617239,45.195849],[82.612010,45.200078],[82.611772,45.200546],[82.610685,45.204415],[82.610342,45.204994],[82.600494,45.210074],[82.598696,45.211486],[82.593454,45.215093],[82.590347,45.217454],[82.582862,45.219299],[82.587476,45.223905],[82.601014,45.346210],[82.564667,45.399534],[82.547201,45.425238],[82.546751,45.425873],[82.448000,45.461357],[82.282035,45.538896],[82.282001,45.542305],[82.281879,45.554502],[82.266753,45.620153],[82.279587,45.639378],[82.285828,45.647273],[82.288558,45.655417],[82.289116,45.697476],[82.290090,45.716443],[82.295760,45.727134],[82.304093,45.735586],[82.340270,45.772534],[82.341810,45.780416],[82.345162,45.807422],[82.348034,45.813541],[82.349618,45.823002],[82.348026,45.846302],[82.345354,45.853695],[82.338749,45.863956],[82.335869,45.873708],[82.336043,45.882221],[82.344059,45.894471],[82.344825,45.905540],[82.345391,45.912466],[82.344294,45.923853],[82.342676,45.935121],[82.346131,45.943740],[82.357208,45.951213],[82.389528,45.965692],[82.401289,45.972227],[82.423466,45.971006],[82.435612,45.968940],[82.443460,45.973154],[82.461516,45.979995],[82.462284,45.982343],[82.481993,46.042635],[82.506105,46.116424],[82.518326,46.153824],[82.556353,46.213276],[82.578351,46.247641],[82.608739,46.295069],[82.614903,46.305502],[82.726772,46.494703],[82.727235,46.495487],[82.774208,46.600108],[82.788883,46.677843],[82.790698,46.682050],[82.812598,46.732823],[82.829778,46.772665],[82.878488,46.797233],[82.876385,46.822892],[82.876303,46.823887],[82.892631,46.861944],[82.903134,46.886411],[82.923538,46.932061],[82.927712,46.945270],[82.934629,46.968110],[82.935804,46.980987],[82.937877,47.014057],[82.939600,47.016278],[82.948724,47.020979],[82.967021,47.035797],[82.980299,47.050197],[82.988018,47.058786],[82.992941,47.065111],[82.993181,47.065419],[82.995850,47.072227],[83.000961,47.094763],[83.009510,47.104455],[83.013305,47.123069],[83.022411,47.132939],[83.023170,47.141305],[83.023441,47.150220],[83.028569,47.159475],[83.031673,47.168276],[83.031142,47.175782],[83.030323,47.181885],[83.029451,47.188891],[83.029269,47.195065],[83.027369,47.215423],[83.029959,47.219573],[83.035748,47.219506],[83.052914,47.215994],[83.062598,47.219899],[83.075512,47.225101],[83.093317,47.225615],[83.108340,47.222107],[83.120843,47.224562],[83.134387,47.229733],[83.144119,47.235759],[83.154817,47.236089],[83.162949,47.230161],[83.170482,47.223034],[83.174404,47.218472],[83.188735,47.215419],[83.206940,47.213695],[83.210700,47.208757],[83.215977,47.202167],[83.219408,47.189128],[83.222095,47.186915],[83.237903,47.186332],[83.247786,47.175877],[83.257818,47.173229],[83.276464,47.174229],[83.294657,47.176430],[83.306395,47.179700],[83.316386,47.174156],[83.324482,47.168005],[83.332368,47.167868],[83.349300,47.172624],[83.370452,47.178563],[83.371738,47.168669],[83.371920,47.163333],[83.387012,47.155263],[83.391860,47.148372],[83.395005,47.145859],[83.398939,47.140941],[83.408209,47.132414],[83.418827,47.118832],[83.430591,47.118271],[83.442675,47.125272],[83.453011,47.129148],[83.463280,47.132074],[83.469593,47.128767],[83.472999,47.122367],[83.484218,47.118172],[83.487631,47.112200],[83.493084,47.107668],[83.511548,47.108490],[83.517337,47.104239],[83.522616,47.098740],[83.529729,47.092875],[83.534509,47.087521],[83.538528,47.083816],[83.546302,47.080502],[83.566966,47.080619],[83.573665,47.075728],[83.573344,47.068781],[83.570451,47.062827],[83.571161,47.060568],[83.576133,47.059233],[83.603367,47.058947],[83.610936,47.052110],[83.612505,47.051219],[83.618134,47.048028],[83.631028,47.047289],[83.641938,47.045372],[83.649399,47.044063],[83.665108,47.043427],[83.689622,47.035188],[83.700572,47.032155],[83.702772,47.026778],[83.699354,47.015626],[83.708015,47.013850],[83.713024,47.016690],[83.726692,47.024435],[83.741567,47.026317],[83.750393,47.027379],[83.766540,47.027003],[83.780170,47.022877],[83.789618,47.018225],[83.798629,47.014204],[83.816497,47.012173],[83.827310,47.007450],[83.841746,47.001722],[83.851980,46.994817],[83.874976,46.994232],[83.883470,46.989829],[83.883957,46.989577],[83.885863,46.981941],[83.893714,46.982375],[83.907744,46.985825],[83.913470,46.980629],[83.915900,46.972649],[83.924772,46.969911],[83.932973,46.969998],[83.937900,46.977738],[83.951535,46.987246],[83.963569,46.989501],[83.978778,46.981863],[83.991233,46.989889],[84.002738,46.990609],[84.013001,46.982104],[84.020178,46.979724],[84.038516,46.973525],[84.054188,46.969996],[84.066119,46.967655],[84.075096,46.966382],[84.086447,46.965212],[84.103565,46.965935],[84.115563,46.966830],[84.128773,46.970016],[84.132731,46.970971],[84.136991,46.973063],[84.150276,46.977333],[84.158582,46.982218],[84.170676,46.988609],[84.178798,46.993740],[84.195106,47.003512],[84.200012,47.004155],[84.215279,46.998809],[84.226009,46.997703],[84.236346,47.001934],[84.242508,46.996893],[84.250382,46.995033],[84.259310,47.000102],[84.268207,47.003484],[84.278784,46.998642],[84.283552,46.996852],[84.289141,46.994755],[84.297721,46.993985],[84.305399,46.995313],[84.314566,46.997222],[84.323778,47.001278],[84.330355,47.004661],[84.336514,47.005402],[84.341621,47.002173],[84.348797,46.996280],[84.359825,46.994006],[84.371501,46.993337],[84.377846,46.994428],[84.382998,46.995313],[84.393603,46.998838],[84.425430,47.008864],[84.438544,47.009266],[84.449554,47.006416],[84.454519,47.001265],[84.458697,46.996614],[84.464508,46.992901],[84.471442,46.990621],[84.484163,46.984711],[84.496865,46.979159],[84.506507,46.973068],[84.517204,46.974430],[84.548796,46.986460],[84.563129,46.991644],[84.581496,46.994306],[84.588381,46.995569],[84.603028,46.996539],[84.628762,46.994151],[84.639241,46.993947],[84.649751,46.999579],[84.662188,46.999436],[84.668690,46.994872],[84.679781,47.004564],[84.680329,47.004600],[84.693264,47.007108],[84.699565,47.008469],[84.711389,47.008058],[84.748027,47.009848],[84.759946,47.000103],[84.765646,46.993605],[84.781724,46.980088],[84.795312,46.972533]]
托里县	[[83.875319,46.268646],[83.987166,46.197831],[83.992143,46.198723],[83.993558,46.198702],[83.995227,46.199104],[83.997493,46.199079],[83.999935,46.198185],[84.002246,46.197033],[84.002978,46.196490],[84.003983,46.195543],[84.006870,46.194115],[84.009136,46.194119],[84.010170,46.193834],[84.010377,46.193552],[84.012436,46.192416],[84.014503,46.192412],[84.016983,46.192989],[84.020902,46.192994],[84.023581,46.191714],[84.024820,46.191434],[84.026474,46.192714],[84.029153,46.193439],[84.033079,46.193443],[84.035550,46.192443],[84.036369,46.190155],[84.036360,46.187582],[84.035948,46.186437],[84.036155,46.186011],[84.037179,46.185447],[84.038419,46.184449],[84.038411,46.182873],[84.037998,46.181153],[84.038816,46.179440],[84.040875,46.177448],[84.041906,46.177162],[84.047674,46.177019],[84.050350,46.176311],[84.055289,46.174020],[84.058377,46.173026],[84.064766,46.173310],[84.067852,46.171739],[84.071755,46.171161],[84.073818,46.172017],[84.076291,46.171876],[84.078345,46.170870],[84.080193,46.170442],[84.083005,46.170682],[84.083061,46.171652],[84.083225,46.171755],[84.083378,46.172073],[84.083554,46.172175],[84.083874,46.172082],[84.084702,46.173022],[84.086626,46.174896],[84.087378,46.175804],[84.088719,46.176794],[84.090510,46.178368],[84.092959,46.180341],[84.093741,46.180883],[84.096958,46.182717],[84.099328,46.184195],[84.102755,46.186478],[84.104837,46.187977],[84.106094,46.188739],[84.106748,46.189279],[84.111008,46.191931],[84.112826,46.192693],[84.119292,46.196098],[84.122387,46.197612],[84.126981,46.198528],[84.130573,46.199827],[84.131181,46.199930],[84.139631,46.200652],[84.140549,46.200860],[84.141321,46.200835],[84.142283,46.201039],[84.143472,46.201067],[84.146038,46.200850],[84.147054,46.200855],[84.149138,46.201127],[84.152840,46.201974],[84.155079,46.202187],[84.156369,46.202566],[84.159017,46.203697],[84.160835,46.204203],[84.162846,46.205095],[84.163296,46.205027],[84.165672,46.204044],[84.165924,46.203880],[84.166628,46.203132],[84.169265,46.201758],[84.170820,46.201600],[84.171999,46.201346],[84.175584,46.201458],[84.177704,46.201353],[84.179368,46.201519],[84.182279,46.200978],[84.184057,46.201071],[84.186958,46.201047],[84.187460,46.200958],[84.188693,46.200397],[84.189616,46.200265],[84.190607,46.200287],[84.192180,46.200521],[84.193923,46.200396],[84.195654,46.200583],[84.196105,46.200498],[84.197334,46.199967],[84.198184,46.199754],[84.199167,46.199652],[84.200696,46.199746],[84.200858,46.199694],[84.201077,46.199304],[84.201323,46.199228],[84.202676,46.199488],[84.205374,46.199827],[84.208994,46.199757],[84.210077,46.199579],[84.211604,46.199001],[84.214357,46.198235],[84.215102,46.198177],[84.216116,46.198239],[84.217024,46.197932],[84.218492,46.198041],[84.219317,46.198192],[84.222437,46.197450],[84.223145,46.197734],[84.224168,46.197835],[84.226741,46.197603],[84.227128,46.197652],[84.228200,46.198059],[84.229702,46.198031],[84.231007,46.198378],[84.231826,46.198104],[84.233527,46.198651],[84.235340,46.198571],[84.237689,46.198633],[84.239032,46.198278],[84.240096,46.198126],[84.241217,46.197762],[84.242931,46.197372],[84.244241,46.197590],[84.245654,46.197198],[84.250418,46.196482],[84.251067,46.196963],[84.252713,46.197812],[84.256419,46.198090],[84.258272,46.198369],[84.258684,46.198649],[84.272479,46.199751],[84.277425,46.200737],[84.278876,46.201879],[84.284251,46.205574],[84.287345,46.205427],[84.296840,46.208120],[84.301578,46.208393],[84.305904,46.207953],[84.307761,46.208099],[84.309825,46.208088],[84.310444,46.208230],[84.314365,46.208653],[84.317462,46.208785],[84.317874,46.208930],[84.324258,46.208633],[84.331690,46.209190],[84.332516,46.209184],[84.333754,46.209467],[84.339542,46.211169],[84.342020,46.211303],[84.345315,46.211008],[84.346553,46.210724],[84.347784,46.210287],[84.347991,46.210004],[84.358073,46.208124],[84.367365,46.209665],[84.371079,46.209801],[84.374791,46.210782],[84.378916,46.211484],[84.379748,46.211773],[84.382016,46.212043],[84.386964,46.212890],[84.388208,46.213881],[84.388208,46.214169],[84.396878,46.216414],[84.399143,46.216835],[84.402439,46.216965],[84.410674,46.217781],[84.412313,46.217063],[84.414364,46.216758],[84.415392,46.216475],[84.417031,46.215603],[84.419492,46.215162],[84.421130,46.214578],[84.424183,46.211703],[84.426233,46.210983],[84.428692,46.210965],[84.430132,46.210672],[84.432591,46.209798],[84.435872,46.209346],[84.441412,46.209454],[84.442029,46.209736],[84.444699,46.209720],[84.448593,46.209117],[84.449818,46.208827],[84.453490,46.207085],[84.458403,46.205620],[84.459224,46.205465],[84.462911,46.205584],[84.463329,46.205862],[84.466612,46.206557],[84.470296,46.205955],[84.475623,46.205916],[84.476648,46.206188],[84.480340,46.206161],[84.481974,46.205715],[84.488529,46.205806],[84.490169,46.206080],[84.494058,46.205615],[84.499183,46.205569],[84.502252,46.205690],[84.513719,46.205305],[84.515975,46.205563],[84.518231,46.205264],[84.523556,46.205212],[84.525190,46.204775],[84.528470,46.204748],[84.534017,46.206266],[84.536686,46.206245],[84.538927,46.205226],[84.539125,46.204942],[84.544826,46.201175],[84.547693,46.200583],[84.552004,46.200829],[84.554666,46.200809],[84.555282,46.200946],[84.558997,46.201153],[84.562061,46.201323],[84.563089,46.201173],[84.564511,46.200589],[84.567581,46.198848],[84.571834,46.199053],[84.575827,46.198507],[84.582979,46.198149],[84.588619,46.197406],[84.591576,46.197182],[84.598041,46.197367],[84.602319,46.197490],[84.608669,46.191222],[84.610882,46.188322],[84.611417,46.187856],[84.613152,46.186658],[84.613874,46.185837],[84.615377,46.184435],[84.617533,46.181664],[84.619112,46.180412],[84.619974,46.179887],[84.621908,46.176444],[84.622891,46.175652],[84.624473,46.175283],[84.626791,46.174970],[84.631100,46.174617],[84.632901,46.174728],[84.634284,46.174450],[84.637311,46.173425],[84.638055,46.173377],[84.640983,46.174331],[84.643244,46.174431],[84.646360,46.174202],[84.648778,46.173137],[84.651382,46.172659],[84.655119,46.172726],[84.660068,46.172269],[84.662126,46.171973],[84.662325,46.171681],[84.670334,46.169494],[84.672813,46.169773],[84.673234,46.170053],[84.675713,46.170467],[84.678390,46.170311],[84.681688,46.170294],[84.683968,46.170714],[84.687265,46.170840],[84.689330,46.170823],[84.690768,46.170531],[84.694065,46.170225],[84.696322,46.169789],[84.696528,46.169498],[84.699197,46.169060],[84.701247,46.168188],[84.703511,46.167598],[84.709865,46.165425],[84.710477,46.164843],[84.713145,46.164262],[84.716027,46.163956],[84.723853,46.163617],[84.726314,46.163030],[84.726512,46.162745],[84.732273,46.162137],[84.735153,46.161971],[84.738452,46.162515],[84.749582,46.163432],[84.754321,46.163975],[84.761111,46.164207],[84.761522,46.164485],[84.763787,46.164465],[84.766266,46.165304],[84.768531,46.165571],[84.773882,46.165807],[84.778520,46.165766],[84.782017,46.167167],[84.783546,46.167146],[84.807073,46.164298],[84.828843,46.161662],[84.847703,46.160815],[84.867849,46.159911],[84.887728,46.159019],[84.910437,46.160015],[84.942143,46.161407],[84.944932,46.161241],[84.948432,46.160589],[84.950108,46.160385],[84.951524,46.160073],[84.954029,46.159797],[84.959256,46.159725],[84.960677,46.159827],[84.963377,46.159862],[84.967096,46.160515],[84.969570,46.160579],[84.970184,46.160734],[84.972259,46.160959],[84.973596,46.161205],[84.980647,46.161940],[84.981809,46.162141],[84.983231,46.162517],[84.984679,46.162723],[84.985974,46.162783],[84.987704,46.163071],[84.989601,46.163095],[84.992221,46.163510],[84.996704,46.163820],[84.999401,46.164282],[85.001661,46.164329],[85.002326,46.164467],[85.006698,46.164001],[85.009428,46.163887],[85.018474,46.163940],[85.034839,46.163717],[85.044901,46.163255],[85.047691,46.163314],[85.052232,46.163088],[85.055654,46.163097],[85.060236,46.162779],[85.064871,46.162575],[85.068814,46.162507],[85.072014,46.162324],[85.079773,46.162310],[85.082622,46.162479],[85.084819,46.162426],[85.088500,46.162619],[85.094093,46.163258],[85.098213,46.164363],[85.100634,46.164612],[85.104493,46.165257],[85.107622,46.165604],[85.109248,46.166056],[85.110823,46.165955],[85.122772,46.168379],[85.126336,46.171648],[85.129028,46.173892],[85.133098,46.177957],[85.136804,46.179057],[85.141440,46.180664],[85.143260,46.181296],[85.146648,46.184023],[85.147973,46.185094],[85.151127,46.187952],[85.154228,46.190758],[85.155285,46.194294],[85.155874,46.196306],[85.155822,46.199542],[85.161011,46.199539],[85.166190,46.199533],[85.166328,46.199537],[85.171446,46.198934],[85.173585,46.198687],[85.178720,46.198178],[85.182158,46.197842],[85.186965,46.196484],[85.191771,46.195120],[85.196579,46.193759],[85.197055,46.193624],[85.201655,46.191950],[85.205016,46.190725],[85.209686,46.189151],[85.214357,46.187583],[85.215623,46.187157],[85.220511,46.185952],[85.224551,46.184955],[85.227478,46.184494],[85.229320,46.186002],[85.231584,46.185971],[85.238942,46.184310],[85.240970,46.182991],[85.242404,46.182689],[85.245486,46.182654],[85.249622,46.183455],[85.252910,46.183271],[85.256162,46.181523],[85.257795,46.181070],[85.259857,46.181192],[85.261330,46.182169],[85.261949,46.182304],[85.264828,46.182278],[85.268073,46.180232],[85.269583,46.179889],[85.270739,46.179627],[85.275468,46.179433],[85.276690,46.178850],[85.277065,46.177129],[85.277462,46.176550],[85.278677,46.175823],[85.281971,46.175499],[85.286106,46.176168],[85.287329,46.175442],[85.287520,46.175004],[85.287253,46.172436],[85.287864,46.172150],[85.290135,46.172402],[85.292811,46.172230],[85.293216,46.171940],[85.293790,46.170078],[85.296627,46.168190],[85.297200,46.166321],[85.296780,46.166044],[85.296328,46.164616],[85.298799,46.164304],[85.303143,46.164970],[85.304566,46.164093],[85.307029,46.163496],[85.307632,46.163065],[85.307373,46.160776],[85.308176,46.160053],[85.309201,46.159898],[85.310670,46.160597],[85.312108,46.160728],[85.312705,46.159722],[85.313723,46.159137],[85.316814,46.159106],[85.319071,46.158649],[85.319492,46.158936],[85.321971,46.159192],[85.323309,46.158864],[85.324778,46.157374],[85.328197,46.156573],[85.330437,46.156265],[85.331957,46.155856],[85.333132,46.154992],[85.333766,46.153026],[85.335696,46.151541],[85.338034,46.151355],[85.343242,46.152096],[85.347789,46.151552],[85.363059,46.147772],[85.377789,46.144252],[85.380092,46.143605],[85.378118,46.142818],[85.377721,46.142411],[85.376800,46.140193],[85.376243,46.138656],[85.376025,46.138277],[85.375251,46.137606],[85.371407,46.136228],[85.368666,46.135158],[85.367275,46.134960],[85.365797,46.134035],[85.360518,46.129751],[85.358830,46.129415],[85.357586,46.128736],[85.355990,46.128510],[85.353728,46.128448],[85.352913,46.128327],[85.349590,46.127456],[85.347625,46.127089],[85.344589,46.127106],[85.343240,46.126692],[85.341885,46.126093],[85.341157,46.125881],[85.337426,46.125729],[85.336449,46.125386],[85.335894,46.125018],[85.334119,46.123537],[85.332183,46.122243],[85.330795,46.121139],[85.327964,46.119945],[85.326714,46.119644],[85.326045,46.119608],[85.325235,46.119565],[85.325015,46.119453],[85.324946,46.119151],[85.324968,46.118216],[85.324582,46.117458],[85.322786,46.112744],[85.322660,46.112157],[85.322449,46.111169],[85.321546,46.109183],[85.319755,46.104319],[85.319190,46.103100],[85.318666,46.102514],[85.315908,46.100965],[85.314170,46.100294],[85.312925,46.099680],[85.310044,46.099015],[85.308286,46.098235],[85.305248,46.098376],[85.301442,46.098030],[85.298361,46.097645],[85.296689,46.097225],[85.290816,46.094524],[85.288044,46.093544],[85.286410,46.093075],[85.285504,46.092426],[85.284441,46.091807],[85.283786,46.091596],[85.282944,46.090839],[85.282446,46.088268],[85.282479,46.085855],[85.282237,46.085522],[85.281179,46.084753],[85.281019,46.084300],[85.281206,46.083882],[85.281913,46.083007],[85.282177,46.081855],[85.282188,46.080924],[85.281977,46.080546],[85.281307,46.080050],[85.279536,46.079780],[85.279647,46.079318],[85.281177,46.078633],[85.281988,46.078074],[85.282112,46.077775],[85.282136,46.077367],[85.281907,46.077201],[85.281347,46.077245],[85.277177,46.079287],[85.276876,46.079328],[85.276685,46.079258],[85.276691,46.079070],[85.277842,46.078404],[85.278445,46.077587],[85.279817,46.076382],[85.280570,46.075158],[85.280583,46.074749],[85.280253,46.074543],[85.277795,46.075477],[85.276870,46.075463],[85.276238,46.075307],[85.276115,46.075195],[85.276046,46.074906],[85.276383,46.074306],[85.276818,46.073098],[85.276752,46.072696],[85.276615,46.072464],[85.275800,46.071996],[85.275697,46.071840],[85.275715,46.071665],[85.276305,46.071244],[85.276439,46.070980],[85.276359,46.070473],[85.275825,46.069655],[85.275173,46.068797],[85.274766,46.068556],[85.273642,46.068396],[85.272633,46.068577],[85.272314,46.068572],[85.272143,46.068473],[85.272283,46.067060],[85.271739,46.065252],[85.271564,46.065103],[85.271361,46.065066],[85.270124,46.065047],[85.269319,46.064838],[85.269288,46.064691],[85.269787,46.064478],[85.270294,46.064014],[85.270463,46.063804],[85.270343,46.063606],[85.269579,46.063063],[85.268939,46.062222],[85.268564,46.061920],[85.268237,46.061828],[85.266930,46.061928],[85.266762,46.061737],[85.267010,46.061486],[85.268070,46.061006],[85.268156,46.060766],[85.268017,46.059240],[85.268118,46.058523],[85.267860,46.058143],[85.267531,46.057892],[85.266451,46.057491],[85.266311,46.057367],[85.266278,46.056878],[85.266702,46.056568],[85.268248,46.055907],[85.268976,46.055485],[85.269176,46.055233],[85.269199,46.054870],[85.269113,46.054539],[85.268871,46.054226],[85.268260,46.053996],[85.267673,46.053940],[85.265517,46.054328],[85.264883,46.054272],[85.264203,46.053723],[85.263337,46.053388],[85.263294,46.053233],[85.263492,46.053049],[85.264100,46.052816],[85.264934,46.052649],[85.265606,46.051887],[85.265992,46.051255],[85.265953,46.050590],[85.266105,46.050317],[85.266234,46.049668],[85.266086,46.049411],[85.264702,46.048350],[85.264583,46.048126],[85.264621,46.047864],[85.264963,46.047681],[85.265874,46.047550],[85.266406,46.047237],[85.267429,46.046017],[85.268008,46.045731],[85.269475,46.045686],[85.270997,46.045777],[85.271740,46.045455],[85.271653,46.045169],[85.270728,46.044027],[85.270413,46.042962],[85.270078,46.042514],[85.269937,46.042044],[85.269350,46.041618],[85.267953,46.041353],[85.267706,46.041191],[85.267749,46.040974],[85.268866,46.040575],[85.269225,46.040246],[85.269277,46.039721],[85.269154,46.039427],[85.268887,46.039139],[85.268828,46.038712],[85.269063,46.038520],[85.269805,46.038201],[85.269919,46.038015],[85.269865,46.034754],[85.270065,46.034319],[85.270717,46.033799],[85.271149,46.033230],[85.271073,46.032611],[85.270952,46.032442],[85.270989,46.032200],[85.271281,46.032071],[85.272426,46.031956],[85.275652,46.031898],[85.276506,46.031678],[85.277569,46.031069],[85.279073,46.029749],[85.279184,46.029559],[85.279174,46.029304],[85.278966,46.028847],[85.278209,46.027514],[85.276720,46.025762],[85.276695,46.025607],[85.277147,46.025359],[85.277672,46.025280],[85.279882,46.025249],[85.280030,46.025143],[85.279990,46.024875],[85.279542,46.024404],[85.277853,46.023505],[85.276130,46.023314],[85.275943,46.023144],[85.276042,46.023033],[85.276442,46.022931],[85.277619,46.022916],[85.283100,46.023944],[85.283990,46.023912],[85.284208,46.023653],[85.284170,46.023352],[85.283319,46.022511],[85.282462,46.022055],[85.281005,46.021802],[85.280634,46.021541],[85.279776,46.020367],[85.279966,46.020061],[85.280367,46.019888],[85.283703,46.020397],[85.284178,46.020371],[85.284453,46.020200],[85.284574,46.020002],[85.284554,46.019680],[85.284307,46.019313],[85.283502,46.018723],[85.282310,46.018253],[85.282249,46.018085],[85.282331,46.017957],[85.282817,46.017765],[85.282934,46.016915],[85.283206,46.016853],[85.284806,46.017146],[85.285330,46.017121],[85.285729,46.017014],[85.285957,46.016467],[85.285819,46.016256],[85.284583,46.015652],[85.284199,46.015224],[85.282676,46.014393],[85.281572,46.014376],[85.279086,46.013972],[85.278986,46.013716],[85.279148,46.013539],[85.279884,46.013422],[85.284615,46.013064],[85.284856,46.012825],[85.284865,46.012537],[85.284538,46.011873],[85.283168,46.010911],[85.282024,46.010450],[85.281138,46.010357],[85.280265,46.010422],[85.279740,46.010334],[85.279216,46.009795],[85.278485,46.009366],[85.277197,46.008916],[85.275997,46.008099],[85.275414,46.007539],[85.274724,46.007173],[85.274480,46.006906],[85.274502,46.006773],[85.274709,46.006688],[85.275392,46.006733],[85.279492,46.008664],[85.281093,46.009287],[85.282337,46.009637],[85.282811,46.009645],[85.283675,46.009496],[85.283871,46.009365],[85.283906,46.009186],[85.283683,46.008853],[85.283687,46.008711],[85.283993,46.008516],[85.284274,46.008553],[85.284557,46.008733],[85.285047,46.009393],[85.285790,46.010027],[85.286740,46.011165],[85.287828,46.011880],[85.288298,46.012042],[85.288953,46.012019],[85.289019,46.011832],[85.288907,46.011380],[85.288394,46.010090],[85.288359,46.009693],[85.288441,46.009539],[85.288865,46.009621],[85.291018,46.010529],[85.291876,46.010531],[85.293120,46.010342],[85.293348,46.010150],[85.293472,46.009818],[85.293398,46.009495],[85.292118,46.007762],[85.291799,46.006830],[85.291381,46.005951],[85.291092,46.005583],[85.289690,46.004500],[85.289381,46.004395],[85.288037,46.004548],[85.286774,46.004440],[85.286443,46.004259],[85.286497,46.004081],[85.286985,46.003625],[85.287955,46.003136],[85.288173,46.002893],[85.288587,46.001432],[85.289071,46.000393],[85.289010,45.999265],[85.288775,45.998710],[85.288782,45.998484],[85.288905,45.998403],[85.289289,45.998409],[85.290484,45.998980],[85.291236,45.999142],[85.291524,45.999147],[85.292232,45.998766],[85.292244,45.998391],[85.291422,45.997400],[85.291187,45.996845],[85.291254,45.996604],[85.291566,45.996609],[85.292621,45.997470],[85.293000,45.997626],[85.293504,45.997660],[85.293858,45.997465],[85.293868,45.997156],[85.293385,45.996439],[85.293495,45.994812],[85.293430,45.993818],[85.293037,45.993319],[85.291874,45.992882],[85.290142,45.992570],[85.289466,45.992668],[85.285738,45.994018],[85.284091,45.994852],[85.282714,45.995138],[85.282559,45.995094],[85.282567,45.994852],[85.284445,45.993914],[85.284453,45.993647],[85.284173,45.993375],[85.283771,45.993193],[85.283412,45.993146],[85.283142,45.992958],[85.283112,45.992740],[85.283433,45.992461],[85.285603,45.992187],[85.285994,45.991968],[85.286035,45.990641],[85.284641,45.989517],[85.283385,45.988987],[85.282881,45.988979],[85.280859,45.989547],[85.280607,45.989543],[85.280416,45.989490],[85.280234,45.989178],[85.280186,45.988802],[85.280037,45.988557],[85.279503,45.988348],[85.274953,45.988409],[85.270890,45.988637],[85.269468,45.989232],[85.268926,45.989307],[85.268717,45.989087],[85.268580,45.988483],[85.267886,45.988055],[85.267442,45.988048],[85.266774,45.988305],[85.265715,45.988422],[85.265367,45.988416],[85.265154,45.988321],[85.264936,45.988009],[85.264869,45.987106],[85.264718,45.986928],[85.264374,45.986806],[85.263871,45.986798],[85.263190,45.987096],[85.262877,45.987141],[85.262015,45.987078],[85.261712,45.986814],[85.261596,45.986303],[85.261354,45.985990],[85.260858,45.985741],[85.260638,45.985512],[85.260682,45.985229],[85.261373,45.984221],[85.261723,45.984159],[85.262485,45.984347],[85.263224,45.984851],[85.263640,45.984982],[85.265066,45.985005],[85.265608,45.984930],[85.266992,45.984417],[85.267104,45.983893],[85.266610,45.983200],[85.266628,45.982625],[85.266329,45.982219],[85.266140,45.982108],[85.265364,45.982388],[85.264217,45.982654],[85.263208,45.982705],[85.262947,45.982609],[85.262955,45.982350],[85.263566,45.981207],[85.263386,45.980829],[85.261502,45.979363],[85.259966,45.978629],[85.259129,45.978174],[85.258909,45.977953],[85.259048,45.977713],[85.260563,45.976810],[85.260610,45.976452],[85.260424,45.976257],[85.260103,45.976185],[85.258653,45.976179],[85.258428,45.976067],[85.258472,45.975784],[85.259246,45.975220],[85.260331,45.975036],[85.261096,45.975090],[85.261472,45.975321],[85.261900,45.975837],[85.262242,45.976035],[85.262779,45.976110],[85.264402,45.975960],[85.266093,45.975527],[85.268615,45.975074],[85.269612,45.974656],[85.269931,45.974411],[85.269917,45.974101],[85.269601,45.973854],[85.268667,45.973397],[85.268485,45.973085],[85.268400,45.972733],[85.268769,45.972054],[85.272023,45.970402],[85.272251,45.970406],[85.272302,45.970674],[85.272236,45.970890],[85.271838,45.971351],[85.271732,45.971659],[85.271815,45.972061],[85.272433,45.972638],[85.273691,45.973084],[85.275252,45.973042],[85.277845,45.972199],[85.279185,45.971953],[85.279980,45.971857],[85.281824,45.971979],[85.282546,45.971898],[85.283192,45.971600],[85.284312,45.971459],[85.284894,45.971277],[85.287176,45.970053],[85.287902,45.969463],[85.288279,45.968543],[85.288463,45.967644],[85.288432,45.967468],[85.287845,45.967058],[85.287116,45.966954],[85.286835,45.966707],[85.286665,45.966020],[85.286397,45.965757],[85.285607,45.965677],[85.284768,45.966039],[85.284072,45.966028],[85.283790,45.965840],[85.283856,45.965649],[85.284846,45.965465],[85.285554,45.965059],[85.285564,45.964741],[85.284090,45.963131],[85.282364,45.961534],[85.279988,45.960393],[85.278633,45.959971],[85.276928,45.959634],[85.276365,45.959609],[85.276014,45.959712],[85.275659,45.959948],[85.274471,45.961123],[85.274025,45.961200],[85.273022,45.961785],[85.272696,45.962289],[85.272581,45.963673],[85.271921,45.965583],[85.271328,45.966551],[85.270632,45.967308],[85.270341,45.967437],[85.269136,45.967618],[85.267830,45.967581],[85.267582,45.967460],[85.267458,45.967199],[85.267473,45.966732],[85.267695,45.965742],[85.267567,45.964855],[85.267291,45.964475],[85.267300,45.964191],[85.267545,45.963644],[85.267706,45.963487],[85.268497,45.963500],[85.269067,45.963684],[85.269474,45.963691],[85.269983,45.963523],[85.271090,45.962639],[85.271339,45.961958],[85.272247,45.961305],[85.274348,45.960061],[85.274585,45.959772],[85.274721,45.959248],[85.275486,45.958200],[85.275436,45.957865],[85.274629,45.957210],[85.273517,45.957083],[85.272953,45.957116],[85.271685,45.957781],[85.271399,45.958110],[85.271269,45.959194],[85.270844,45.959362],[85.270026,45.959441],[85.269733,45.959628],[85.269398,45.959982],[85.269002,45.960769],[85.268711,45.960856],[85.268427,45.960760],[85.268411,45.960100],[85.267984,45.959584],[85.267731,45.959622],[85.266248,45.960258],[85.265841,45.960235],[85.265754,45.959967],[85.266403,45.959534],[85.266906,45.958766],[85.267512,45.958558],[85.267839,45.958079],[85.268650,45.957449],[85.269786,45.956782],[85.269795,45.956473],[85.269645,45.956254],[85.268481,45.955943],[85.267666,45.955538],[85.266823,45.955299],[85.266009,45.954886],[85.265957,45.954601],[85.266157,45.954362],[85.266783,45.954280],[85.269198,45.955253],[85.270211,45.955444],[85.270559,45.955450],[85.270875,45.955296],[85.270984,45.954881],[85.270404,45.954254],[85.269931,45.954046],[85.268799,45.953811],[85.268056,45.953423],[85.267639,45.953350],[85.266942,45.953406],[85.265951,45.953649],[85.264585,45.953653],[85.261976,45.953127],[85.261599,45.952921],[85.261415,45.952693],[85.261461,45.952368],[85.261624,45.952145],[85.262475,45.952117],[85.263619,45.952352],[85.267863,45.952310],[85.269249,45.951697],[85.269912,45.951574],[85.270172,45.951712],[85.270317,45.952040],[85.270624,45.952203],[85.271163,45.952187],[85.272035,45.951933],[85.272696,45.951902],[85.273169,45.952085],[85.274370,45.953189],[85.274998,45.953441],[85.276208,45.954254],[85.276622,45.954394],[85.277417,45.954340],[85.277865,45.954197],[85.277977,45.953689],[85.277794,45.953394],[85.277142,45.952766],[85.277340,45.952569],[85.277980,45.952429],[85.278495,45.952061],[85.278731,45.951781],[85.278747,45.951272],[85.278394,45.950273],[85.278404,45.949981],[85.279048,45.949682],[85.279652,45.949558],[85.281745,45.949750],[85.282574,45.949697],[85.282773,45.949500],[85.282684,45.949256],[85.282440,45.949010],[85.280671,45.948431],[85.280075,45.947511],[85.279567,45.947261],[85.278582,45.947337],[85.277940,45.947527],[85.277331,45.947843],[85.276036,45.947822],[85.275406,45.947637],[85.274266,45.946516],[85.272907,45.946253],[85.272183,45.946016],[85.271423,45.946179],[85.271131,45.946333],[85.270616,45.947452],[85.270301,45.948332],[85.270225,45.948840],[85.269921,45.949361],[85.269706,45.949316],[85.269486,45.949046],[85.269344,45.948642],[85.268879,45.948176],[85.267216,45.947707],[85.266993,45.947545],[85.266526,45.947538],[85.265909,45.947712],[85.265755,45.947617],[85.265996,45.947245],[85.267471,45.946450],[85.268471,45.946266],[85.269104,45.945967],[85.269971,45.945847],[85.270966,45.945470],[85.271067,45.945296],[85.271048,45.944720],[85.270613,45.944446],[85.269230,45.944224],[85.266848,45.944119],[85.266540,45.944006],[85.265983,45.943421],[85.265697,45.943333],[85.262946,45.943223],[85.262254,45.943104],[85.261878,45.942873],[85.261862,45.942630],[85.262144,45.942417],[85.264524,45.942563],[85.265227,45.942307],[85.265515,45.942287],[85.266937,45.942426],[85.268437,45.941982],[85.269244,45.941469],[85.269848,45.941720],[85.270700,45.941684],[85.270958,45.941496],[85.271104,45.941030],[85.271832,45.941134],[85.272575,45.941538],[85.273054,45.941529],[85.274783,45.941064],[85.274673,45.940361],[85.273072,45.939049],[85.272795,45.938653],[85.272679,45.938183],[85.272818,45.937918],[85.274979,45.937869],[85.276035,45.937443],[85.276268,45.937272],[85.276204,45.937020],[85.275901,45.936731],[85.274579,45.936468],[85.274490,45.936225],[85.274767,45.935436],[85.274277,45.934985],[85.273073,45.934766],[85.272725,45.934785],[85.271768,45.935096],[85.271133,45.935111],[85.270595,45.935061],[85.270122,45.934853],[85.269969,45.934742],[85.270038,45.934476],[85.271028,45.934249],[85.271290,45.933894],[85.271251,45.933234],[85.270941,45.932787],[85.270596,45.932714],[85.269992,45.932863],[85.269575,45.933166],[85.269285,45.933245],[85.268938,45.933223],[85.268560,45.933058],[85.268162,45.932743],[85.268195,45.932476],[85.269160,45.932274],[85.269480,45.931987],[85.269494,45.931553],[85.268973,45.930944],[85.267895,45.930175],[85.267287,45.930057],[85.266818,45.930133],[85.265745,45.930717],[85.265176,45.930909],[85.264304,45.930453],[85.263443,45.930347],[85.263199,45.930143],[85.263112,45.929858],[85.263410,45.929512],[85.263395,45.928844],[85.263167,45.928114],[85.262961,45.927776],[85.262587,45.927512],[85.261606,45.927471],[85.260170,45.926656],[85.259581,45.926313],[85.258784,45.925399],[85.258376,45.925434],[85.258106,45.925630],[85.257810,45.926285],[85.257724,45.926726],[85.257529,45.926832],[85.257217,45.926869],[85.256911,45.926689],[85.256799,45.926052],[85.256526,45.925581],[85.256223,45.925334],[85.255875,45.925370],[85.254831,45.926197],[85.253808,45.926357],[85.251785,45.927307],[85.251497,45.927315],[85.251106,45.927209],[85.250260,45.926491],[85.248587,45.925835],[85.248200,45.925587],[85.247941,45.925274],[85.247989,45.924698],[85.248242,45.924602],[85.248778,45.924689],[85.249740,45.925335],[85.250085,45.925402],[85.250575,45.925402],[85.251552,45.925195],[85.252102,45.924828],[85.254274,45.922782],[85.255356,45.922060],[85.256841,45.920162],[85.257378,45.919265],[85.257915,45.918722],[85.257927,45.918346],[85.258292,45.917788],[85.258340,45.917380],[85.258268,45.917037],[85.257882,45.916709],[85.257812,45.916499],[85.257836,45.915702],[85.258372,45.915239],[85.258351,45.914950],[85.258102,45.914826],[85.257211,45.914853],[85.256638,45.914991],[85.256546,45.914810],[85.256906,45.914627],[85.257815,45.913903],[85.257680,45.913625],[85.257269,45.913552],[85.256455,45.913760],[85.254555,45.914771],[85.253230,45.915623],[85.251994,45.916088],[85.251501,45.916147],[85.251206,45.916022],[85.252398,45.915023],[85.254262,45.914023],[85.255092,45.913309],[85.256108,45.912770],[85.257332,45.912471],[85.257608,45.912309],[85.257706,45.911847],[85.257364,45.911478],[85.256214,45.910939],[85.254998,45.910765],[85.253981,45.910950],[85.253757,45.910847],[85.253671,45.910703],[85.253953,45.910307],[85.254836,45.909849],[85.255162,45.909511],[85.255272,45.908515],[85.254915,45.907850],[85.254682,45.907692],[85.254290,45.907586],[85.252627,45.907531],[85.252365,45.907882],[85.251565,45.908613],[85.251295,45.908621],[85.251031,45.908450],[85.250907,45.907822],[85.251029,45.907578],[85.251952,45.906974],[85.252134,45.906689],[85.252143,45.905841],[85.251956,45.905684],[85.251216,45.905627],[85.249705,45.906839],[85.248754,45.907422],[85.248322,45.907440],[85.248221,45.907259],[85.248419,45.907041],[85.249954,45.905996],[85.250299,45.905633],[85.250337,45.905392],[85.250202,45.905135],[85.249921,45.904943],[85.249311,45.904771],[85.247957,45.904629],[85.247619,45.903760],[85.246622,45.903294],[85.246587,45.902884],[85.246748,45.902168],[85.246702,45.901725],[85.246488,45.901522],[85.245982,45.901439],[85.245401,45.901793],[85.244829,45.902327],[85.244416,45.902354],[85.244246,45.902239],[85.244212,45.901809],[85.244625,45.900224],[85.244736,45.899211],[85.244890,45.898846],[85.245056,45.898728],[85.245773,45.898563],[85.245955,45.898257],[85.245945,45.898048],[85.245674,45.897689],[85.245508,45.897499],[85.245317,45.897450],[85.244586,45.897518],[85.243577,45.897812],[85.243312,45.897720],[85.243285,45.897632],[85.243738,45.897305],[85.244201,45.897212],[85.244447,45.897007],[85.244379,45.896497],[85.244113,45.896396],[85.243736,45.896399],[85.243290,45.896505],[85.241926,45.896551],[85.241096,45.896902],[85.240665,45.896917],[85.237318,45.896679],[85.236896,45.896605],[85.236710,45.896448],[85.236683,45.896327],[85.236861,45.896187],[85.239581,45.896195],[85.240892,45.895784],[85.242323,45.895484],[85.243965,45.894657],[85.245173,45.893903],[85.246407,45.893083],[85.246695,45.892853],[85.246877,45.892572],[85.246959,45.892077],[85.246871,45.891796],[85.246777,45.891761],[85.246265,45.891845],[85.245387,45.892216],[85.245020,45.892277],[85.244608,45.892271],[85.244295,45.892145],[85.244221,45.892002],[85.245088,45.891627],[85.245471,45.891048],[85.245505,45.890573],[85.245301,45.890369],[85.244639,45.890326],[85.243874,45.890515],[85.243167,45.890383],[85.242026,45.890353],[85.241777,45.890283],[85.241609,45.890126],[85.241596,45.889950],[85.241354,45.889658],[85.241007,45.889645],[85.240382,45.889919],[85.239580,45.889820],[85.238921,45.889622],[85.238832,45.889458],[85.239003,45.888972],[85.238866,45.888740],[85.238263,45.888364],[85.237901,45.887874],[85.237265,45.887401],[85.236774,45.886864],[85.236971,45.886654],[85.237354,45.886659],[85.238905,45.887138],[85.239312,45.887131],[85.239648,45.887094],[85.240180,45.886702],[85.240461,45.885361],[85.240044,45.884007],[85.240051,45.883422],[85.240761,45.882844],[85.240994,45.882497],[85.240904,45.881911],[85.240764,45.881817],[85.240429,45.881846],[85.240052,45.882216],[85.239754,45.882211],[85.239681,45.882068],[85.239847,45.881716],[85.239854,45.881486],[85.239752,45.881330],[85.239434,45.881359],[85.238054,45.881898],[85.236659,45.882574],[85.235691,45.882706],[85.234018,45.883119],[85.233293,45.882967],[85.233242,45.882699],[85.233502,45.881855],[85.233225,45.881175],[85.233343,45.881035],[85.233704,45.880919],[85.234453,45.880876],[85.235109,45.880518],[85.235416,45.879884],[85.235293,45.878721],[85.235502,45.878161],[85.236006,45.877726],[85.236582,45.877405],[85.237164,45.876574],[85.237231,45.875978],[85.236984,45.875331],[85.236381,45.875281],[85.236157,45.875365],[85.235412,45.876105],[85.234836,45.876130],[85.234715,45.875995],[85.234739,45.875799],[85.235257,45.875527],[85.235273,45.875352],[85.234852,45.875237],[85.233415,45.875203],[85.233057,45.874977],[85.233113,45.874723],[85.233860,45.874700],[85.234655,45.874504],[85.234792,45.874142],[85.234862,45.873467],[85.234757,45.873169],[85.234367,45.873042],[85.232995,45.872955],[85.232607,45.872741],[85.232568,45.872473],[85.232844,45.872289],[85.233584,45.872300],[85.234317,45.872169],[85.235098,45.871483],[85.235043,45.871140],[85.232688,45.870245],[85.232351,45.870315],[85.231529,45.870779],[85.231284,45.871164],[85.231022,45.871335],[85.230723,45.871331],[85.230504,45.871248],[85.230526,45.871119],[85.230833,45.870869],[85.230834,45.870314],[85.230492,45.870146],[85.228947,45.870077],[85.228662,45.870019],[85.228560,45.869884],[85.228573,45.869796],[85.230235,45.869746],[85.231082,45.869424],[85.231704,45.869433],[85.233772,45.869952],[85.235607,45.869934],[85.236172,45.869433],[85.236210,45.868803],[85.236074,45.868538],[85.235907,45.868360],[85.235581,45.868309],[85.233726,45.868348],[85.233130,45.868118],[85.232203,45.868004],[85.232005,45.867826],[85.231981,45.867638],[85.232881,45.867530],[85.233298,45.867348],[85.233305,45.866764],[85.233076,45.866473],[85.232403,45.866229],[85.231300,45.865173],[85.230875,45.865012],[85.229613,45.863582],[85.229734,45.863163],[85.230007,45.863012],[85.230191,45.862718],[85.230231,45.862352],[85.230088,45.861986],[85.229830,45.861661],[85.228870,45.861572],[85.228589,45.861447],[85.228544,45.861333],[85.228752,45.861182],[85.230138,45.861369],[85.230728,45.861211],[85.230739,45.860869],[85.230353,45.860587],[85.229728,45.860336],[85.229580,45.860146],[85.229551,45.859891],[85.230241,45.859262],[85.230396,45.858701],[85.230385,45.858083],[85.230248,45.857893],[85.229979,45.857877],[85.229695,45.857993],[85.229236,45.858538],[85.228826,45.858866],[85.228401,45.858880],[85.228310,45.858712],[85.228961,45.858204],[85.229083,45.857897],[85.229042,45.857124],[85.228579,45.857225],[85.227782,45.858074],[85.227465,45.858061],[85.227039,45.857934],[85.225668,45.856941],[85.223873,45.856693],[85.223828,45.856592],[85.223997,45.856386],[85.224472,45.856238],[85.225696,45.856478],[85.226098,45.856383],[85.226287,45.856253],[85.226330,45.856024],[85.226289,45.855823],[85.225978,45.855643],[85.223826,45.855177],[85.223365,45.855195],[85.222590,45.855393],[85.222338,45.855402],[85.222134,45.855265],[85.222122,45.855077],[85.222365,45.854939],[85.223733,45.854712],[85.223915,45.854431],[85.223923,45.854197],[85.223429,45.853760],[85.223625,45.853617],[85.223999,45.853668],[85.225750,45.854378],[85.227170,45.854433],[85.227500,45.854329],[85.227998,45.854090],[85.228051,45.853903],[85.227840,45.853582],[85.227791,45.853281],[85.228272,45.852958],[85.228427,45.852618],[85.226887,45.851260],[85.226230,45.851083],[85.224436,45.851003],[85.223446,45.851339],[85.222530,45.851847],[85.222037,45.851928],[85.220741,45.851412],[85.219622,45.851283],[85.219443,45.851105],[85.219489,45.850985],[85.220066,45.850839],[85.222244,45.850870],[85.223059,45.850561],[85.223978,45.850002],[85.224278,45.849973],[85.225152,45.850249],[85.225814,45.850271],[85.226876,45.850120],[85.228015,45.850157],[85.228286,45.850107],[85.228532,45.849868],[85.228542,45.849572],[85.228361,45.849223],[85.228022,45.849009],[85.226924,45.848651],[85.226261,45.848257],[85.225305,45.847512],[85.224911,45.846379],[85.224549,45.845978],[85.223764,45.846275],[85.223405,45.846679],[85.222903,45.847047],[85.222517,45.847205],[85.221300,45.846757],[85.221241,45.846568],[85.221421,45.846374],[85.222588,45.846425],[85.222954,45.846384],[85.223324,45.846202],[85.223408,45.845994],[85.223293,45.845671],[85.223079,45.845434],[85.222119,45.845399],[85.220339,45.845695],[85.218203,45.845852],[85.217779,45.845846],[85.217650,45.845765],[85.217655,45.845602],[85.217948,45.845393],[85.221914,45.844920],[85.222617,45.844613],[85.222652,45.844426],[85.222340,45.843900],[85.222501,45.843772],[85.223659,45.843568],[85.223789,45.843390],[85.223800,45.843027],[85.223368,45.842382],[85.221958,45.842424],[85.221758,45.842313],[85.221733,45.842158],[85.221921,45.842061],[85.222987,45.841976],[85.223319,45.841839],[85.223451,45.841620],[85.223356,45.841242],[85.222725,45.840615],[85.221921,45.840570],[85.221697,45.840688],[85.221525,45.841228],[85.221364,45.841213],[85.220815,45.840629],[85.220672,45.840619],[85.220168,45.840753],[85.219970,45.840964],[85.219730,45.841014],[85.218499,45.841030],[85.218133,45.841112],[85.215715,45.842647],[85.214897,45.842677],[85.214788,45.842521],[85.214989,45.842215],[85.216906,45.841403],[85.218005,45.840655],[85.218833,45.839916],[85.218956,45.839609],[85.218966,45.839291],[85.218653,45.838636],[85.216227,45.838567],[85.215824,45.838328],[85.215876,45.838207],[85.216021,45.838155],[85.216823,45.838208],[85.217088,45.838125],[85.217239,45.837905],[85.217244,45.837743],[85.217004,45.837393],[85.216576,45.837023],[85.216356,45.836448],[85.216672,45.836407],[85.217281,45.836624],[85.217661,45.836663],[85.218121,45.836616],[85.218378,45.836452],[85.218695,45.835829],[85.219015,45.835430],[85.219083,45.835099],[85.218944,45.834932],[85.218719,45.834912],[85.215486,45.835438],[85.214998,45.835389],[85.214925,45.835267],[85.215053,45.835169],[85.215779,45.834842],[85.217410,45.834639],[85.217967,45.834359],[85.218072,45.834051],[85.217951,45.833540],[85.217397,45.832956],[85.217057,45.832759],[85.216044,45.832761],[85.215869,45.832583],[85.215890,45.831941],[85.215639,45.831628],[85.215179,45.831429],[85.213392,45.830978],[85.212433,45.830371],[85.211744,45.829167],[85.211815,45.828834],[85.212109,45.828571],[85.212273,45.828290],[85.212356,45.827940],[85.212271,45.827647],[85.211931,45.827425],[85.211230,45.827323],[85.210116,45.826739],[85.210060,45.826621],[85.210164,45.826406],[85.210706,45.826188],[85.210685,45.825962],[85.210288,45.825497],[85.209856,45.825166],[85.209861,45.825007],[85.211545,45.824589],[85.211315,45.823967],[85.210730,45.823208],[85.210384,45.822476],[85.210049,45.822137],[85.209447,45.821928],[85.209430,45.821736],[85.209530,45.821579],[85.210252,45.821372],[85.210521,45.821175],[85.210498,45.820774],[85.209794,45.820055],[85.209555,45.819684],[85.209511,45.819190],[85.208991,45.818674],[85.208087,45.818243],[85.207786,45.817579],[85.206497,45.816500],[85.205695,45.816247],[85.204900,45.816119],[85.204715,45.815189],[85.204564,45.815078],[85.202823,45.815079],[85.202351,45.814938],[85.201350,45.813822],[85.200090,45.813712],[85.199785,45.813574],[85.199602,45.813304],[85.199707,45.812997],[85.200986,45.812531],[85.201024,45.812089],[85.200911,45.811887],[85.200086,45.811967],[85.198151,45.812465],[85.197438,45.812773],[85.196899,45.812849],[85.196557,45.812735],[85.196465,45.812625],[85.196473,45.812400],[85.196959,45.812098],[85.197555,45.812106],[85.198322,45.811984],[85.199984,45.811064],[85.199983,45.810371],[85.199452,45.810188],[85.199406,45.809769],[85.199564,45.809680],[85.200292,45.809632],[85.200742,45.809371],[85.200811,45.809080],[85.200597,45.808701],[85.200111,45.808235],[85.200059,45.807992],[85.200322,45.807595],[85.201358,45.806900],[85.201465,45.806550],[85.201436,45.806333],[85.201191,45.806171],[85.199352,45.806278],[85.199144,45.806075],[85.199212,45.805792],[85.200205,45.805322],[85.200702,45.804686],[85.200517,45.804508],[85.199794,45.804381],[85.198274,45.804585],[85.197839,45.804403],[85.197810,45.804227],[85.199298,45.803121],[85.199594,45.802833],[85.199602,45.802616],[85.199358,45.802371],[85.199132,45.802367],[85.198233,45.802881],[85.197829,45.802858],[85.197207,45.802557],[85.196154,45.802701],[85.195637,45.802468],[85.194936,45.802416],[85.194743,45.802480],[85.194726,45.802990],[85.195036,45.804472],[85.194860,45.804753],[85.194486,45.804907],[85.194071,45.804834],[85.193258,45.803804],[85.191688,45.803364],[85.191443,45.803185],[85.191446,45.803094],[85.192024,45.802926],[85.193631,45.802949],[85.193826,45.802843],[85.193802,45.802467],[85.193440,45.801861],[85.192708,45.801283],[85.192239,45.801051],[85.191648,45.800909],[85.190904,45.800347],[85.188543,45.800380],[85.188454,45.800229],[85.188675,45.799982],[85.189485,45.799642],[85.189743,45.799379],[85.189752,45.799137],[85.189440,45.798807],[85.189038,45.798709],[85.187584,45.798780],[85.187529,45.798579],[85.187849,45.798291],[85.187855,45.798099],[85.187590,45.797803],[85.186098,45.797164],[85.185412,45.796645],[85.184374,45.794869],[85.183276,45.793810],[85.181990,45.793441],[85.181470,45.792949],[85.180898,45.792206],[85.180190,45.791645],[85.179528,45.791485],[85.177806,45.791344],[85.177240,45.791144],[85.177128,45.790942],[85.177194,45.790743],[85.177580,45.790598],[85.180213,45.790944],[85.182415,45.790992],[85.183210,45.790719],[85.183442,45.790547],[85.183478,45.790172],[85.183123,45.789724],[85.182522,45.789540],[85.181585,45.789410],[85.180704,45.789398],[85.180209,45.789240],[85.179756,45.788507],[85.179260,45.788367],[85.178559,45.788332],[85.177005,45.787775],[85.174406,45.788206],[85.172684,45.788775],[85.171883,45.789231],[85.170744,45.789457],[85.169805,45.789427],[85.169740,45.789201],[85.170258,45.789033],[85.172125,45.788750],[85.172676,45.788315],[85.172616,45.787939],[85.172134,45.787397],[85.170320,45.787130],[85.169969,45.786949],[85.169449,45.786457],[85.169236,45.786429],[85.168657,45.786647],[85.168407,45.786643],[85.168475,45.786377],[85.168998,45.786050],[85.169006,45.785791],[85.168689,45.785653],[85.167960,45.785726],[85.167070,45.786006],[85.165750,45.785937],[85.164970,45.785751],[85.163734,45.784940],[85.163249,45.784490],[85.161778,45.784294],[85.161501,45.784022],[85.161476,45.783688],[85.163474,45.782347],[85.163709,45.782067],[85.163646,45.781799],[85.163254,45.781417],[85.161926,45.781599],[85.161642,45.781553],[85.161675,45.780576],[85.161567,45.780199],[85.160978,45.779639],[85.159539,45.779577],[85.159319,45.779373],[85.159299,45.778914],[85.159095,45.778577],[85.158666,45.778220],[85.157576,45.777712],[85.156425,45.776484],[85.154880,45.776370],[85.154579,45.776123],[85.154515,45.775880],[85.156855,45.774637],[85.159249,45.773895],[85.159955,45.773437],[85.160157,45.773089],[85.160130,45.772822],[85.158747,45.771791],[85.158730,45.771591],[85.158460,45.771102],[85.157229,45.771218],[85.156568,45.771050],[85.155627,45.771062],[85.153784,45.771319],[85.153101,45.771092],[85.153050,45.770840],[85.153401,45.770670],[85.155479,45.770483],[85.156218,45.770118],[85.156256,45.770027],[85.155944,45.769738],[85.155835,45.769445],[85.155997,45.769230],[85.156865,45.768908],[85.156871,45.768733],[85.156498,45.768486],[85.155907,45.768343],[85.153384,45.768290],[85.152856,45.768057],[85.152612,45.767853],[85.152625,45.767477],[85.152997,45.766648],[85.153069,45.766273],[85.152766,45.766068],[85.152048,45.765816],[85.151891,45.764820],[85.151612,45.764590],[85.149910,45.764565],[85.149380,45.764382],[85.149229,45.764271],[85.149329,45.764114],[85.149910,45.763839],[85.149752,45.763569],[85.149543,45.763416],[85.148532,45.763376],[85.148063,45.763169],[85.147991,45.762817],[85.148627,45.762292],[85.149780,45.762000],[85.149915,45.761517],[85.149421,45.761335],[85.146337,45.761331],[85.146018,45.761243],[85.145838,45.760931],[85.146452,45.759654],[85.146431,45.759195],[85.146229,45.758833],[85.145822,45.758518],[85.145421,45.758403],[85.144505,45.758390],[85.143708,45.758712],[85.141837,45.760162],[85.141550,45.760200],[85.141233,45.760061],[85.141244,45.759736],[85.142185,45.759015],[85.142451,45.758535],[85.142435,45.758292],[85.142252,45.758089],[85.140928,45.758136],[85.140218,45.758351],[85.139453,45.758782],[85.138636,45.759714],[85.138007,45.759637],[85.137859,45.759418],[85.138030,45.758953],[85.139490,45.757656],[85.140353,45.757159],[85.141435,45.756841],[85.142054,45.756500],[85.143140,45.755013],[85.143096,45.754544],[85.142761,45.754214],[85.141871,45.754109],[85.141424,45.754302],[85.140813,45.754778],[85.140051,45.755117],[85.139633,45.755161],[85.139282,45.755331],[85.138881,45.755918],[85.138605,45.755981],[85.138071,45.755931],[85.137413,45.755637],[85.137170,45.755433],[85.137532,45.754929],[85.138711,45.754596],[85.138934,45.754332],[85.139074,45.754042],[85.139047,45.753783],[85.138624,45.753267],[85.138262,45.753036],[85.136821,45.753390],[85.136452,45.753385],[85.135887,45.753184],[85.135462,45.752710],[85.135107,45.751911],[85.134748,45.751597],[85.133249,45.751173],[85.133034,45.750836],[85.132987,45.750460],[85.132769,45.750197],[85.131985,45.750135],[85.131648,45.749888],[85.131755,45.749539],[85.131980,45.749208],[85.131872,45.748881],[85.131352,45.748380],[85.130854,45.748331],[85.130278,45.748431],[85.128806,45.748984],[85.127984,45.748972],[85.127969,45.748729],[85.128445,45.748386],[85.129668,45.747787],[85.130510,45.747199],[85.130625,45.746607],[85.130508,45.746205],[85.129961,45.745445],[85.129752,45.745291],[85.129217,45.745258],[85.128544,45.745423],[85.127394,45.745230],[85.126853,45.745397],[85.125976,45.745960],[85.125246,45.746032],[85.125158,45.745838],[85.125905,45.745232],[85.125822,45.744872],[85.125900,45.744656],[85.125588,45.744384],[85.125245,45.744287],[85.124760,45.744288],[85.123946,45.744291],[85.122855,45.744124],[85.122033,45.744111],[85.121822,45.744016],[85.121948,45.743801],[85.122936,45.743482],[85.123386,45.743222],[85.123399,45.742822],[85.123099,45.742533],[85.121815,45.742095],[85.121009,45.742659],[85.120570,45.742602],[85.120457,45.742425],[85.120936,45.741990],[85.121284,45.741202],[85.121296,45.740868],[85.121133,45.740732],[85.120512,45.740789],[85.119837,45.741004],[85.119166,45.741102],[85.119021,45.740815],[85.119256,45.740552],[85.119229,45.740284],[85.119045,45.740106],[85.118028,45.740199],[85.117876,45.740113],[85.117740,45.739551],[85.117344,45.739261],[85.116304,45.739002],[85.115396,45.739054],[85.114328,45.738904],[85.112449,45.737345],[85.112165,45.737282],[85.111694,45.737450],[85.110937,45.738340],[85.110459,45.738374],[85.110152,45.738260],[85.110099,45.737708],[85.110650,45.736590],[85.110593,45.736171],[85.110238,45.735723],[85.109093,45.735729],[85.108586,45.735913],[85.107229,45.736885],[85.106981,45.736797],[85.106861,45.736486],[85.106984,45.735670],[85.106617,45.735221],[85.106279,45.734999],[85.104713,45.734722],[85.103356,45.734658],[85.103145,45.734546],[85.102877,45.733991],[85.102573,45.733810],[85.101967,45.733750],[85.101019,45.733893],[85.099854,45.733782],[85.099552,45.733534],[85.099144,45.732200],[85.098467,45.731729],[85.095569,45.731680],[85.094637,45.732065],[85.094021,45.732606],[85.093637,45.732683],[85.093198,45.732609],[85.093174,45.732257],[85.093327,45.731617],[85.093754,45.730990],[85.093744,45.730589],[85.093524,45.730384],[85.093084,45.730335],[85.092831,45.730414],[85.091575,45.731195],[85.091098,45.731161],[85.090506,45.729982],[85.087951,45.728209],[85.087250,45.727404],[85.086033,45.727032],[85.085602,45.726715],[85.084472,45.725526],[85.083913,45.725116],[85.083307,45.724328],[85.083027,45.724123],[85.082530,45.724006],[85.082249,45.723825],[85.081719,45.722931],[85.080971,45.722433],[85.080304,45.721695],[85.076791,45.721699],[85.076604,45.721579],[85.076713,45.721205],[85.076949,45.720925],[85.076957,45.720683],[85.076718,45.720345],[85.074319,45.719225],[85.072657,45.718902],[85.071240,45.718768],[85.070144,45.718305],[85.069158,45.717427],[85.067451,45.716669],[85.066588,45.716052],[85.064919,45.715579],[85.064166,45.715548],[85.063886,45.715359],[85.064085,45.714110],[85.063696,45.713593],[85.063054,45.713840],[85.062853,45.714129],[85.062112,45.714466],[85.059885,45.713163],[85.059502,45.713156],[85.059186,45.713309],[85.059173,45.713684],[85.058871,45.714121],[85.058518,45.714290],[85.058038,45.714348],[85.057396,45.714578],[85.056855,45.714634],[85.055627,45.714519],[85.055406,45.714340],[85.055564,45.713590],[85.055251,45.713301],[85.054980,45.713187],[85.054593,45.713314],[85.054196,45.713724],[85.053779,45.714000],[85.052990,45.713985],[85.052426,45.713690],[85.051987,45.713590],[85.051541,45.713673],[85.051377,45.713937],[85.051313,45.714729],[85.051527,45.715109],[85.050908,45.715381],[85.048174,45.715863],[85.047038,45.715841],[85.044674,45.716363],[85.043848,45.716372],[85.041986,45.716887],[85.041379,45.717142],[85.039757,45.717311],[85.038343,45.716991],[85.037877,45.716982],[85.036790,45.717912],[85.035600,45.718398],[85.035288,45.718417],[85.034757,45.718181],[85.034126,45.718102],[85.032031,45.718060],[85.031232,45.718311],[85.030453,45.719022],[85.029551,45.719447],[85.026192,45.720290],[85.025041,45.720659],[85.024355,45.721072],[85.023776,45.721194],[85.022700,45.721122],[85.022271,45.720721],[85.022598,45.719617],[85.022315,45.719502],[85.021748,45.719600],[85.021516,45.719728],[85.021110,45.719704],[85.020793,45.719497],[85.020649,45.719185],[85.020278,45.718818],[85.019651,45.718614],[85.018325,45.718495],[85.017785,45.718526],[85.017504,45.718679],[85.017279,45.718607],[85.017353,45.717548],[85.016949,45.717098],[85.016549,45.716889],[85.016662,45.716407],[85.016556,45.715695],[85.016323,45.715181],[85.016046,45.714866],[85.015069,45.714738],[85.013140,45.714740],[85.012172,45.715013],[85.011608,45.715043],[85.011157,45.715235],[85.010173,45.715966],[85.009826,45.715959],[85.009368,45.715682],[85.008850,45.715764],[85.008269,45.716261],[85.007982,45.716915],[85.007944,45.717315],[85.008343,45.717566],[85.009419,45.717629],[85.009663,45.717835],[85.009645,45.718344],[85.009025,45.718924],[85.007332,45.719357],[85.007074,45.719527],[85.006889,45.720008],[85.006387,45.719972],[85.006144,45.719750],[85.006028,45.719305],[85.005624,45.719205],[85.002996,45.719498],[85.002353,45.719385],[85.002246,45.719195],[85.000683,45.718996],[84.999254,45.719100],[84.998215,45.718987],[84.996667,45.718738],[84.996172,45.718511],[84.995117,45.717846],[84.994504,45.717232],[84.993970,45.717088],[84.991953,45.716871],[84.991177,45.716462],[84.990324,45.716219],[84.989293,45.716557],[84.988060,45.716549],[84.987379,45.716159],[84.986917,45.715690],[84.986325,45.715478],[84.984687,45.715402],[84.984403,45.715305],[84.984251,45.714859],[84.984043,45.714654],[84.981356,45.714449],[84.980957,45.714214],[84.979785,45.714150],[84.978242,45.713784],[84.977275,45.713372],[84.975142,45.712751],[84.972707,45.711859],[84.972203,45.711565],[84.971751,45.711155],[84.971725,45.710895],[84.972347,45.710240],[84.972999,45.709769],[84.974232,45.709109],[84.974689,45.708718],[84.974818,45.708478],[84.974704,45.708325],[84.974456,45.708229],[84.973879,45.708284],[84.972764,45.708662],[84.972441,45.708655],[84.972233,45.708451],[84.972180,45.707915],[84.971865,45.707032],[84.971309,45.706861],[84.970642,45.706756],[84.969791,45.706789],[84.969329,45.706980],[84.968853,45.707228],[84.966985,45.708895],[84.964760,45.709819],[84.963712,45.710023],[84.961620,45.709956],[84.961030,45.709727],[84.960578,45.709300],[84.958809,45.708930],[84.958259,45.708585],[84.958175,45.708274],[84.958759,45.707668],[84.959580,45.706182],[84.960244,45.705359],[84.960491,45.704495],[84.959886,45.703048],[84.959550,45.702732],[84.958870,45.703011],[84.958610,45.703248],[84.958547,45.703997],[84.957904,45.705221],[84.957238,45.707061],[84.956672,45.707827],[84.956417,45.707930],[84.956070,45.707923],[84.955787,45.707809],[84.955917,45.707518],[84.956681,45.706590],[84.956742,45.705907],[84.956655,45.705664],[84.956410,45.705500],[84.955653,45.705267],[84.954321,45.704398],[84.952867,45.703592],[84.951918,45.702713],[84.949948,45.701329],[84.949490,45.700769],[84.948297,45.700369],[84.946940,45.698414],[84.946391,45.697258],[84.945790,45.696916],[84.945465,45.696731],[84.944858,45.696009],[84.944442,45.695316],[84.943827,45.694803],[84.943145,45.694497],[84.942742,45.694071],[84.942300,45.693420],[84.942039,45.692730],[84.941814,45.692016],[84.941873,45.691047],[84.941709,45.690318],[84.941048,45.688802],[84.940470,45.687947],[84.938644,45.686900],[84.938132,45.686223],[84.937943,45.685518],[84.937781,45.685356],[84.937569,45.685285],[84.936618,45.685467],[84.936297,45.685435],[84.935635,45.684603],[84.935596,45.684036],[84.935201,45.683401],[84.934993,45.683222],[84.934706,45.683242],[84.934444,45.683545],[84.934014,45.683845],[84.933071,45.683853],[84.931466,45.682668],[84.928545,45.681577],[84.927747,45.680894],[84.927334,45.680752],[84.926645,45.680681],[84.926345,45.680382],[84.925896,45.679623],[84.925627,45.678515],[84.925176,45.677779],[84.925415,45.677142],[84.925411,45.676606],[84.922931,45.674288],[84.922475,45.673986],[84.922547,45.672684],[84.922078,45.671815],[84.920900,45.670448],[84.919709,45.669432],[84.919510,45.668677],[84.919558,45.668112],[84.919821,45.667530],[84.919978,45.666840],[84.919953,45.666217],[84.918943,45.665325],[84.918414,45.665098],[84.918083,45.664716],[84.917952,45.664046],[84.918077,45.663255],[84.916734,45.661860],[84.916211,45.661474],[84.915619,45.661355],[84.915380,45.661058],[84.915309,45.657833],[84.915127,45.656635],[84.914490,45.654527],[84.914192,45.653903],[84.913040,45.652821],[84.912526,45.652210],[84.912005,45.651783],[84.911756,45.651444],[84.911453,45.651247],[84.909946,45.651060],[84.909474,45.650943],[84.909136,45.650736],[84.909061,45.650208],[84.909167,45.649918],[84.909400,45.649722],[84.909830,45.649555],[84.910119,45.649297],[84.910240,45.649099],[84.910228,45.648936],[84.909063,45.648075],[84.908531,45.647159],[84.907871,45.647113],[84.907264,45.647256],[84.906942,45.647426],[84.906424,45.647404],[84.906000,45.646966],[84.905822,45.646633],[84.905594,45.646507],[84.905213,45.646500],[84.904686,45.646733],[84.904370,45.646748],[84.902987,45.646138],[84.901908,45.646018],[84.901218,45.645817],[84.900741,45.645533],[84.900074,45.645354],[84.899299,45.645398],[84.898444,45.645967],[84.897985,45.645971],[84.897274,45.645558],[84.896744,45.645418],[84.895723,45.645333],[84.893018,45.644453],[84.891718,45.644188],[84.889041,45.642595],[84.888589,45.642090],[84.886658,45.641082],[84.886426,45.640911],[84.886077,45.641038],[84.885476,45.641512],[84.885159,45.641540],[84.884883,45.641447],[84.884858,45.641171],[84.885191,45.640380],[84.885106,45.640115],[84.884845,45.639922],[84.883954,45.639740],[84.882311,45.638671],[84.880578,45.638732],[84.879851,45.638297],[84.878947,45.638139],[84.877651,45.637494],[84.876394,45.637410],[84.875493,45.637481],[84.873053,45.638023],[84.871887,45.638533],[84.871236,45.638589],[84.870807,45.638326],[84.870676,45.637994],[84.870266,45.637687],[84.870077,45.637662],[84.869329,45.637937],[84.868022,45.637931],[84.867296,45.637326],[84.866922,45.637144],[84.865413,45.637143],[84.864773,45.637416],[84.864394,45.637363],[84.864016,45.637311],[84.863747,45.637197],[84.863204,45.636478],[84.862984,45.636324],[84.862806,45.636321],[84.862127,45.636660],[84.860493,45.636498],[84.859789,45.636269],[84.859102,45.635906],[84.858894,45.634817],[84.858861,45.634106],[84.858555,45.633725],[84.857331,45.633729],[84.856206,45.632883],[84.855194,45.632122],[84.853739,45.631638],[84.851048,45.631191],[84.847680,45.631350],[84.846315,45.631636],[84.845398,45.631963],[84.842871,45.632863],[84.842460,45.633056],[84.842192,45.633536],[84.840752,45.634221],[84.840247,45.634405],[84.839295,45.634438],[84.838592,45.633875],[84.838362,45.633378],[84.838376,45.633003],[84.837902,45.632360],[84.837613,45.631537],[84.836355,45.630897],[84.835464,45.629353],[84.834223,45.628271],[84.833590,45.627960],[84.831010,45.630007],[84.826863,45.633360],[84.827307,45.636996],[84.827212,45.639455],[84.827475,45.644346],[84.827636,45.644805],[84.828088,45.645353],[84.829756,45.646609],[84.829656,45.647259],[84.826495,45.648516],[84.824386,45.649599],[84.822866,45.650508],[84.821856,45.650816],[84.821321,45.650832],[84.819593,45.650643],[84.817904,45.651324],[84.817304,45.651472],[84.816453,45.651340],[84.814352,45.651304],[84.813252,45.651176],[84.812853,45.651035],[84.811154,45.651031],[84.806863,45.652283],[84.803982,45.653643],[84.803712,45.654165],[84.803511,45.656859],[84.803181,45.658022],[84.800900,45.659201],[84.797516,45.660619],[84.796652,45.661714],[84.794823,45.662583],[84.793662,45.663380],[84.792889,45.663676],[84.792066,45.663753],[84.788688,45.663466],[84.786960,45.662349],[84.785536,45.661045],[84.785458,45.660601],[84.785679,45.659828],[84.786270,45.658428],[84.785914,45.657803],[84.784660,45.656102],[84.783412,45.655177],[84.780946,45.653778],[84.778984,45.652548],[84.776136,45.651167],[84.773892,45.650732],[84.772743,45.650310],[84.772196,45.649706],[84.772142,45.648662],[84.772851,45.646094],[84.773767,45.643389],[84.773981,45.642182],[84.773956,45.641029],[84.773607,45.640513],[84.773205,45.640155],[84.773097,45.639886],[84.773325,45.639539],[84.773680,45.639279],[84.776138,45.639375],[84.777445,45.639725],[84.778191,45.639806],[84.778865,45.639618],[84.788363,45.634848],[84.790946,45.633835],[84.792232,45.633173],[84.793685,45.631278],[84.800542,45.623977],[84.802024,45.623118],[84.803371,45.621789],[84.803906,45.620855],[84.803919,45.620546],[84.803404,45.620027],[84.803319,45.619783],[84.803467,45.619343],[84.804205,45.618672],[84.805033,45.616941],[84.804833,45.615676],[84.804874,45.614616],[84.805204,45.614071],[84.805455,45.613432],[84.806077,45.612692],[84.806252,45.612160],[84.806089,45.611631],[84.806127,45.610968],[84.805963,45.610756],[84.805672,45.610605],[84.805602,45.610407],[84.805939,45.610159],[84.806526,45.609242],[84.806469,45.608731],[84.806273,45.608440],[84.805970,45.608272],[84.805716,45.608242],[84.805197,45.608321],[84.804257,45.608672],[84.803382,45.608865],[84.802972,45.608870],[84.802821,45.608788],[84.802694,45.608080],[84.802193,45.607541],[84.802191,45.606058],[84.801450,45.605586],[84.800580,45.604752],[84.799369,45.603812],[84.798451,45.602856],[84.797197,45.601969],[84.795302,45.601363],[84.794537,45.600894],[84.794124,45.600511],[84.793681,45.600306],[84.792787,45.600244],[84.792336,45.600082],[84.792170,45.599924],[84.792171,45.599118],[84.792007,45.598915],[84.791605,45.598711],[84.791027,45.598613],[84.790127,45.598705],[84.789784,45.598653],[84.788063,45.597574],[84.787289,45.597318],[84.785090,45.597641],[84.783618,45.597593],[84.783240,45.597243],[84.783256,45.596834],[84.783117,45.596301],[84.780917,45.594219],[84.780773,45.593949],[84.780778,45.593373],[84.780678,45.593196],[84.779810,45.592925],[84.779463,45.592534],[84.779627,45.591994],[84.780522,45.591589],[84.780522,45.591117],[84.779935,45.590488],[84.779506,45.590226],[84.778960,45.590060],[84.777710,45.589971],[84.777000,45.590033],[84.775983,45.589914],[84.775752,45.589746],[84.775837,45.589539],[84.776463,45.589183],[84.776470,45.589008],[84.776322,45.588851],[84.776057,45.588792],[84.775616,45.588817],[84.774497,45.589314],[84.773788,45.589221],[84.773782,45.589058],[84.774251,45.588791],[84.774804,45.588622],[84.775310,45.588155],[84.775337,45.587893],[84.775158,45.587635],[84.775197,45.587406],[84.775412,45.587222],[84.775827,45.587084],[84.776599,45.586956],[84.777099,45.586623],[84.777268,45.586413],[84.777279,45.586138],[84.777008,45.585769],[84.776612,45.585432],[84.774689,45.584766],[84.774587,45.584630],[84.774455,45.583909],[84.774095,45.583560],[84.773862,45.583447],[84.772204,45.583579],[84.771850,45.583376],[84.771731,45.583227],[84.771852,45.582988],[84.772316,45.582708],[84.772358,45.582554],[84.772161,45.582275],[84.770510,45.581183],[84.769743,45.581060],[84.769461,45.580975],[84.769329,45.580839],[84.769290,45.580630],[84.769662,45.580248],[84.769897,45.579856],[84.769623,45.578970],[84.771489,45.578241],[84.772102,45.577910],[84.772398,45.577486],[84.772180,45.577106],[84.771868,45.577033],[84.771013,45.577192],[84.769569,45.577941],[84.768937,45.578005],[84.768814,45.577948],[84.768786,45.577760],[84.770028,45.576998],[84.770326,45.576674],[84.770352,45.576332],[84.770280,45.576197],[84.769679,45.575910],[84.769734,45.575731],[84.771338,45.574814],[84.771460,45.574595],[84.771483,45.574019],[84.771348,45.573841],[84.771195,45.573792],[84.770814,45.573818],[84.770113,45.574106],[84.769561,45.574083],[84.769336,45.573924],[84.768036,45.571790],[84.767696,45.570732],[84.766030,45.568424],[84.764438,45.566869],[84.761397,45.565031],[84.759978,45.564419],[84.759947,45.564298],[84.760047,45.564166],[84.760525,45.564088],[84.761376,45.563640],[84.761534,45.563255],[84.761544,45.562992],[84.761216,45.562564],[84.760837,45.562502],[84.760272,45.562558],[84.759580,45.562908],[84.757992,45.564126],[84.757517,45.565002],[84.757010,45.565489],[84.756252,45.565850],[84.755721,45.565760],[84.755541,45.565193],[84.755168,45.564722],[84.755011,45.564335],[84.756446,45.563390],[84.756705,45.563153],[84.756778,45.562920],[84.755830,45.562714],[84.755773,45.562525],[84.755852,45.562184],[84.756112,45.561914],[84.756168,45.561672],[84.755870,45.561266],[84.754285,45.561192],[84.754196,45.561070],[84.754330,45.560818],[84.754830,45.560527],[84.754932,45.560354],[84.754379,45.559604],[84.754028,45.559309],[84.753665,45.559301],[84.752735,45.559350],[84.752566,45.559292],[84.752419,45.559110],[84.752538,45.558795],[84.754093,45.557355],[84.755863,45.555941],[84.757119,45.555147],[84.757562,45.554759],[84.757566,45.554638],[84.757399,45.554501],[84.757164,45.554463],[84.756275,45.554680],[84.755816,45.554712],[84.755695,45.554622],[84.755781,45.554415],[84.756673,45.553802],[84.756694,45.553539],[84.756509,45.553147],[84.755342,45.552110],[84.755028,45.551957],[84.754797,45.551953],[84.754109,45.552194],[84.753872,45.552189],[84.753598,45.552042],[84.753513,45.551786],[84.753500,45.550900],[84.752842,45.549993],[84.752145,45.549698],[84.751039,45.548801],[84.750575,45.548525],[84.750324,45.548407],[84.749526,45.548316],[84.748094,45.547247],[84.747624,45.547096],[84.747399,45.546933],[84.747466,45.546404],[84.747761,45.546059],[84.747533,45.545048],[84.746969,45.544586],[84.745837,45.544195],[84.745153,45.544061],[84.744789,45.543623],[84.744711,45.543212],[84.744276,45.542773],[84.743698,45.542628],[84.743095,45.542729],[84.742585,45.543249],[84.741831,45.543234],[84.738598,45.542713],[84.738056,45.542447],[84.737681,45.541988],[84.736939,45.541672],[84.735535,45.541347],[84.734845,45.540481],[84.734910,45.539280],[84.734766,45.538600],[84.734431,45.537908],[84.734317,45.536749],[84.734620,45.535837],[84.735454,45.534660],[84.735815,45.534379],[84.736459,45.534061],[84.736976,45.533609],[84.737164,45.533225],[84.737177,45.532907],[84.736975,45.532461],[84.736153,45.531746],[84.735301,45.531353],[84.735007,45.530971],[84.734894,45.530500],[84.734454,45.529924],[84.734405,45.529371],[84.734992,45.528958],[84.736778,45.528360],[84.737137,45.528162],[84.737381,45.527858],[84.737432,45.527442],[84.737309,45.527263],[84.736436,45.527078],[84.735232,45.526975],[84.735153,45.526886],[84.735339,45.526560],[84.735362,45.526005],[84.735133,45.525461],[84.734877,45.524429],[84.734511,45.524066],[84.733735,45.523850],[84.733503,45.523690],[84.733483,45.523448],[84.735063,45.523359],[84.736536,45.523101],[84.737336,45.522753],[84.737810,45.522355],[84.738543,45.521267],[84.739200,45.521047],[84.739479,45.520756],[84.739508,45.520334],[84.739405,45.519802],[84.738789,45.519460],[84.738765,45.519292],[84.738901,45.519007],[84.739229,45.518704],[84.740033,45.518211],[84.740177,45.517763],[84.739747,45.517189],[84.739278,45.517026],[84.738327,45.516853],[84.736570,45.516771],[84.736405,45.516604],[84.736334,45.516281],[84.736382,45.515994],[84.737247,45.515461],[84.737627,45.514750],[84.737530,45.514339],[84.736975,45.514127],[84.736809,45.513936],[84.736846,45.513749],[84.738107,45.512860],[84.738120,45.512538],[84.737705,45.512362],[84.736264,45.512267],[84.736140,45.512089],[84.736327,45.511883],[84.737125,45.511536],[84.737456,45.511188],[84.737426,45.511021],[84.737276,45.510909],[84.736372,45.510744],[84.735671,45.510885],[84.734741,45.511375],[84.734523,45.511337],[84.734418,45.511135],[84.734882,45.510241],[84.734724,45.509737],[84.734900,45.508625],[84.736655,45.506808],[84.736729,45.506453],[84.736678,45.506232],[84.736526,45.506062],[84.736041,45.505956],[84.733620,45.506282],[84.731960,45.506168],[84.731774,45.506043],[84.731292,45.505181],[84.730600,45.505079],[84.729595,45.505079],[84.729206,45.504984],[84.728792,45.504766],[84.728691,45.504508],[84.728966,45.504293],[84.730085,45.503832],[84.730236,45.503193],[84.730711,45.502321],[84.730718,45.502167],[84.730477,45.501915],[84.729675,45.501899],[84.729573,45.501788],[84.729584,45.501513],[84.729939,45.501253],[84.729979,45.500701],[84.729796,45.500522],[84.729312,45.500446],[84.729155,45.500343],[84.729202,45.500056],[84.729690,45.499622],[84.730540,45.498449],[84.730928,45.498103],[84.731714,45.497789],[84.731950,45.497394],[84.731960,45.497151],[84.731872,45.496962],[84.731675,45.496848],[84.731407,45.496844],[84.729756,45.497227],[84.729523,45.497122],[84.729342,45.496889],[84.729326,45.496545],[84.729554,45.495598],[84.729572,45.495168],[84.728835,45.493516],[84.728728,45.493075],[84.728814,45.491252],[84.729020,45.490107],[84.729023,45.489590],[84.728662,45.489268],[84.727931,45.489400],[84.727647,45.489374],[84.727357,45.489188],[84.727306,45.488836],[84.727476,45.488176],[84.727542,45.486940],[84.726930,45.485766],[84.726839,45.485209],[84.726875,45.484329],[84.726733,45.484004],[84.726026,45.483547],[84.725929,45.483148],[84.725917,45.482718],[84.726330,45.482195],[84.727292,45.481343],[84.727577,45.480769],[84.726604,45.479692],[84.726237,45.479509],[84.725722,45.479451],[84.723986,45.479871],[84.723737,45.479865],[84.723570,45.479728],[84.723641,45.479433],[84.723888,45.479205],[84.723863,45.478660],[84.723674,45.477871],[84.723755,45.477498],[84.724092,45.476953],[84.724145,45.476383],[84.723946,45.475857],[84.723780,45.475697],[84.723401,45.475669],[84.723052,45.475750],[84.722701,45.475917],[84.722173,45.476471],[84.722024,45.476468],[84.721876,45.476464],[84.721291,45.476067],[84.720251,45.475770],[84.718681,45.475624],[84.717261,45.474996],[84.716215,45.474833],[84.716172,45.474719],[84.716370,45.474514],[84.716699,45.474466],[84.717763,45.474632],[84.717969,45.474548],[84.718659,45.473944],[84.718930,45.473871],[84.719607,45.474198],[84.720065,45.474195],[84.720653,45.474054],[84.722083,45.473244],[84.722753,45.472715],[84.722841,45.472454],[84.721649,45.471181],[84.720345,45.470355],[84.719811,45.470310],[84.719148,45.470383],[84.718576,45.470573],[84.717420,45.471499],[84.717196,45.471592],[84.716815,45.471608],[84.716487,45.471191],[84.716605,45.469900],[84.716575,45.469026],[84.716417,45.468216],[84.716107,45.467349],[84.715884,45.465520],[84.715736,45.465221],[84.715598,45.465084],[84.714739,45.465011],[84.714554,45.464886],[84.714441,45.464153],[84.714277,45.463940],[84.713504,45.463649],[84.712409,45.463062],[84.711908,45.462661],[84.711701,45.462348],[84.711465,45.460388],[84.711148,45.459980],[84.711036,45.459669],[84.711013,45.458787],[84.710596,45.457329],[84.710618,45.456779],[84.710830,45.456252],[84.711922,45.454982],[84.711897,45.454727],[84.711221,45.453650],[84.711259,45.452725],[84.710725,45.451794],[84.709501,45.451050],[84.709133,45.450725],[84.708791,45.450228],[84.708109,45.450039],[84.706619,45.450260],[84.706375,45.450109],[84.706257,45.449931],[84.706258,45.449488],[84.705687,45.448749],[84.705713,45.448538],[84.706384,45.448289],[84.706583,45.448072],[84.706662,45.447287],[84.706542,45.446742],[84.706310,45.446287],[84.705961,45.445958],[84.705319,45.445801],[84.704350,45.446076],[84.703719,45.446552],[84.703217,45.447180],[84.702782,45.447944],[84.702443,45.448091],[84.701863,45.448015],[84.701665,45.447897],[84.702579,45.446340],[84.702579,45.445917],[84.702229,45.445601],[84.701683,45.445556],[84.701432,45.445449],[84.701315,45.445259],[84.701326,45.444976],[84.702562,45.443686],[84.702836,45.443104],[84.702848,45.442807],[84.702436,45.442402],[84.699869,45.442501],[84.698693,45.442751],[84.698176,45.442739],[84.697435,45.442393],[84.697231,45.442422],[84.697033,45.442613],[84.696508,45.443522],[84.695993,45.443752],[84.695502,45.443841],[84.693646,45.443391],[84.692951,45.442779],[84.692568,45.442561],[84.692485,45.442259],[84.692772,45.441360],[84.692713,45.440465],[84.692414,45.439772],[84.692008,45.439220],[84.691288,45.438795],[84.690383,45.438533],[84.689525,45.438714],[84.688372,45.439275],[84.687551,45.439268],[84.687139,45.439004],[84.686793,45.438601],[84.686834,45.436876],[84.686057,45.435798],[84.685463,45.435785],[84.684703,45.436187],[84.684560,45.436182],[84.684336,45.435981],[84.684233,45.435745],[84.684462,45.435245],[84.684772,45.433781],[84.684724,45.433070],[84.685473,45.430180],[84.685596,45.429060],[84.685239,45.428496],[84.684723,45.428012],[84.683543,45.426175],[84.683147,45.425388],[84.683134,45.424991],[84.682990,45.424578],[84.683059,45.424062],[84.683351,45.423902],[84.684496,45.423684],[84.684678,45.423467],[84.684688,45.423204],[84.684489,45.422979],[84.682538,45.422259],[84.682234,45.421989],[84.681133,45.421588],[84.680154,45.420957],[84.679608,45.420495],[84.679428,45.420222],[84.679321,45.419791],[84.679113,45.419509],[84.678829,45.419470],[84.678443,45.419603],[84.677630,45.420704],[84.676841,45.420808],[84.675128,45.420657],[84.675089,45.420460],[84.675383,45.420245],[84.675973,45.420070],[84.676167,45.419853],[84.676413,45.418932],[84.677169,45.418472],[84.677965,45.418202],[84.678084,45.418050],[84.677995,45.417484],[84.676484,45.417208],[84.675777,45.417180],[84.674605,45.417333],[84.672126,45.417896],[84.670861,45.417714],[84.669942,45.417794],[84.669858,45.417745],[84.669761,45.417689],[84.669727,45.417379],[84.671213,45.416098],[84.671334,45.415757],[84.671328,45.415469],[84.670957,45.415374],[84.670026,45.415452],[84.669760,45.415413],[84.669388,45.415205],[84.668577,45.413970],[84.667720,45.413421],[84.666500,45.412863],[84.666208,45.412590],[84.665272,45.412063],[84.665232,45.411895],[84.665360,45.411638],[84.666939,45.411419],[84.667689,45.411093],[84.668768,45.410165],[84.668823,45.409991],[84.668680,45.409712],[84.667969,45.409353],[84.667885,45.409097],[84.668855,45.407627],[84.669082,45.406747],[84.668765,45.406506],[84.668462,45.406499],[84.667332,45.406942],[84.666201,45.406816],[84.665519,45.406634],[84.664855,45.406310],[84.664602,45.405950],[84.664496,45.405496],[84.664221,45.405235],[84.663463,45.404876],[84.663596,45.404403],[84.664051,45.404028],[84.664575,45.403155],[84.664905,45.402364],[84.664921,45.401713],[84.664084,45.401377],[84.663639,45.401054],[84.660928,45.400058],[84.660536,45.400049],[84.660333,45.400065],[84.660136,45.400228],[84.659835,45.401069],[84.659466,45.401625],[84.658724,45.402030],[84.658357,45.402130],[84.657721,45.401995],[84.657469,45.401614],[84.656575,45.400666],[84.655917,45.400631],[84.655467,45.400884],[84.654941,45.400388],[84.654334,45.400107],[84.654004,45.399757],[84.653775,45.399255],[84.653627,45.398245],[84.653258,45.396817],[84.652973,45.396251],[84.652751,45.396162],[84.651538,45.396728],[84.651004,45.396716],[84.650923,45.396405],[84.651776,45.395589],[84.652882,45.393868],[84.653604,45.392531],[84.654928,45.390664],[84.655364,45.390181],[84.657177,45.388876],[84.657378,45.388613],[84.657386,45.388421],[84.657263,45.388235],[84.656895,45.388227],[84.655272,45.388683],[84.654392,45.389257],[84.653400,45.389678],[84.652921,45.389775],[84.652303,45.389762],[84.651710,45.389464],[84.650218,45.389030],[84.649220,45.389033],[84.647584,45.388086],[84.646164,45.386797],[84.644956,45.386428],[84.644810,45.386082],[84.644973,45.385159],[84.645218,45.384567],[84.645532,45.384286],[84.645684,45.383926],[84.645622,45.383273],[84.645349,45.382966],[84.645250,45.382642],[84.645310,45.382347],[84.645573,45.382165],[84.647041,45.381579],[84.647351,45.381285],[84.647426,45.381036],[84.647549,45.379932],[84.647404,45.379277],[84.647186,45.379227],[84.646100,45.379624],[84.645864,45.379586],[84.645719,45.379361],[84.646209,45.378875],[84.647004,45.378316],[84.647368,45.377564],[84.647224,45.377172],[84.646794,45.376941],[84.645970,45.376790],[84.644294,45.376644],[84.644220,45.376421],[84.644347,45.376094],[84.645123,45.375138],[84.645017,45.374705],[84.644792,45.374533],[84.643789,45.374820],[84.642760,45.374985],[84.640417,45.375054],[84.639956,45.375144],[84.639446,45.375012],[84.639468,45.374770],[84.639733,45.374529],[84.640624,45.374219],[84.640775,45.374014],[84.640788,45.372840],[84.640977,45.372159],[84.641068,45.370253],[84.641256,45.368887],[84.641169,45.368287],[84.640653,45.366693],[84.640556,45.366039],[84.639564,45.364175],[84.639012,45.363762],[84.637362,45.363450],[84.637069,45.363364],[84.636889,45.363164],[84.636737,45.362638],[84.636735,45.361268],[84.636658,45.360836],[84.635665,45.359035],[84.635465,45.358855],[84.633170,45.358529],[84.632810,45.358220],[84.632799,45.358032],[84.633078,45.357729],[84.634497,45.356900],[84.634631,45.356661],[84.634497,45.356457],[84.634282,45.356344],[84.632795,45.356729],[84.632413,45.356741],[84.632276,45.356694],[84.632138,45.356648],[84.631626,45.356127],[84.630275,45.353524],[84.629897,45.353065],[84.628701,45.352007],[84.628287,45.351137],[84.627910,45.350786],[84.627088,45.349311],[84.626896,45.349064],[84.626303,45.348650],[84.625750,45.347577],[84.624988,45.347043],[84.624172,45.346273],[84.624166,45.345997],[84.624417,45.345238],[84.624350,45.344731],[84.623848,45.344244],[84.623318,45.343878],[84.622916,45.343694],[84.622217,45.343565],[84.621769,45.343339],[84.620701,45.342229],[84.620001,45.341805],[84.618818,45.340743],[84.617212,45.339756],[84.616766,45.339216],[84.615654,45.338728],[84.614864,45.338214],[84.614184,45.337615],[84.613802,45.336997],[84.613464,45.336835],[84.612501,45.336626],[84.611918,45.336321],[84.611756,45.335750],[84.611554,45.335612],[84.610812,45.335395],[84.610298,45.334912],[84.610171,45.334659],[84.608585,45.333817],[84.608254,45.333371],[84.605027,45.330791],[84.598435,45.326857],[84.597610,45.326468],[84.595911,45.325876],[84.595500,45.325517],[84.595031,45.324709],[84.594858,45.324074],[84.594343,45.323633],[84.594201,45.323333],[84.594096,45.322742],[84.593886,45.322528],[84.592840,45.322076],[84.592248,45.321379],[84.591939,45.321259],[84.590885,45.321283],[84.589848,45.321019],[84.589855,45.320852],[84.590910,45.319980],[84.590914,45.319612],[84.590734,45.319412],[84.590331,45.319270],[84.588663,45.319102],[84.587731,45.318907],[84.587654,45.318220],[84.587428,45.317981],[84.587043,45.317811],[84.586790,45.317517],[84.586715,45.317052],[84.586797,45.315812],[84.586685,45.315513],[84.586355,45.315210],[84.585948,45.315210],[84.584626,45.315671],[84.583924,45.315624],[84.583904,45.315410],[84.584450,45.315091],[84.585085,45.314883],[84.585264,45.314719],[84.585302,45.314503],[84.585219,45.314233],[84.583592,45.313118],[84.582019,45.312576],[84.581070,45.312092],[84.580550,45.311518],[84.579300,45.310740],[84.580617,45.298815],[84.581370,45.293615],[84.581700,45.290465],[84.581873,45.288814],[84.581893,45.288655],[84.552075,45.271806],[84.542724,45.266521],[84.533244,45.261506],[84.491791,45.230180],[84.442960,45.194786],[84.376497,45.169025],[84.374268,45.168282],[84.372308,45.167783],[84.339352,45.155885],[84.323910,45.150308],[84.321418,45.149481],[84.320432,45.149363],[84.315939,45.148451],[84.297298,45.144503],[84.273364,45.139432],[84.258059,45.136352],[84.255933,45.135924],[84.242518,45.134030],[84.235719,45.133141],[84.233701,45.132988],[84.232164,45.132699],[84.224575,45.131624],[84.215300,45.130462],[84.197247,45.127980],[84.185662,45.125776],[84.163494,45.121343],[84.149012,45.118568],[84.116051,45.111300],[84.112562,45.110464],[84.080332,45.101946],[84.045835,45.097093],[84.023574,45.094080],[84.002533,45.085428],[83.999364,45.084285],[83.994560,45.082133],[83.957579,45.066646],[83.955804,45.065798],[83.955618,45.065064],[83.955626,45.064551],[83.955997,45.063384],[83.956642,45.061983],[83.957740,45.061100],[83.958743,45.060491],[83.959117,45.060067],[83.959232,45.059733],[83.957046,45.058795],[83.936453,45.049261],[83.929421,45.046333],[83.928075,45.045849],[83.907784,45.041625],[83.883062,45.036479],[83.872718,45.034507],[83.864938,45.032918],[83.860070,45.031924],[83.845077,45.028708],[83.837042,45.023747],[83.836711,45.023640],[83.812111,45.025152],[83.762274,45.028385],[83.758463,45.026540],[83.755270,45.025111],[83.751213,45.023653],[83.748566,45.022981],[83.746027,45.022177],[83.745028,45.021594],[83.743701,45.020329],[83.743126,45.020005],[83.741499,45.020031],[83.738813,45.018927],[83.736973,45.018305],[83.735378,45.017991],[83.731777,45.017024],[83.730701,45.016559],[83.729076,45.016316],[83.727515,45.016545],[83.727266,45.016403],[83.723043,45.015541],[83.713844,45.013713],[83.699862,45.010935],[83.691725,45.008982],[83.687434,45.007852],[83.659701,45.001302],[83.653710,45.000272],[83.650086,44.999518],[83.646785,44.999044],[83.640757,44.997916],[83.635374,44.997258],[83.626700,44.995707],[83.616406,44.994352],[83.606474,44.992320],[83.596557,44.990067],[83.582751,44.988419],[83.572146,44.987762],[83.562534,44.986439],[83.553871,44.985591],[83.543957,44.984266],[83.534064,44.982481],[83.524148,44.981162],[83.516171,44.979653],[83.509439,44.979074],[83.501757,44.978476],[83.495681,44.977682],[83.489571,44.977800],[83.482518,44.977443],[83.476121,44.976640],[83.474063,44.976108],[83.470403,44.977916],[83.464641,44.979957],[83.459798,44.980479],[83.457986,44.980851],[83.452337,44.981703],[83.450437,44.982018],[83.445772,44.982347],[83.439614,44.981686],[83.435689,44.981040],[83.434008,44.980917],[83.424901,44.980343],[83.412260,44.979899],[83.399774,44.980567],[83.394798,44.980644],[83.391591,44.980840],[83.390978,44.981060],[83.386916,44.981962],[83.383852,44.982809],[83.379597,44.983722],[83.370296,44.986076],[83.360283,44.988364],[83.355820,44.989548],[83.353122,44.990131],[83.352347,44.990441],[83.349992,44.990797],[83.350439,44.991264],[83.350121,44.991596],[83.350164,44.991759],[83.350442,44.991824],[83.350424,44.991926],[83.349880,44.992059],[83.349496,44.992404],[83.348745,44.992628],[83.348342,44.993075],[83.348017,44.993157],[83.347560,44.993104],[83.346826,44.992801],[83.346186,44.992993],[83.345937,44.992968],[83.345040,44.992550],[83.344486,44.991810],[83.344180,44.991751],[83.343434,44.991885],[83.343095,44.991854],[83.342190,44.991501],[83.339979,44.991591],[83.338205,44.991842],[83.336917,44.992326],[83.335801,44.991808],[83.334970,44.991594],[83.334420,44.991349],[83.333621,44.991208],[83.332965,44.990939],[83.332506,44.991045],[83.331334,44.990897],[83.330383,44.991039],[83.328932,44.991620],[83.327962,44.992215],[83.322740,44.992621],[83.313376,44.993173],[83.308569,44.993574],[83.301159,44.993956],[83.298542,44.994182],[83.295333,44.994512],[83.290158,44.995234],[83.285407,44.995771],[83.283456,44.995901],[83.280824,44.996331],[83.272977,44.997258],[83.265258,44.998327],[83.263651,44.998375],[83.252786,45.000511],[83.247153,45.001410],[83.236489,45.003039],[83.224628,45.005005],[83.212161,45.006790],[83.205423,45.007904],[83.198162,45.008926],[83.193510,45.009767],[83.189254,45.010389],[83.174937,45.012769],[83.150784,45.017006],[83.143164,45.018553],[83.137692,45.019664],[83.121702,45.023022],[83.115416,45.024409],[83.096548,45.028573],[83.094415,45.028925],[83.076258,45.033383],[83.068176,45.035176],[83.044211,45.040968],[83.029390,45.044351],[83.025810,45.045168],[83.002598,45.050702],[82.992540,45.053960],[82.979744,45.057922],[82.977548,45.058486],[82.974674,45.059492],[82.973414,45.059755],[82.970261,45.061035],[82.969167,45.061583],[82.967263,45.062262],[82.965296,45.063204],[82.963958,45.063984],[82.961683,45.065007],[82.959943,45.065903],[82.955826,45.067638],[82.950519,45.069196],[82.947704,45.070151],[82.943535,45.071339],[82.942105,45.071851],[82.940125,45.072355],[82.937902,45.073082],[82.933449,45.074335],[82.926950,45.076516],[82.918812,45.078928],[82.917101,45.079530],[82.915183,45.080036],[82.913472,45.080646],[82.907221,45.082558],[82.887153,45.089676],[82.878212,45.092942],[82.875121,45.093909],[82.865656,45.097431],[82.861624,45.098729],[82.858860,45.099792],[82.855475,45.100907],[82.843129,45.108324],[82.835776,45.112995],[82.833762,45.114105],[82.830298,45.116413],[82.827897,45.117250],[82.818908,45.120862],[82.816826,45.121566],[82.813294,45.123260],[82.811420,45.123877],[82.808342,45.125249],[82.804484,45.126812],[82.800074,45.129104],[82.797221,45.130471],[82.792288,45.133308],[82.789062,45.134904],[82.784933,45.137095],[82.780656,45.139542],[82.779604,45.140252],[82.776468,45.141825],[82.771211,45.144725],[82.767956,45.146367],[82.757845,45.152162],[82.752611,45.153032],[82.742751,45.155330],[82.733385,45.157204],[82.721004,45.160030],[82.719473,45.160243],[82.717051,45.159913],[82.712557,45.159125],[82.708576,45.158338],[82.683121,45.153828],[82.681783,45.153554],[82.675609,45.156911],[82.674319,45.157810],[82.670448,45.159803],[82.667626,45.161440],[82.665783,45.162313],[82.661605,45.164635],[82.660216,45.165524],[82.658222,45.166513],[82.655568,45.168024],[82.653689,45.169220],[82.648754,45.171886],[82.646653,45.173210],[82.640604,45.177742],[82.638220,45.179379],[82.632606,45.183610],[82.625931,45.188397],[82.622772,45.190940],[82.617239,45.195849],[82.612010,45.200078],[82.611772,45.200546],[82.610685,45.204415],[82.610342,45.204994],[82.600494,45.210074],[82.598696,45.211486],[82.593454,45.215093],[82.590347,45.217454],[82.582862,45.219299],[82.587476,45.223905],[82.601014,45.346210],[82.564667,45.399534],[82.566439,45.402257],[82.567602,45.403688],[82.568793,45.405473],[82.570358,45.408100],[82.571224,45.409132],[82.571758,45.409685],[82.577763,45.414642],[82.583350,45.420786],[82.588320,45.427057],[82.593918,45.433059],[82.594673,45.434362],[82.595284,45.436668],[82.595402,45.440003],[82.596031,45.440959],[82.598541,45.443747],[82.601330,45.445375],[82.609303,45.449433],[82.611714,45.450878],[82.615903,45.453827],[82.616944,45.453950],[82.620705,45.454773],[82.624179,45.455401],[82.624890,45.455617],[82.625685,45.456127],[82.626533,45.457211],[82.629191,45.458663],[82.630682,45.459743],[82.631751,45.459925],[82.632712,45.460400],[82.633329,45.460591],[82.633909,45.461044],[82.634632,45.461229],[82.637063,45.462702],[82.638408,45.463210],[82.639179,45.463858],[82.640040,45.464166],[82.640999,45.464900],[82.641703,45.465277],[82.642904,45.465377],[82.648678,45.466555],[82.651516,45.466614],[82.652063,45.466541],[82.653540,45.466691],[82.654734,45.466596],[82.656104,45.466649],[82.656648,45.466557],[82.657226,45.466242],[82.658427,45.466107],[82.658934,45.466264],[82.660266,45.466428],[82.661403,45.466402],[82.662523,45.466176],[82.663932,45.466496],[82.665181,45.466651],[82.666868,45.467248],[82.669987,45.466573],[82.672153,45.466785],[82.674677,45.467229],[82.675257,45.467415],[82.676105,45.467908],[82.677002,45.468827],[82.678319,45.469688],[82.679340,45.470188],[82.680426,45.470462],[82.681944,45.471035],[82.683738,45.471223],[82.686925,45.471144],[82.688203,45.471505],[82.690880,45.471631],[82.692632,45.471878],[82.695294,45.471080],[82.698644,45.470802],[82.701396,45.469919],[82.703008,45.469790],[82.703640,45.469464],[82.704013,45.469534],[82.704961,45.470028],[82.705218,45.470085],[82.705698,45.470002],[82.707976,45.469147],[82.709191,45.468962],[82.711854,45.469322],[82.714238,45.469088],[82.715268,45.469128],[82.717473,45.469542],[82.718700,45.469575],[82.719385,45.469949],[82.719952,45.469950],[82.720477,45.469736],[82.720840,45.469727],[82.721095,45.469923],[82.721034,45.470439],[82.721241,45.470809],[82.721467,45.470893],[82.723368,45.470466],[82.726584,45.470843],[82.726840,45.470958],[82.729370,45.471076],[82.730520,45.470940],[82.731905,45.470527],[82.733964,45.470249],[82.737204,45.470443],[82.737719,45.470677],[82.738766,45.472064],[82.740224,45.472159],[82.740961,45.471852],[82.741236,45.471840],[82.742089,45.471987],[82.744983,45.472963],[82.746523,45.473102],[82.746980,45.473419],[82.748129,45.473752],[82.750183,45.473955],[82.751154,45.474732],[82.752224,45.475040],[82.753034,45.475135],[82.753465,45.475536],[82.756124,45.476404],[82.756046,45.477004],[82.756117,45.477173],[82.757132,45.477367],[82.757419,45.477061],[82.757814,45.477036],[82.759131,45.477497],[82.760123,45.477725],[82.760447,45.477862],[82.761118,45.478465],[82.762528,45.478560],[82.763831,45.479263],[82.765973,45.479990],[82.766307,45.480185],[82.766728,45.480672],[82.767372,45.481004],[82.767656,45.480997],[82.768280,45.480169],[82.768594,45.479983],[82.769070,45.480036],[82.769946,45.480304],[82.771411,45.480127],[82.772418,45.480819],[82.773874,45.481644],[82.775715,45.482064],[82.776982,45.482529],[82.777378,45.483018],[82.777382,45.483742],[82.777541,45.483932],[82.778193,45.483914],[82.778917,45.483513],[82.779361,45.483376],[82.781546,45.483434],[82.782601,45.483641],[82.784014,45.483483],[82.784629,45.483554],[82.784762,45.483713],[82.784492,45.484408],[82.784367,45.485559],[82.783854,45.485818],[82.783336,45.485624],[82.782836,45.485850],[82.782777,45.485995],[82.783114,45.486565],[82.783386,45.486752],[82.784319,45.487086],[82.784820,45.487090],[82.785507,45.486669],[82.786312,45.486579],[82.786747,45.486711],[82.787058,45.486982],[82.787911,45.487151],[82.788324,45.488916],[82.788303,45.489438],[82.788020,45.490007],[82.788197,45.490378],[82.788440,45.490428],[82.789672,45.490324],[82.790458,45.490081],[82.790788,45.490080],[82.791286,45.490412],[82.791909,45.490385],[82.792333,45.490536],[82.792584,45.491111],[82.792736,45.491176],[82.793182,45.491130],[82.794086,45.490781],[82.795055,45.490683],[82.795626,45.490789],[82.796777,45.491266],[82.797082,45.491484],[82.797188,45.491873],[82.797344,45.491949],[82.797699,45.491935],[82.798761,45.491627],[82.799032,45.491992],[82.799751,45.492258],[82.800420,45.492692],[82.801124,45.493411],[82.801181,45.493581],[82.801010,45.494446],[82.801596,45.494623],[82.801852,45.494877],[82.801984,45.495169],[82.801991,45.496227],[82.802210,45.496918],[82.802413,45.497197],[82.802800,45.497495],[82.803905,45.497469],[82.804479,45.497354],[82.805002,45.497008],[82.805888,45.497062],[82.807062,45.496646],[82.807773,45.496966],[82.808631,45.497005],[82.808953,45.497151],[82.810223,45.497108],[82.812776,45.496636],[82.816286,45.496297],[82.816662,45.496353],[82.817082,45.496660],[82.817479,45.496791],[82.820223,45.496742],[82.822408,45.496515],[82.822945,45.496556],[82.823953,45.496864],[82.824864,45.496911],[82.826936,45.495944],[82.828457,45.495578],[82.830271,45.494603],[82.832383,45.493748],[82.832733,45.493554],[82.833213,45.492980],[82.834865,45.492774],[82.836566,45.492193],[82.837005,45.492246],[82.839116,45.493037],[82.839574,45.493431],[82.840112,45.494338],[82.840546,45.494532],[82.841416,45.494403],[82.841578,45.494463],[82.841964,45.495361],[82.842349,45.495704],[82.842892,45.495947],[82.844125,45.496025],[82.845621,45.495445],[82.846205,45.495284],[82.846544,45.495302],[82.847287,45.495667],[82.848077,45.496382],[82.849770,45.496972],[82.850537,45.497456],[82.850875,45.497976],[82.852064,45.499175],[82.852685,45.499628],[82.854173,45.500492],[82.854741,45.501699],[82.855219,45.502186],[82.855803,45.502591],[82.856969,45.503181],[82.858837,45.503850],[82.859996,45.504584],[82.860273,45.505139],[82.860180,45.506201],[82.860243,45.506473],[82.860700,45.506895],[82.861347,45.507176],[82.863206,45.507526],[82.863889,45.507527],[82.864776,45.507348],[82.865342,45.507462],[82.866641,45.508167],[82.868392,45.508774],[82.868789,45.509027],[82.868819,45.509390],[82.868716,45.509646],[82.867778,45.511289],[82.867717,45.512129],[82.867834,45.512289],[82.868489,45.512558],[82.868823,45.512864],[82.868872,45.513656],[82.869662,45.515620],[82.869685,45.516042],[82.869085,45.517035],[82.869128,45.517216],[82.869263,45.517383],[82.870208,45.517887],[82.870336,45.518112],[82.870618,45.520085],[82.870872,45.520703],[82.871254,45.521160],[82.871991,45.521765],[82.873283,45.522568],[82.875295,45.523996],[82.876133,45.524456],[82.877602,45.525686],[82.882225,45.528461],[82.883909,45.530019],[82.886275,45.531779],[82.888360,45.533675],[82.890409,45.535331],[82.890724,45.535918],[82.891386,45.536752],[82.892314,45.537640],[82.892716,45.537926],[82.893834,45.538414],[82.894678,45.539024],[82.895013,45.539350],[82.895318,45.540049],[82.895279,45.541450],[82.894219,45.542264],[82.892731,45.542895],[82.891783,45.543503],[82.890557,45.544832],[82.890273,45.545426],[82.888563,45.546539],[82.886890,45.547327],[82.886636,45.547800],[82.886545,45.549125],[82.886103,45.549679],[82.885130,45.550511],[82.884313,45.551011],[82.883022,45.552284],[82.882130,45.552701],[82.881152,45.552886],[82.880556,45.553119],[82.879850,45.553837],[82.879530,45.554515],[82.879573,45.554659],[82.880193,45.554809],[82.882578,45.554983],[82.883256,45.555105],[82.888976,45.557163],[82.889265,45.557817],[82.889908,45.558781],[82.890536,45.559304],[82.891897,45.560139],[82.892631,45.560491],[82.893219,45.560910],[82.894250,45.562102],[82.895455,45.563786],[82.896544,45.565068],[82.898953,45.566745],[82.901644,45.568068],[82.903527,45.569166],[82.907601,45.570711],[82.908069,45.571107],[82.908381,45.571583],[82.908528,45.572075],[82.908647,45.577224],[82.908792,45.577677],[82.909121,45.578101],[82.909195,45.578428],[82.908451,45.579423],[82.907122,45.580570],[82.903366,45.583264],[82.901851,45.584575],[82.900426,45.586210],[82.898922,45.588394],[82.897709,45.588771],[82.896671,45.589287],[82.893723,45.590840],[82.892697,45.591460],[82.892260,45.591867],[82.892434,45.592489],[82.892326,45.593453],[82.892516,45.594271],[82.892805,45.594933],[82.893242,45.595568],[82.895062,45.597327],[82.895156,45.597642],[82.895220,45.599919],[82.895455,45.601695],[82.895580,45.603735],[82.895843,45.605292],[82.896096,45.606164],[82.897553,45.607932],[82.898571,45.608884],[82.900418,45.611017],[82.904165,45.614890],[82.905195,45.615817],[82.908159,45.618022],[82.909153,45.619008],[82.910298,45.620981],[82.911074,45.622635],[82.911766,45.623780],[82.913008,45.625574],[82.913905,45.626650],[82.914518,45.627907],[82.915059,45.629885],[82.915811,45.630465],[82.917031,45.631077],[82.917923,45.631674],[82.921577,45.634341],[82.922460,45.635069],[82.924819,45.637525],[82.925508,45.638387],[82.926403,45.639886],[82.926889,45.641130],[82.926365,45.643148],[82.927677,45.643743],[82.928504,45.643912],[82.931117,45.644067],[82.931801,45.643990],[82.932432,45.644339],[82.934332,45.644205],[82.935816,45.644852],[82.936898,45.645498],[82.938069,45.646437],[82.939499,45.646785],[82.941899,45.647821],[82.945955,45.648044],[82.947917,45.649257],[82.949679,45.650452],[82.950973,45.651590],[82.951600,45.652322],[82.952601,45.653069],[82.955040,45.654551],[82.956621,45.655890],[82.957860,45.657079],[82.958318,45.657864],[82.958567,45.659849],[82.958539,45.660804],[82.958796,45.661552],[82.959575,45.662948],[82.960055,45.664583],[82.960309,45.665040],[82.960536,45.665738],[82.960442,45.666223],[82.958814,45.666726],[82.957779,45.667227],[82.957285,45.667689],[82.957173,45.668021],[82.957777,45.668923],[82.954940,45.671162],[82.949361,45.676229],[82.946747,45.679052],[82.946123,45.680234],[82.945531,45.680910],[82.944464,45.683025],[82.943560,45.685260],[82.943117,45.685934],[82.942662,45.686538],[82.941067,45.687903],[82.940324,45.688943],[82.939839,45.689406],[82.938788,45.690071],[82.938439,45.690669],[82.937966,45.691135],[82.936821,45.691737],[82.936395,45.692144],[82.936069,45.692922],[82.935794,45.693998],[82.934889,45.694779],[82.934300,45.695594],[82.934228,45.696174],[82.934322,45.696611],[82.935765,45.698876],[82.936575,45.699782],[82.937474,45.700551],[82.939125,45.702477],[82.939487,45.703139],[82.939731,45.704080],[82.939845,45.705081],[82.938312,45.712306],[82.938026,45.712686],[82.937802,45.713333],[82.937532,45.715958],[82.936851,45.717067],[82.936536,45.717844],[82.936270,45.718171],[82.935971,45.718389],[82.934690,45.718955],[82.934191,45.719333],[82.934179,45.719501],[82.935296,45.720584],[82.935433,45.721804],[82.935124,45.722350],[82.933773,45.723488],[82.933459,45.723860],[82.931038,45.725639],[82.926731,45.727279],[82.925030,45.727321],[82.919605,45.727976],[82.918027,45.728497],[82.916714,45.728820],[82.914767,45.729097],[82.912335,45.729112],[82.911444,45.728930],[82.910308,45.728918],[82.912019,45.729926],[82.912517,45.731039],[82.912630,45.731974],[82.912351,45.735448],[82.912294,45.738380],[82.912065,45.739671],[82.911291,45.740660],[82.910274,45.741554],[82.907811,45.742437],[82.907461,45.742817],[82.906410,45.743314],[82.902569,45.744782],[82.898665,45.746959],[82.898019,45.747467],[82.897377,45.748247],[82.896831,45.748714],[82.896488,45.748864],[82.892096,45.749390],[82.890884,45.749651],[82.889577,45.750187],[82.887678,45.751248],[82.887058,45.751484],[82.885490,45.751691],[82.883302,45.752464],[82.881129,45.753335],[82.877781,45.754439],[82.876257,45.755093],[82.874226,45.755803],[82.867857,45.758299],[82.867401,45.757878],[82.865988,45.757085],[82.865454,45.756650],[82.864999,45.756504],[82.863792,45.756644],[82.863374,45.756662],[82.860033,45.759396],[82.860146,45.759926],[82.860115,45.760187],[82.859496,45.761605],[82.858839,45.762729],[82.858596,45.763652],[82.858613,45.763958],[82.859078,45.764758],[82.861370,45.766627],[82.861713,45.767150],[82.867102,45.769219],[82.867422,45.769518],[82.867798,45.770395],[82.868435,45.772777],[82.867912,45.773014],[82.866527,45.774001],[82.865659,45.774844],[82.865323,45.775542],[82.865087,45.776515],[82.864369,45.778228],[82.864443,45.778542],[82.865042,45.779562],[82.865507,45.780088],[82.866805,45.781133],[82.868343,45.781996],[82.869084,45.782744],[82.869770,45.784221],[82.870110,45.784700],[82.870694,45.785287],[82.872073,45.786124],[82.873366,45.786406],[82.876446,45.786700],[82.877870,45.786992],[82.878687,45.787077],[82.879528,45.786977],[82.881158,45.786493],[82.881866,45.786542],[82.882296,45.786686],[82.882650,45.786902],[82.883591,45.787787],[82.884474,45.789127],[82.885366,45.789860],[82.885764,45.790076],[82.886244,45.790159],[82.887182,45.790112],[82.887844,45.790455],[82.888422,45.791720],[82.888850,45.791976],[82.890240,45.792468],[82.890807,45.792984],[82.890866,45.793439],[82.890804,45.793795],[82.891861,45.794572],[82.892355,45.794752],[82.893509,45.794841],[82.895397,45.795497],[82.896638,45.795762],[82.900589,45.795523],[82.902648,45.795522],[82.903317,45.796422],[82.903896,45.797024],[82.905530,45.797764],[82.906225,45.797949],[82.910157,45.797856],[82.912104,45.798215],[82.913254,45.799323],[82.913542,45.799757],[82.913868,45.800603],[82.914422,45.801317],[82.914817,45.801571],[82.916796,45.802252],[82.917505,45.802713],[82.918596,45.803212],[82.922077,45.802959],[82.923299,45.803264],[82.924895,45.804696],[82.925637,45.804935],[82.927214,45.804677],[82.928959,45.804581],[82.929643,45.804618],[82.930649,45.805018],[82.932840,45.805135],[82.933792,45.805375],[82.934947,45.806519],[82.935195,45.807429],[82.935287,45.808627],[82.935376,45.808822],[82.936828,45.809153],[82.937974,45.810054],[82.939278,45.810739],[82.939437,45.811044],[82.939284,45.811147],[82.938811,45.811361],[82.937076,45.811860],[82.936540,45.812121],[82.936136,45.812435],[82.935327,45.813462],[82.934913,45.815913],[82.935230,45.817339],[82.937215,45.819113],[82.937780,45.819871],[82.938382,45.820894],[82.938717,45.821695],[82.938327,45.822339],[82.937835,45.822791],[82.936058,45.824032],[82.935298,45.824357],[82.934951,45.824797],[82.934993,45.825302],[82.935989,45.827329],[82.936024,45.827735],[82.935917,45.828078],[82.935693,45.828365],[82.934574,45.829058],[82.933995,45.829533],[82.933454,45.830436],[82.933132,45.831636],[82.933364,45.831981],[82.934344,45.832493],[82.935003,45.833008],[82.935772,45.833821],[82.937845,45.834634],[82.935909,45.836861],[82.934497,45.838639],[82.931431,45.841580],[82.931350,45.841773],[82.931363,45.842154],[82.931987,45.844626],[82.932027,45.846038],[82.931615,45.847767],[82.931678,45.848166],[82.931822,45.848619],[82.932700,45.850054],[82.932819,45.850800],[82.932794,45.855137],[82.932597,45.856172],[82.931242,45.858133],[82.930658,45.859225],[82.929893,45.860962],[82.929318,45.861940],[82.927243,45.866137],[82.927141,45.866856],[82.926954,45.867428],[82.926114,45.869087],[82.926097,45.871139],[82.926268,45.871314],[82.928923,45.872078],[82.931632,45.873445],[82.932189,45.874112],[82.932590,45.874805],[82.932751,45.875591],[82.933167,45.876618],[82.933711,45.877126],[82.935559,45.878176],[82.936733,45.878560],[82.944250,45.879804],[82.944942,45.880009],[82.945283,45.880231],[82.945557,45.880935],[82.945980,45.881449],[82.946247,45.881580],[82.948958,45.881825],[82.950250,45.882142],[82.950534,45.882594],[82.951048,45.882880],[82.952829,45.884405],[82.953399,45.884625],[82.955342,45.884709],[82.956751,45.884535],[82.957633,45.884214],[82.958513,45.883392],[82.958912,45.883167],[82.959482,45.883005],[82.961852,45.883133],[82.963047,45.882888],[82.963757,45.882473],[82.964383,45.881909],[82.964930,45.881241],[82.965413,45.880891],[82.965846,45.880648],[82.966509,45.880500],[82.968338,45.880329],[82.969950,45.879881],[82.972634,45.879965],[82.974397,45.879924],[82.977853,45.880304],[82.979403,45.880104],[82.982172,45.879453],[82.983193,45.878979],[82.985426,45.879151],[82.987415,45.879074],[82.988699,45.878827],[82.989343,45.878311],[82.990218,45.877908],[82.991064,45.877711],[82.995203,45.877616],[82.999473,45.877272],[83.000462,45.877054],[83.002758,45.876160],[83.005766,45.876071],[83.007308,45.875892],[83.008590,45.875476],[83.015993,45.873668],[83.017574,45.873556],[83.019479,45.873266],[83.021721,45.873120],[83.022745,45.873169],[83.023267,45.873374],[83.024800,45.873683],[83.025608,45.873671],[83.027445,45.873327],[83.029459,45.873347],[83.031064,45.873486],[83.031963,45.873740],[83.033291,45.874387],[83.034424,45.874800],[83.034627,45.874758],[83.034551,45.873870],[83.033030,45.871202],[83.031893,45.870052],[83.031525,45.868157],[83.030745,45.866687],[83.030423,45.865464],[83.030332,45.864576],[83.030498,45.862458],[83.030607,45.862155],[83.031568,45.861270],[83.031596,45.860814],[83.030891,45.860019],[83.029852,45.859554],[83.029583,45.859202],[83.029425,45.858764],[83.029553,45.857670],[83.029500,45.856939],[83.029859,45.855891],[83.029683,45.855552],[83.028801,45.854759],[83.027768,45.854029],[83.027248,45.853327],[83.026115,45.852292],[83.024459,45.851092],[83.023363,45.849958],[83.023107,45.849439],[83.022900,45.848626],[83.023076,45.847650],[83.023500,45.846628],[83.023541,45.846212],[83.023304,45.845776],[83.021788,45.844102],[83.020199,45.842612],[83.019468,45.841338],[83.017881,45.839867],[83.017361,45.839154],[83.017201,45.838714],[83.016536,45.837656],[83.016408,45.837307],[83.016206,45.836618],[83.016265,45.836141],[83.016828,45.834892],[83.017558,45.834056],[83.018302,45.833015],[83.018803,45.832568],[83.019631,45.832030],[83.021318,45.832487],[83.024427,45.833660],[83.026749,45.834154],[83.029361,45.834356],[83.030266,45.834519],[83.031460,45.835025],[83.032931,45.835230],[83.035164,45.834990],[83.036586,45.835106],[83.038008,45.834733],[83.038476,45.834476],[83.039752,45.834312],[83.041245,45.834361],[83.042986,45.834688],[83.044050,45.834698],[83.044312,45.835199],[83.045871,45.836081],[83.046157,45.836390],[83.047436,45.838512],[83.047821,45.838785],[83.048753,45.838962],[83.049628,45.838931],[83.051293,45.838644],[83.052217,45.838594],[83.052978,45.838896],[83.056332,45.839822],[83.056505,45.838994],[83.056671,45.838714],[83.057803,45.837687],[83.060266,45.836476],[83.060559,45.836144],[83.060994,45.834916],[83.061863,45.834159],[83.062312,45.833995],[83.062639,45.833736],[83.064177,45.832311],[83.065704,45.830601],[83.067391,45.828218],[83.068173,45.826902],[83.069004,45.825973],[83.069235,45.825600],[83.069257,45.825395],[83.068779,45.824658],[83.068913,45.823523],[83.069176,45.823104],[83.069524,45.822887],[83.070113,45.822770],[83.071986,45.822560],[83.072983,45.822060],[83.073441,45.821361],[83.073567,45.820956],[83.072756,45.817256],[83.072865,45.816962],[83.073168,45.816704],[83.073724,45.816557],[83.075016,45.816405],[83.075745,45.816196],[83.076534,45.815791],[83.078324,45.813963],[83.078789,45.813668],[83.080931,45.813060],[83.082042,45.812845],[83.082942,45.812848],[83.083621,45.812957],[83.088207,45.814475],[83.089378,45.814608],[83.090218,45.814544],[83.092033,45.815467],[83.093242,45.816243],[83.093937,45.816544],[83.095362,45.818274],[83.095628,45.818897],[83.096380,45.819666],[83.098076,45.820710],[83.099344,45.821232],[83.101695,45.821417],[83.104279,45.822237],[83.105647,45.823260],[83.107185,45.823826],[83.109171,45.826135],[83.109400,45.826263],[83.109829,45.826295],[83.110462,45.826952],[83.110824,45.830024],[83.110764,45.831932],[83.110979,45.832359],[83.111171,45.833137],[83.110996,45.834299],[83.110661,45.834799],[83.110229,45.836028],[83.109938,45.836383],[83.108942,45.836698],[83.108365,45.837256],[83.108177,45.837561],[83.107995,45.838339],[83.108072,45.838728],[83.107918,45.839325],[83.108448,45.840063],[83.109969,45.841523],[83.111605,45.842658],[83.112885,45.843212],[83.115162,45.843950],[83.117387,45.844264],[83.118873,45.844823],[83.119597,45.845334],[83.120748,45.846702],[83.121477,45.847145],[83.121707,45.847445],[83.121742,45.847736],[83.121461,45.848317],[83.121524,45.849968],[83.121739,45.851587],[83.121838,45.853619],[83.122371,45.859413],[83.123605,45.860284],[83.124077,45.860921],[83.124230,45.861553],[83.124164,45.861848],[83.123960,45.862132],[83.123081,45.862856],[83.122715,45.863336],[83.122639,45.863675],[83.122688,45.864033],[83.123754,45.865835],[83.124019,45.866126],[83.124589,45.866417],[83.125983,45.867423],[83.126318,45.867518],[83.127068,45.868264],[83.127087,45.868870],[83.128756,45.874800],[83.130228,45.878554],[83.131276,45.880170],[83.131473,45.880720],[83.131583,45.881410],[83.132383,45.882314],[83.132709,45.882907],[83.132873,45.883848],[83.133140,45.884396],[83.134095,45.885657],[83.134505,45.886046],[83.134960,45.886273],[83.137381,45.886975],[83.140248,45.887939],[83.142782,45.889082],[83.145282,45.889932],[83.145842,45.890287],[83.147178,45.891543],[83.149225,45.893104],[83.152173,45.894950],[83.150572,45.895736],[83.149681,45.896466],[83.149152,45.897397],[83.149004,45.897912],[83.148212,45.899454],[83.146936,45.900726],[83.146455,45.901057],[83.146026,45.901544],[83.145837,45.902115],[83.145697,45.903470],[83.145537,45.903981],[83.144490,45.905802],[83.144060,45.907130],[83.144242,45.907938],[83.144268,45.908980],[83.144042,45.910415],[83.143353,45.912733],[83.143270,45.913313],[83.143424,45.915164],[83.143699,45.916029],[83.143643,45.916421],[83.142565,45.918015],[83.140722,45.919965],[83.139753,45.921405],[83.138704,45.923235],[83.137981,45.923917],[83.137464,45.924091],[83.137355,45.924207],[83.137384,45.924434],[83.137624,45.924583],[83.137964,45.924619],[83.140439,45.924470],[83.140951,45.924566],[83.142673,45.925622],[83.145110,45.926622],[83.146070,45.926879],[83.147287,45.926913],[83.147827,45.926788],[83.149915,45.925573],[83.151875,45.924930],[83.152929,45.924444],[83.153706,45.924265],[83.156196,45.924263],[83.157122,45.924097],[83.158266,45.923652],[83.158755,45.923331],[83.159364,45.923149],[83.162046,45.922986],[83.164210,45.922999],[83.164401,45.923371],[83.164496,45.924353],[83.164045,45.926766],[83.164051,45.927853],[83.164173,45.928614],[83.164106,45.929618],[83.163881,45.930370],[83.163832,45.930934],[83.163005,45.933507],[83.162954,45.934379],[83.163034,45.934961],[83.163506,45.935342],[83.165235,45.935565],[83.166762,45.936253],[83.168054,45.937339],[83.168110,45.937885],[83.167800,45.939876],[83.167417,45.940770],[83.166476,45.945935],[83.166612,45.947885],[83.166863,45.948326],[83.167160,45.948532],[83.167703,45.948675],[83.171145,45.948954],[83.176954,45.951269],[83.178922,45.952255],[83.180748,45.953461],[83.181311,45.952846],[83.183302,45.951811],[83.183725,45.951451],[83.184102,45.950481],[83.184590,45.950105],[83.186538,45.949087],[83.187660,45.948742],[83.189010,45.948607],[83.190387,45.948639],[83.191665,45.948918],[83.193944,45.949634],[83.196284,45.950791],[83.199445,45.952817],[83.200130,45.953566],[83.201039,45.954982],[83.202400,45.956252],[83.202883,45.956837],[83.203689,45.957340],[83.204739,45.957470],[83.206461,45.957185],[83.208356,45.959041],[83.209386,45.961109],[83.209310,45.962007],[83.208843,45.962419],[83.208568,45.962983],[83.209137,45.963724],[83.209197,45.962937],[83.209556,45.962527],[83.210013,45.962437],[83.210564,45.962506],[83.211594,45.963028],[83.213253,45.964162],[83.214462,45.964821],[83.215592,45.964959],[83.216974,45.964890],[83.218228,45.964522],[83.219937,45.963621],[83.220453,45.963550],[83.221639,45.964351],[83.222031,45.964786],[83.222571,45.966023],[83.223313,45.966422],[83.223281,45.966661],[83.222679,45.967483],[83.222571,45.968050],[83.222633,45.968507],[83.222871,45.968991],[83.223538,45.969267],[83.223876,45.969504],[83.223931,45.969793],[83.223809,45.970025],[83.222989,45.970851],[83.222530,45.971608],[83.223494,45.971451],[83.224783,45.971394],[83.226513,45.970871],[83.227103,45.970571],[83.227400,45.970658],[83.228134,45.971809],[83.228734,45.973033],[83.228694,45.974107],[83.229017,45.974590],[83.231052,45.976526],[83.231195,45.976889],[83.233366,45.980124],[83.234619,45.981012],[83.234786,45.981430],[83.235684,45.982821],[83.237783,45.984712],[83.238582,45.985269],[83.239665,45.985503],[83.240691,45.985947],[83.242368,45.987107],[83.243515,45.987703],[83.244852,45.987906],[83.246073,45.987940],[83.246106,45.988178],[83.245194,45.989534],[83.245085,45.989936],[83.245203,45.990369],[83.245648,45.990866],[83.245850,45.992168],[83.246228,45.993467],[83.246229,45.994738],[83.246118,45.995071],[83.245320,45.995749],[83.245292,45.996289],[83.245477,45.996530],[83.245467,45.996895],[83.245305,45.997230],[83.245442,45.997523],[83.246210,45.997978],[83.247477,45.998388],[83.249260,45.999206],[83.249543,45.999410],[83.249606,45.999722],[83.249277,46.000251],[83.249075,46.000810],[83.249058,46.001809],[83.248779,46.002135],[83.248937,46.002641],[83.250565,46.003395],[83.251208,46.003878],[83.251840,46.004737],[83.252068,46.005564],[83.252353,46.005934],[83.253370,46.006484],[83.254181,46.007413],[83.255239,46.008948],[83.255663,46.009364],[83.256725,46.011576],[83.257335,46.012617],[83.258340,46.013791],[83.259131,46.014925],[83.260149,46.016070],[83.261399,46.018083],[83.261858,46.018574],[83.262502,46.019854],[83.263951,46.021744],[83.264150,46.022604],[83.264011,46.023540],[83.264396,46.025304],[83.264550,46.027180],[83.265071,46.029647],[83.264705,46.030989],[83.264371,46.031803],[83.264302,46.032566],[83.264376,46.033189],[83.264219,46.034217],[83.263989,46.034695],[83.262751,46.035378],[83.262583,46.035594],[83.262531,46.036358],[83.262894,46.036915],[83.263336,46.037332],[83.264696,46.039102],[83.264946,46.039797],[83.265362,46.041635],[83.265477,46.042707],[83.265340,46.043378],[83.264991,46.044095],[83.265012,46.044613],[83.265489,46.045892],[83.265559,46.046764],[83.265128,46.049105],[83.264874,46.049728],[83.264612,46.051100],[83.264808,46.052106],[83.264922,46.053490],[83.264881,46.054214],[83.264621,46.055020],[83.264437,46.056237],[83.264330,46.058505],[83.264435,46.059994],[83.264746,46.060662],[83.264898,46.061233],[83.264816,46.061819],[83.264067,46.062997],[83.263060,46.065015],[83.262852,46.066199],[83.262824,46.067259],[83.263022,46.068097],[83.262871,46.070362],[83.262959,46.071430],[83.263961,46.073301],[83.264110,46.075211],[83.264580,46.076375],[83.264526,46.076825],[83.263790,46.079062],[83.262770,46.080719],[83.262299,46.082120],[83.262310,46.083073],[83.262629,46.084418],[83.262995,46.085418],[83.263127,46.086150],[83.263059,46.086736],[83.263123,46.087461],[83.262898,46.088556],[83.263082,46.089922],[83.262893,46.091040],[83.262895,46.092158],[83.262580,46.094527],[83.262602,46.095283],[83.262394,46.096813],[83.262376,46.097767],[83.262062,46.099631],[83.262000,46.101593],[83.261351,46.104021],[83.261282,46.104607],[83.261460,46.106143],[83.261879,46.106836],[83.264185,46.109181],[83.265259,46.110926],[83.265567,46.111831],[83.265624,46.112661],[83.265294,46.113713],[83.265473,46.114465],[83.266512,46.115521],[83.266797,46.116104],[83.266820,46.117123],[83.267072,46.117509],[83.267255,46.117690],[83.267637,46.117735],[83.269669,46.117636],[83.269912,46.117804],[83.270078,46.118135],[83.270304,46.119444],[83.270958,46.120961],[83.271443,46.121580],[83.271651,46.122120],[83.271612,46.123432],[83.271976,46.125168],[83.272298,46.125750],[83.272735,46.126149],[83.273603,46.126434],[83.273894,46.126697],[83.274634,46.127760],[83.277505,46.131354],[83.278386,46.131847],[83.279854,46.132884],[83.280151,46.133200],[83.280655,46.134070],[83.281166,46.135298],[83.281209,46.135921],[83.280894,46.137581],[83.280221,46.141121],[83.279998,46.141433],[83.279431,46.142712],[83.279076,46.143228],[83.278792,46.143464],[83.278134,46.144616],[83.277460,46.145315],[83.276450,46.146105],[83.275854,46.146704],[83.275600,46.147215],[83.274665,46.147891],[83.274023,46.150275],[83.273278,46.151277],[83.273019,46.153570],[83.272716,46.154715],[83.272311,46.155808],[83.271613,46.156736],[83.270913,46.157171],[83.270508,46.157569],[83.270391,46.158419],[83.270075,46.159345],[83.269231,46.160723],[83.269146,46.161026],[83.269320,46.161512],[83.270280,46.162080],[83.271883,46.163914],[83.272823,46.164769],[83.273252,46.165477],[83.274050,46.166334],[83.275160,46.166729],[83.276206,46.167556],[83.276498,46.167865],[83.276517,46.167995],[83.277602,46.168717],[83.277934,46.169180],[83.278309,46.169465],[83.279435,46.170654],[83.279775,46.171266],[83.280511,46.172221],[83.280969,46.172578],[83.281402,46.172880],[83.282689,46.173009],[83.285256,46.174060],[83.286058,46.174492],[83.287712,46.175664],[83.288924,46.177408],[83.290213,46.178531],[83.291242,46.179284],[83.292494,46.179953],[83.293333,46.180154],[83.294588,46.180694],[83.295769,46.181364],[83.296681,46.182135],[83.297040,46.182909],[83.297498,46.183462],[83.297911,46.183786],[83.298385,46.184656],[83.299261,46.185713],[83.299943,46.186872],[83.300405,46.187297],[83.300563,46.187993],[83.300837,46.188388],[83.302932,46.190202],[83.303841,46.190821],[83.304946,46.191148],[83.305238,46.191444],[83.305554,46.192140],[83.306056,46.192740],[83.306225,46.193071],[83.307048,46.193950],[83.307748,46.195514],[83.308299,46.196408],[83.308693,46.197262],[83.309516,46.198432],[83.309838,46.199396],[83.310336,46.199842],[83.310530,46.200199],[83.310789,46.201169],[83.311329,46.201866],[83.311473,46.202498],[83.310888,46.204315],[83.310999,46.204628],[83.310843,46.205455],[83.310916,46.205811],[83.311110,46.206171],[83.312045,46.206906],[83.313187,46.208096],[83.313572,46.208906],[83.313777,46.210517],[83.314429,46.211310],[83.315399,46.212113],[83.316192,46.213311],[83.316686,46.214353],[83.317189,46.215157],[83.318795,46.217111],[83.319706,46.217769],[83.320186,46.217987],[83.320654,46.218408],[83.322526,46.219742],[83.322678,46.219985],[83.323748,46.221012],[83.328550,46.221753],[83.331321,46.220900],[83.332351,46.221622],[83.335137,46.223815],[83.335586,46.224252],[83.332786,46.228811],[83.328832,46.235635],[83.338929,46.242032],[83.343953,46.245339],[83.344409,46.245834],[83.345347,46.247394],[83.350714,46.251108],[83.351610,46.255031],[83.352032,46.256357],[83.354333,46.258207],[83.357212,46.260633],[83.385385,46.284361],[83.391020,46.289056],[83.410830,46.305558],[83.428461,46.320373],[83.441395,46.331238],[83.444793,46.333975],[83.445960,46.334812],[83.453166,46.340735],[83.453579,46.341172],[83.453889,46.343114],[83.454100,46.343681],[83.456681,46.356814],[83.457459,46.364548],[83.459557,46.388229],[83.471688,46.383677],[83.479719,46.380488],[83.482415,46.379574],[83.484873,46.378819],[83.503890,46.373545],[83.507014,46.373192],[83.520400,46.370656],[83.523268,46.370524],[83.551234,46.369233],[83.564253,46.368738],[83.565295,46.367484],[83.567113,46.364927],[83.568563,46.362888],[83.569377,46.361884],[83.579322,46.348198],[83.583209,46.343101],[83.583720,46.342278],[83.584635,46.341650],[83.585464,46.340887],[83.587116,46.339628],[83.587146,46.337072],[83.589575,46.335811],[83.590557,46.335481],[83.590767,46.335230],[83.590852,46.334496],[83.591063,46.334264],[83.591165,46.333896],[83.593804,46.332860],[83.593953,46.332359],[83.594057,46.331096],[83.593994,46.327494],[83.598823,46.323152],[83.601463,46.320928],[83.601629,46.320395],[83.601622,46.319777],[83.601800,46.319595],[83.603874,46.318254],[83.605514,46.318958],[83.608170,46.319940],[83.608798,46.319154],[83.610156,46.317089],[83.612692,46.313567],[83.619970,46.315665],[83.641123,46.314847],[83.645847,46.314734],[83.647161,46.314702],[83.649260,46.312606],[83.650654,46.311005],[83.651669,46.309649],[83.652576,46.307810],[83.652643,46.307699],[83.653322,46.302252],[83.655594,46.302398],[83.656753,46.302338],[83.658727,46.302546],[83.659285,46.302783],[83.664091,46.303702],[83.674477,46.305807],[83.674906,46.305985],[83.675378,46.305807],[83.676623,46.305570],[83.679584,46.306667],[83.679841,46.307023],[83.690270,46.311380],[83.690570,46.311618],[83.692630,46.312774],[83.694630,46.309552],[83.695403,46.308425],[83.696862,46.306824],[83.698149,46.305520],[83.701239,46.302970],[83.703814,46.305520],[83.706389,46.307299],[83.707934,46.308722],[83.709221,46.309552],[83.711625,46.311686],[83.713341,46.313523],[83.715229,46.314354],[83.717719,46.315777],[83.719778,46.317613],[83.723468,46.319393],[83.728362,46.323185],[83.731107,46.324667],[83.875319,46.268646]]	塔城地区	[[84.943604,46.861920],[84.955088,46.861090],[84.959888,46.864154],[84.962755,46.870843],[84.964733,46.874925],[84.968315,46.876541],[84.975769,46.879770],[84.980024,46.883104],[84.979771,46.885222],[84.979327,46.888808],[84.979240,46.890244],[84.979013,46.893840],[84.979127,46.897127],[84.979249,46.900727],[84.979493,46.902886],[84.979895,46.906478],[84.981787,46.909484],[84.983863,46.912803],[84.985153,46.914861],[84.987220,46.918185],[84.989924,46.920416],[84.993290,46.923196],[84.995523,46.924289],[84.999823,46.926386],[85.002606,46.926924],[85.007690,46.927899],[85.012775,46.928879],[85.017938,46.928820],[85.023205,46.928761],[85.027670,46.928904],[85.032935,46.929071],[85.038174,46.928672],[85.043411,46.928263],[85.047542,46.928290],[85.052812,46.928328],[85.054684,46.928970],[85.059386,46.930603],[85.064114,46.931992],[85.068953,46.933415],[85.071850,46.934474],[85.076487,46.936169],[85.078183,46.937278],[85.081983,46.939774],[85.082470,46.940626],[85.084400,46.943975],[85.084505,46.944227],[85.085904,46.947694],[85.087313,46.951164],[85.088660,46.954018],[85.090277,46.957445],[85.090955,46.958179],[85.093761,46.961229],[85.096568,46.964278],[85.099330,46.966233],[85.102986,46.968816],[85.107240,46.971022],[85.111432,46.973187],[85.115189,46.974879],[85.119579,46.976856],[85.120724,46.977411],[85.125000,46.979496],[85.129283,46.981580],[85.133557,46.983664],[85.134433,46.984054],[85.138810,46.986041],[85.143186,46.988024],[85.147552,46.990006],[85.151070,46.991303],[85.155695,46.993002],[85.160312,46.994701],[85.160528,46.994752],[85.165516,46.995863],[85.170496,46.996975],[85.175484,46.998090],[85.175908,47.001528],[85.178792,47.005305],[85.187167,47.007617],[85.191523,47.013016],[85.194442,47.016263],[85.195837,47.018949],[85.198652,47.024311],[85.204543,47.029752],[85.209638,47.035697],[85.213997,47.041098],[85.219978,47.044951],[85.231745,47.052265],[85.238642,47.056321],[85.253666,47.054741],[85.260536,47.054404],[85.268982,47.056206],[85.273223,47.062353],[85.275814,47.066962],[85.276431,47.068921],[85.281414,47.069048],[85.285684,47.069157],[85.291091,47.066624],[85.303197,47.060961],[85.307183,47.058045],[85.317950,47.050152],[85.319769,47.048936],[85.326159,47.044896],[85.331313,47.045727],[85.335493,47.047133],[85.342466,47.049817],[85.350841,47.053054],[85.355715,47.054443],[85.358274,47.054608],[85.363529,47.054942],[85.368775,47.055275],[85.371907,47.055279],[85.380655,47.053070],[85.386349,47.053206],[85.396993,47.053946],[85.407560,47.056136],[85.418025,47.060267],[85.426489,47.061424],[85.441124,47.063369],[85.441358,47.063359],[85.446614,47.063151],[85.451851,47.062946],[85.459233,47.062431],[85.466076,47.062071],[85.471308,47.061798],[85.473833,47.061157],[85.478753,47.059906],[85.484864,47.057987],[85.493041,47.057477],[85.498269,47.057148],[85.501044,47.057366],[85.511025,47.057779],[85.516262,47.057781],[85.520739,47.057563],[85.525969,47.057314],[85.526592,47.057543],[85.533733,47.056764],[85.540106,47.057403],[85.540125,47.057292],[85.540002,47.054952],[85.539812,47.053924],[85.539029,47.052259],[85.538451,47.051660],[85.536992,47.050600],[85.536414,47.050406],[85.536030,47.050412],[85.537402,47.049970],[85.539589,47.049792],[85.540427,47.049865],[85.541432,47.050524],[85.543508,47.052182],[85.544245,47.052599],[85.546251,47.053499],[85.547345,47.053711],[85.548852,47.054456],[85.549448,47.054440],[85.551063,47.054017],[85.551711,47.053773],[85.552937,47.053051],[85.553816,47.052747],[85.554298,47.052437],[85.555265,47.051163],[85.555561,47.050946],[85.555992,47.050825],[85.557375,47.051092],[85.558582,47.051094],[85.559570,47.051294],[85.560289,47.051249],[85.561324,47.051428],[85.562667,47.051496],[85.564319,47.051414],[85.566364,47.050976],[85.568588,47.050130],[85.569342,47.049950],[85.569718,47.050195],[85.571541,47.052339],[85.572000,47.053465],[85.572930,47.055279],[85.573554,47.055967],[85.574990,47.057163],[85.576172,47.057575],[85.577118,47.058256],[85.578601,47.058860],[85.578923,47.059388],[85.579453,47.059615],[85.580351,47.059798],[85.581664,47.059887],[85.583424,47.059907],[85.584513,47.059794],[85.585425,47.060046],[85.586332,47.060497],[85.587869,47.060242],[85.588548,47.060004],[85.589437,47.059428],[85.592461,47.059181],[85.597105,47.059001],[85.600010,47.058638],[85.600643,47.058489],[85.603314,47.058312],[85.604990,47.058066],[85.606906,47.057513],[85.608303,47.056818],[85.608813,47.056667],[85.611105,47.056381],[85.611355,47.056217],[85.611657,47.055807],[85.612050,47.054847],[85.612625,47.054550],[85.613868,47.054503],[85.614295,47.054603],[85.615414,47.055204],[85.616538,47.056183],[85.617324,47.056655],[85.618206,47.056938],[85.619094,47.056981],[85.620539,47.056858],[85.622024,47.056385],[85.622879,47.055956],[85.623052,47.055790],[85.623314,47.055154],[85.623519,47.054937],[85.623802,47.054699],[85.624841,47.054282],[85.625277,47.054006],[85.626002,47.053287],[85.627134,47.052819],[85.629051,47.052289],[85.630330,47.051478],[85.631254,47.051343],[85.631621,47.051411],[85.632135,47.051711],[85.633726,47.053074],[85.635417,47.053584],[85.637042,47.054245],[85.637587,47.054567],[85.637868,47.054969],[85.639321,47.055795],[85.639981,47.056391],[85.640344,47.056590],[85.640787,47.056690],[85.642203,47.056552],[85.643737,47.055996],[85.644593,47.055556],[85.645275,47.055324],[85.645907,47.055228],[85.646844,47.055219],[85.647989,47.055497],[85.649155,47.055534],[85.650678,47.055423],[85.651856,47.055597],[85.652486,47.055595],[85.652933,47.055537],[85.654512,47.055066],[85.657039,47.054738],[85.657348,47.054669],[85.657743,47.054244],[85.657829,47.053868],[85.658089,47.053327],[85.658405,47.052985],[85.658555,47.052515],[85.659917,47.052052],[85.661754,47.051742],[85.663813,47.051073],[85.668732,47.050940],[85.669897,47.051050],[85.670369,47.051203],[85.670885,47.051435],[85.671319,47.051902],[85.672157,47.052186],[85.672756,47.052194],[85.676294,47.051382],[85.676956,47.051328],[85.678338,47.051337],[85.679838,47.051572],[85.682694,47.052229],[85.685238,47.053070],[85.687636,47.053652],[85.693702,47.055551],[85.695400,47.055815],[85.696352,47.055848],[85.699427,47.055679],[85.702479,47.055242],[85.704177,47.054865],[85.704467,47.054932],[85.705389,47.056160],[85.705750,47.056458],[85.707884,47.057114],[85.709665,47.058369],[85.710153,47.058501],[85.712097,47.058704],[85.713219,47.058666],[85.713729,47.058536],[85.714240,47.058364],[85.715795,47.057514],[85.716973,47.057036],[85.721361,47.055827],[85.723961,47.054905],[85.724659,47.054578],[85.726513,47.053401],[85.727518,47.053056],[85.728315,47.053045],[85.729888,47.053389],[85.732483,47.055190],[85.732847,47.055280],[85.733969,47.055213],[85.735455,47.054645],[85.737565,47.054261],[85.738569,47.053947],[85.739536,47.053214],[85.740820,47.051410],[85.741287,47.051143],[85.741655,47.051115],[85.742361,47.051135],[85.743704,47.051339],[85.744463,47.051683],[85.747259,47.053318],[85.747971,47.053630],[85.749173,47.053984],[85.750094,47.053920],[85.751811,47.053185],[85.752488,47.052713],[85.753694,47.052322],[85.756610,47.051944],[85.757747,47.052037],[85.759081,47.052537],[85.760761,47.052828],[85.761189,47.052843],[85.762485,47.052441],[85.762929,47.052395],[85.766497,47.052842],[85.768292,47.053205],[85.772697,47.055127],[85.773395,47.055629],[85.774385,47.056904],[85.774678,47.057028],[85.775342,47.057076],[85.775889,47.057061],[85.776395,47.056894],[85.779571,47.055640],[85.782992,47.053948],[85.783983,47.053886],[85.785542,47.054205],[85.785999,47.054219],[85.791905,47.053622],[85.794579,47.053525],[85.796069,47.053564],[85.797641,47.053902],[85.798882,47.054541],[85.799375,47.054940],[85.799980,47.055583],[85.802241,47.058776],[85.802751,47.059084],[85.803820,47.059447],[85.806244,47.060628],[85.807085,47.061323],[85.807987,47.061887],[85.808442,47.062033],[85.809976,47.062047],[85.812339,47.061339],[85.815794,47.060574],[85.818430,47.059473],[85.820435,47.058894],[85.821573,47.058777],[85.822251,47.058803],[85.822882,47.058990],[85.823271,47.059388],[85.823470,47.059734],[85.823819,47.060658],[85.824063,47.060984],[85.824383,47.061168],[85.826826,47.061452],[85.836487,47.062980],[85.837563,47.063019],[85.838865,47.062889],[85.843210,47.061852],[85.844365,47.061665],[85.846905,47.061574],[85.851535,47.061780],[85.852349,47.062364],[85.853100,47.063139],[85.853614,47.063933],[85.853933,47.064188],[85.854958,47.064602],[85.856311,47.064836],[85.858216,47.064761],[85.860808,47.063685],[85.861392,47.063305],[85.863337,47.062765],[85.864760,47.062524],[85.865884,47.062392],[85.869254,47.062234],[85.873802,47.062303],[85.877560,47.061987],[85.877882,47.062122],[85.880676,47.064190],[85.881194,47.064807],[85.881514,47.065053],[85.882115,47.065331],[85.885038,47.066167],[85.887553,47.066767],[85.888320,47.066854],[85.891883,47.066841],[85.892843,47.066911],[85.893372,47.067037],[85.894734,47.067657],[85.895889,47.068336],[85.897918,47.070363],[85.902074,47.074030],[85.902560,47.074156],[85.902947,47.074018],[85.905953,47.071791],[85.907103,47.071255],[85.908070,47.070961],[85.909585,47.070799],[85.911554,47.070736],[85.916334,47.070193],[85.917281,47.070233],[85.918063,47.070311],[85.918828,47.070633],[85.919527,47.071166],[85.920860,47.071938],[85.921150,47.072215],[85.921274,47.073415],[85.921418,47.073619],[85.922284,47.074022],[85.925859,47.074606],[85.926804,47.074934],[85.928755,47.074498],[85.933177,47.074028],[85.935878,47.073985],[85.936811,47.073844],[85.938397,47.074023],[85.938812,47.073877],[85.940593,47.072878],[85.941323,47.072866],[85.942376,47.073207],[85.943590,47.073755],[85.944194,47.073903],[85.946545,47.073995],[85.946957,47.074093],[85.947406,47.074332],[85.949082,47.075933],[85.950696,47.077172],[85.951611,47.077585],[85.952227,47.077760],[85.953366,47.077976],[85.954840,47.078002],[85.956785,47.077846],[85.958435,47.077320],[85.960246,47.076308],[85.963276,47.074262],[85.964527,47.073713],[85.966336,47.073490],[85.971048,47.073567],[85.973531,47.073493],[85.974990,47.073614],[85.978482,47.073378],[85.980074,47.073059],[85.981336,47.072689],[85.985194,47.071395],[85.987468,47.070727],[85.988672,47.070470],[85.989501,47.070390],[85.991804,47.069666],[85.993991,47.069259],[85.997098,47.068277],[86.001172,47.067255],[86.002399,47.067176],[86.005215,47.066576],[86.005750,47.066360],[86.006388,47.065766],[86.007103,47.063966],[86.007748,47.062981],[86.008759,47.062103],[86.009412,47.061398],[86.010492,47.059741],[86.013754,47.057174],[86.015213,47.056348],[86.017828,47.055582],[86.022429,47.054929],[86.024049,47.054902],[86.025650,47.054485],[86.029026,47.052279],[86.032672,47.050123],[86.032934,47.049931],[86.033145,47.049591],[86.034285,47.049001],[86.035929,47.048407],[86.036712,47.047989],[86.036975,47.047751],[86.037049,47.047418],[86.036602,47.046570],[86.036565,47.046338],[86.037556,47.045023],[86.041159,47.042134],[86.042239,47.041117],[86.043617,47.040084],[86.047324,47.038158],[86.050129,47.037196],[86.052503,47.036711],[86.053123,47.036291],[86.053196,47.035995],[86.053129,47.035179],[86.052452,47.034282],[86.050276,47.030542],[86.049755,47.030054],[86.048772,47.028783],[86.048714,47.026857],[86.049030,47.025125],[86.051920,47.025341],[86.062520,47.025743],[86.064679,47.026233],[86.065462,47.026514],[86.066864,47.026709],[86.071220,47.026810],[86.071993,47.026730],[86.072516,47.026380],[86.073317,47.026132],[86.074910,47.025932],[86.079093,47.025543],[86.080283,47.025506],[86.082723,47.025632],[86.083225,47.025704],[86.085130,47.026364],[86.087981,47.026437],[86.088731,47.026555],[86.089710,47.026901],[86.092788,47.028263],[86.093498,47.028487],[86.102935,47.029178],[86.105939,47.029261],[86.111032,47.029215],[86.112348,47.029611],[86.115289,47.030796],[86.116431,47.031075],[86.117931,47.031311],[86.120075,47.031417],[86.122203,47.031379],[86.125595,47.031691],[86.126347,47.031867],[86.128131,47.032082],[86.148222,47.034327],[86.178000,47.040002],[86.179000,47.040068],[86.180350,47.039839],[86.181586,47.039410],[86.183263,47.039314],[86.184675,47.039601],[86.186649,47.040477],[86.189399,47.041109],[86.191444,47.041316],[86.197773,47.041516],[86.200603,47.041878],[86.201023,47.042180],[86.201640,47.042350],[86.206264,47.043024],[86.206817,47.043213],[86.207868,47.043873],[86.208427,47.043835],[86.211807,47.044463],[86.213778,47.044988],[86.218695,47.045879],[86.222579,47.047000],[86.225075,47.047370],[86.233772,47.050562],[86.238985,47.051285],[86.244334,47.052931],[86.251139,47.052722],[86.252793,47.053078],[86.253753,47.053410],[86.256340,47.055424],[86.258308,47.056231],[86.261618,47.057289],[86.267709,47.058861],[86.272131,47.060129],[86.273635,47.061067],[86.274767,47.061517],[86.278089,47.061892],[86.279557,47.061903],[86.287954,47.064162],[86.292785,47.065719],[86.294474,47.066568],[86.299734,47.068706],[86.300789,47.068983],[86.306891,47.071254],[86.315326,47.076242],[86.317483,47.077773],[86.318024,47.077896],[86.318869,47.077903],[86.319583,47.077774],[86.319759,47.077375],[86.319765,47.076932],[86.319479,47.076269],[86.318492,47.074826],[86.317706,47.073006],[86.317643,47.072278],[86.317719,47.072011],[86.318003,47.071880],[86.322748,47.073639],[86.326788,47.074915],[86.330031,47.075333],[86.332904,47.075957],[86.339912,47.078175],[86.342409,47.079456],[86.350970,47.081910],[86.352939,47.082259],[86.354843,47.082916],[86.361965,47.083761],[86.366816,47.084815],[86.373404,47.086778],[86.373781,47.086622],[86.373988,47.086556],[86.374132,47.086529],[86.374451,47.086509],[86.377652,47.087242],[86.380157,47.087215],[86.389223,47.086985],[86.396862,47.087447],[86.397778,47.087595],[86.398197,47.087629],[86.408193,47.088048],[86.411079,47.087996],[86.414862,47.087304],[86.419164,47.087148],[86.420167,47.087019],[86.423511,47.086172],[86.425711,47.085955],[86.428824,47.084865],[86.432054,47.084084],[86.433842,47.083556],[86.434688,47.083183],[86.435456,47.083236],[86.437545,47.084129],[86.438738,47.084376],[86.442221,47.084830],[86.444339,47.085255],[86.445629,47.085652],[86.446332,47.086097],[86.448696,47.086087],[86.451523,47.086313],[86.454363,47.086346],[86.455969,47.086634],[86.458157,47.087216],[86.462418,47.087628],[86.465025,47.087717],[86.468889,47.087525],[86.469667,47.087661],[86.470756,47.088465],[86.471618,47.088726],[86.472458,47.088753],[86.475999,47.089161],[86.476836,47.089513],[86.477577,47.089665],[86.478515,47.089650],[86.480446,47.088984],[86.481481,47.088986],[86.482185,47.089254],[86.483469,47.089942],[86.484009,47.090736],[86.484908,47.090989],[86.486002,47.091116],[86.487330,47.090968],[86.490066,47.090262],[86.491356,47.090330],[86.492355,47.090182],[86.492711,47.089806],[86.492820,47.088628],[86.492569,47.087971],[86.491323,47.087126],[86.490381,47.086608],[86.489896,47.085824],[86.489590,47.085575],[86.489608,47.085030],[86.489437,47.083920],[86.488809,47.083224],[86.488065,47.082172],[86.488016,47.081693],[86.488178,47.081076],[86.489034,47.080038],[86.489207,47.078534],[86.489585,47.077568],[86.489863,47.077125],[86.490681,47.076196],[86.490762,47.075784],[86.490766,47.074427],[86.491227,47.072653],[86.493071,47.069217],[86.493527,47.068741],[86.494356,47.068391],[86.495520,47.067748],[86.496775,47.066500],[86.496579,47.066062],[86.496337,47.065770],[86.495438,47.065082],[86.493697,47.064249],[86.496571,47.063373],[86.498997,47.062951],[86.499901,47.062559],[86.502287,47.061757],[86.503994,47.061434],[86.505357,47.061344],[86.510078,47.061442],[86.517624,47.061319],[86.523773,47.060532],[86.526299,47.059855],[86.528652,47.059524],[86.529776,47.059041],[86.531778,47.058468],[86.534674,47.057311],[86.536710,47.056950],[86.539787,47.056090],[86.542623,47.054892],[86.546264,47.052668],[86.548694,47.051402],[86.550025,47.051112],[86.551597,47.051006],[86.554338,47.051145],[86.557431,47.051528],[86.561966,47.052533],[86.566214,47.053862],[86.567989,47.053704],[86.573795,47.052261],[86.577584,47.051947],[86.581133,47.051957],[86.587874,47.052706],[86.605276,47.055117],[86.614158,47.056609],[86.620796,47.057446],[86.631347,47.059193],[86.698637,47.069410],[86.701333,47.069117],[86.703975,47.068706],[86.704938,47.068681],[86.706024,47.068793],[86.708749,47.069470],[86.712501,47.071052],[86.715104,47.071937],[86.718225,47.072569],[86.724862,47.073238],[86.734004,47.073090],[86.737994,47.073263],[86.741297,47.073841],[86.745453,47.074784],[86.748570,47.075126],[86.750660,47.075511],[86.755247,47.076696],[86.757857,47.076978],[86.760645,47.077625],[86.777779,47.078175],[86.794166,47.079686],[86.798424,47.080025],[86.800341,47.080094],[86.802952,47.080446],[86.804271,47.080688],[86.804243,47.081177],[86.804595,47.082003],[86.806802,47.085416],[86.860946,47.093415],[86.898166,47.098824],[86.937766,47.104746],[86.978544,47.110689],[87.035189,47.119005],[87.037432,47.118878],[87.040668,47.118692],[87.040310,47.117072],[87.038985,47.097954],[87.037078,47.077873],[87.033360,47.031778],[87.031446,47.011929],[87.030686,47.001641],[87.029744,46.985673],[87.029262,46.972308],[87.029617,46.970851],[87.033538,46.967377],[87.035911,46.964872],[87.041491,46.961564],[87.045882,46.957523],[87.050743,46.951376],[87.051929,46.950082],[87.054301,46.948628],[87.056909,46.946364],[87.058569,46.945394],[87.062837,46.943942],[87.064377,46.942648],[87.065913,46.938114],[87.066503,46.935199],[87.067448,46.933499],[87.068395,46.932528],[87.077511,46.927026],[87.087211,46.920953],[87.096430,46.915037],[87.121568,46.899942],[87.183234,46.862184],[87.203685,46.849561],[87.203794,46.847050],[87.202677,46.800239],[87.202065,46.762416],[87.201580,46.726621],[87.201680,46.715726],[87.195381,46.708123],[87.181886,46.691828],[87.142245,46.639671],[87.096192,46.579741],[87.037192,46.503534],[87.037033,46.499623],[87.039142,46.496043],[87.081150,46.427598],[87.129581,46.348127],[87.171845,46.275389],[87.199764,46.228911],[87.234479,46.170765],[87.262241,46.125049],[87.300745,46.060484],[87.336082,46.005118],[87.336353,46.004268],[87.336580,46.003556],[87.337415,45.999996],[87.338260,45.996435],[87.338730,45.994423],[87.339278,45.990836],[87.339809,45.987245],[87.339870,45.986885],[87.340497,45.983302],[87.340984,45.980487],[87.341054,45.976878],[87.341123,45.973268],[87.341132,45.972934],[87.341201,45.969324],[87.341271,45.965710],[87.341271,45.965606],[87.340435,45.962047],[87.339607,45.958483],[87.339450,45.957802],[87.339433,45.954192],[87.339424,45.950582],[87.339406,45.946972],[87.339389,45.943362],[87.339371,45.939753],[87.339362,45.936143],[87.339344,45.932533],[87.339327,45.928919],[87.339309,45.925310],[87.339300,45.921704],[87.339283,45.918089],[87.339274,45.914480],[87.339256,45.910874],[87.339238,45.907256],[87.339229,45.903646],[87.339212,45.900040],[87.339194,45.896426],[87.339177,45.892817],[87.339168,45.889207],[87.339150,45.885592],[87.339132,45.881982],[87.339115,45.878373],[87.339106,45.874758],[87.339088,45.871153],[87.339079,45.867539],[87.339062,45.863925],[87.339044,45.860320],[87.339035,45.856705],[87.339017,45.853091],[87.339000,45.849485],[87.338982,45.845871],[87.338973,45.842262],[87.338956,45.838647],[87.338938,45.835037],[87.338920,45.831423],[87.338911,45.827814],[87.338902,45.824203],[87.338885,45.820589],[87.338867,45.816979],[87.338850,45.813365],[87.338841,45.809755],[87.338823,45.806140],[87.338805,45.802530],[87.338788,45.798920],[87.338779,45.795302],[87.338761,45.791696],[87.338743,45.788082],[87.338735,45.784469],[87.338717,45.780859],[87.338708,45.777243],[87.338690,45.773633],[87.338674,45.770019],[87.338656,45.766409],[87.338646,45.762796],[87.338630,45.759181],[87.338611,45.755570],[87.338593,45.751961],[87.338585,45.748347],[87.338567,45.744727],[87.338558,45.741117],[87.338541,45.737507],[87.338531,45.733888],[87.338515,45.730279],[87.338496,45.726669],[87.338478,45.723054],[87.338461,45.719440],[87.338452,45.715826],[87.338435,45.712215],[87.338416,45.708601],[87.338408,45.704986],[87.338391,45.701376],[87.338381,45.697762],[87.338363,45.694147],[87.338346,45.690532],[87.338337,45.686918],[87.338319,45.683308],[87.338302,45.679689],[87.338285,45.676078],[87.338275,45.672464],[87.338257,45.668854],[87.338248,45.665235],[87.338231,45.661625],[87.338213,45.658009],[87.338204,45.654396],[87.338187,45.650780],[87.338169,45.647166],[87.338151,45.643551],[87.338142,45.639941],[87.338126,45.636322],[87.338107,45.632708],[87.338089,45.629093],[87.338082,45.625478],[87.338073,45.621864],[87.338054,45.618248],[87.338037,45.614634],[87.338020,45.611023],[87.338011,45.607409],[87.337993,45.603790],[87.337976,45.600175],[87.337958,45.596560],[87.337949,45.592945],[87.337940,45.589331],[87.337922,45.585716],[87.337905,45.582101],[87.337887,45.578486],[87.337878,45.574871],[87.337861,45.571255],[87.337843,45.567636],[87.337825,45.564022],[87.337815,45.560411],[87.337807,45.556792],[87.337789,45.553177],[87.337772,45.549562],[87.337754,45.545947],[87.337745,45.542332],[87.337728,45.538713],[87.337710,45.535098],[87.337693,45.531483],[87.337684,45.527868],[87.337665,45.524253],[87.337649,45.520633],[87.337640,45.517018],[87.337631,45.513399],[87.337613,45.509788],[87.337595,45.506169],[87.337578,45.502553],[87.337569,45.498934],[87.337551,45.495319],[87.337534,45.491704],[87.337516,45.488088],[87.337507,45.484473],[87.337498,45.480854],[87.337481,45.477234],[87.337463,45.473619],[87.337445,45.470004],[87.337436,45.466388],[87.337419,45.462769],[87.337401,45.459149],[87.337383,45.455534],[87.337375,45.451914],[87.337366,45.448303],[87.337348,45.444684],[87.337330,45.441064],[87.337313,45.437449],[87.337304,45.433829],[87.337286,45.430213],[87.337269,45.426598],[87.337251,45.422978],[87.337242,45.419359],[87.337233,45.415743],[87.337215,45.412123],[87.337194,45.408506],[87.337177,45.404886],[87.337168,45.401271],[87.337150,45.397651],[87.337132,45.394031],[87.337115,45.390415],[87.337106,45.386795],[87.337097,45.383180],[87.337079,45.379564],[87.337062,45.375944],[87.337053,45.372325],[87.337035,45.368705],[87.337017,45.365085],[87.337000,45.361469],[87.336982,45.357849],[87.336973,45.354233],[87.336956,45.350613],[87.336947,45.346993],[87.336929,45.343373],[87.336920,45.339758],[87.336902,45.336138],[87.336885,45.332518],[87.336876,45.330604],[87.004095,45.331205],[86.980641,45.331265],[86.957290,45.331325],[86.942199,45.331364],[86.913536,45.331437],[86.781294,45.331777],[86.750468,45.331855],[86.703771,45.331976],[86.627885,45.332169],[86.613977,45.332205],[86.583257,45.332284],[86.558517,45.332347],[86.487103,45.332530],[86.458624,45.332484],[86.431847,45.332440],[86.398869,45.332386],[86.374149,45.332346],[86.316504,45.332252],[85.666864,45.331195],[85.667177,45.327580],[85.667498,45.323969],[85.667594,45.322962],[85.667046,45.319363],[85.666612,45.316519],[85.667308,45.312935],[85.667907,45.309906],[85.668429,45.306313],[85.668891,45.303063],[85.669239,45.299448],[85.669568,45.295976],[85.669517,45.292356],[85.669490,45.290932],[85.669855,45.287321],[85.670133,45.284531],[85.670490,45.280920],[85.670768,45.278134],[85.670742,45.274514],[85.670716,45.270893],[85.670690,45.267273],[85.670655,45.263657],[85.670637,45.260033],[85.670602,45.256417],[85.670576,45.252792],[85.670549,45.249172],[85.670524,45.245552],[85.670498,45.241936],[85.670463,45.238311],[85.670435,45.234695],[85.670409,45.231075],[85.670383,45.227454],[85.670357,45.223834],[85.670330,45.220214],[85.670305,45.216589],[85.670270,45.212969],[85.670251,45.209348],[85.670216,45.205728],[85.670190,45.202108],[85.670164,45.198487],[85.670138,45.194867],[85.670111,45.191247],[85.670076,45.187626],[85.670059,45.184006],[85.670024,45.180385],[85.669998,45.176765],[85.669972,45.173140],[85.669945,45.169520],[85.669919,45.165899],[85.669892,45.162279],[85.669866,45.158658],[85.669832,45.155034],[85.669814,45.151418],[85.669779,45.147793],[85.669752,45.144172],[85.669726,45.140552],[85.669700,45.136927],[85.669674,45.133307],[85.669639,45.129686],[85.669622,45.126066],[85.669587,45.122445],[85.669561,45.118825],[85.669533,45.115200],[85.669507,45.111575],[85.669481,45.107955],[85.669446,45.104334],[85.669428,45.100709],[85.669393,45.097089],[85.669367,45.093468],[85.669341,45.089848],[85.669315,45.086223],[85.669288,45.082602],[85.669253,45.078977],[85.669236,45.075357],[85.669201,45.071736],[85.669183,45.068112],[85.669148,45.064491],[85.669122,45.060866],[85.669096,45.057246],[85.669061,45.053621],[85.669043,45.050000],[85.669008,45.046380],[85.668991,45.042755],[85.668956,45.039135],[85.668938,45.035514],[85.668903,45.031889],[85.668868,45.028269],[85.668850,45.024644],[85.668815,45.021023],[85.668798,45.017398],[85.668763,45.013774],[85.668745,45.010153],[85.668710,45.006528],[85.668684,45.002903],[85.668658,44.999279],[85.668632,44.995658],[85.668605,44.992033],[85.668597,44.990683],[85.668539,44.988276],[85.668849,44.977649],[85.668785,44.965701],[85.668921,44.919290],[85.781482,44.922903],[85.787607,44.921783],[85.790818,44.920913],[85.796430,44.919155],[85.803563,44.915649],[85.805077,44.914904],[85.808653,44.912424],[85.811331,44.910180],[85.814890,44.906337],[85.816552,44.903930],[85.817944,44.902219],[85.820848,44.899278],[85.822978,44.896785],[85.825660,44.894266],[85.829154,44.891393],[85.832706,44.889018],[85.838794,44.885460],[85.841974,44.883812],[85.849922,44.879339],[85.852548,44.877734],[85.860929,44.871966],[85.866235,44.867637],[85.868414,44.865960],[85.871018,44.862612],[85.874138,44.858048],[85.877998,44.852829],[85.878433,44.852068],[85.879248,44.849717],[85.880661,44.846390],[85.883444,44.841244],[85.884878,44.838331],[85.885604,44.836362],[85.886021,44.834784],[85.886117,44.834004],[85.886083,44.831590],[85.886364,44.828966],[85.886348,44.827570],[85.886781,44.825433],[85.886793,44.823153],[85.889759,44.816164],[85.891397,44.813170],[85.893995,44.810512],[85.896836,44.807224],[85.898559,44.805906],[85.901528,44.803194],[85.920417,44.790229],[85.930172,44.780044],[85.935936,44.773909],[85.937981,44.769387],[85.942116,44.759632],[85.938706,44.757750],[85.928505,44.750743],[85.917003,44.743653],[85.909953,44.738961],[85.906931,44.737497],[85.906132,44.737110],[85.907818,44.735635],[85.911629,44.734123],[85.911944,44.733644],[85.912160,44.729122],[85.912445,44.726102],[85.911459,44.725184],[85.911903,44.725014],[85.912853,44.724651],[85.913309,44.724386],[85.913572,44.724096],[85.913556,44.723671],[85.913283,44.723186],[85.912826,44.722665],[85.912757,44.722068],[85.912931,44.721875],[85.913970,44.721747],[85.914542,44.722149],[85.915145,44.723050],[85.915509,44.723845],[85.916229,44.724048],[85.916918,44.723796],[85.916973,44.723040],[85.917384,44.722591],[85.918641,44.721662],[85.919648,44.720330],[85.920643,44.719640],[85.921668,44.719077],[85.922014,44.718690],[85.921994,44.718082],[85.921703,44.717230],[85.919645,44.716199],[85.918204,44.715737],[85.916757,44.715630],[85.915337,44.715800],[85.914347,44.716237],[85.914172,44.717004],[85.913725,44.717631],[85.912702,44.718103],[85.911797,44.718346],[85.910815,44.718336],[85.909468,44.718105],[85.907574,44.717289],[85.907478,44.716938],[85.907712,44.716447],[85.908575,44.715939],[85.910454,44.715258],[85.912121,44.714792],[85.913111,44.714343],[85.913784,44.712778],[85.913308,44.710707],[85.911613,44.708407],[85.911711,44.707444],[85.912026,44.706535],[85.912265,44.706216],[85.912568,44.705932],[85.913011,44.705795],[85.913896,44.705521],[85.914787,44.705633],[85.915058,44.705848],[85.915227,44.706263],[85.915232,44.706779],[85.914785,44.707044],[85.913608,44.707124],[85.912985,44.707319],[85.912809,44.707707],[85.912846,44.708287],[85.913073,44.708639],[85.913382,44.708901],[85.914021,44.709165],[85.914891,44.709099],[85.915367,44.708634],[85.916608,44.706351],[85.917016,44.706068],[85.917420,44.705981],[85.918039,44.706033],[85.918338,44.706408],[85.918146,44.707162],[85.918245,44.708450],[85.918955,44.709594],[85.919325,44.710005],[85.919644,44.710192],[85.919941,44.710212],[85.920892,44.709292],[85.922577,44.708340],[85.923695,44.707502],[85.923902,44.706804],[85.923764,44.706407],[85.921481,44.705322],[85.921141,44.705032],[85.921148,44.704665],[85.921502,44.704244],[85.923213,44.703550],[85.924133,44.703467],[85.924945,44.703522],[85.925804,44.704093],[85.926355,44.705218],[85.927193,44.706075],[85.928040,44.706429],[85.928942,44.706438],[85.930145,44.705843],[85.930631,44.704815],[85.930643,44.704172],[85.930274,44.703193],[85.929355,44.702403],[85.928300,44.701933],[85.926231,44.701612],[85.925852,44.701428],[85.925356,44.700804],[85.925285,44.700435],[85.925451,44.699247],[85.925356,44.698305],[85.924384,44.695856],[85.923944,44.695433],[85.922732,44.695208],[85.921683,44.695352],[85.920581,44.695341],[85.920053,44.695152],[85.919341,44.694491],[85.919248,44.693928],[85.919471,44.693098],[85.920248,44.692469],[85.921084,44.692064],[85.922042,44.692046],[85.922760,44.692420],[85.926976,44.695166],[85.927572,44.696022],[85.928337,44.696437],[85.929164,44.696601],[85.930059,44.696530],[85.931509,44.695944],[85.933006,44.694817],[85.934411,44.692887],[85.934898,44.691831],[85.935775,44.690566],[85.935805,44.689821],[85.935046,44.688724],[85.934947,44.688197],[85.935062,44.686768],[85.934980,44.686361],[85.935405,44.686127],[85.937734,44.686095],[85.938439,44.685844],[85.938785,44.685452],[85.939236,44.684149],[85.939474,44.683928],[85.940057,44.683722],[85.943892,44.683747],[85.945115,44.683445],[85.946258,44.682648],[85.947195,44.681643],[85.947521,44.681010],[85.946915,44.680653],[85.945804,44.680463],[85.940907,44.680449],[85.938020,44.680573],[85.936791,44.679946],[85.935726,44.678849],[85.936028,44.677631],[85.936647,44.676398],[85.936819,44.675368],[85.937426,44.674795],[85.938311,44.674408],[85.939818,44.674350],[85.940851,44.676456],[85.941804,44.677636],[85.942315,44.677917],[85.942933,44.678027],[85.943661,44.677886],[85.943982,44.677511],[85.944230,44.676739],[85.943977,44.674688],[85.943995,44.673713],[85.943441,44.673156],[85.943048,44.673030],[85.941529,44.672854],[85.940754,44.672496],[85.940195,44.671882],[85.939065,44.671325],[85.936134,44.671072],[85.934460,44.670667],[85.932802,44.669406],[85.932748,44.668843],[85.933033,44.668118],[85.934869,44.667428],[85.936615,44.667401],[85.937089,44.667618],[85.937230,44.669140],[85.937424,44.669824],[85.938063,44.670264],[85.938745,44.670465],[85.939496,44.670399],[85.940389,44.669853],[85.940975,44.668757],[85.941037,44.667152],[85.941184,44.666155],[85.941717,44.665185],[85.942841,44.664498],[85.944006,44.663984],[85.946328,44.663693],[85.949480,44.663458],[85.949850,44.663141],[85.949951,44.662787],[85.949781,44.662165],[85.949682,44.661802],[85.950183,44.661303],[85.952189,44.659989],[85.954424,44.658987],[85.956924,44.658906],[85.959411,44.658206],[85.960068,44.657060],[85.960554,44.655184],[85.960282,44.653695],[85.959929,44.653157],[85.959587,44.652913],[85.958778,44.653035],[85.958203,44.653330],[85.956834,44.654505],[85.956297,44.654757],[85.955886,44.654752],[85.955048,44.654284],[85.954436,44.653806],[85.954151,44.653120],[85.955092,44.646516],[85.954905,44.645240],[85.954453,44.644386],[85.954777,44.643380],[85.955550,44.641724],[85.955122,44.639550],[85.955604,44.638566],[85.958274,44.637822],[85.960317,44.637477],[85.960233,44.637047],[85.960447,44.636864],[85.961177,44.636619],[85.961863,44.636192],[85.962507,44.635825],[85.962636,44.635673],[85.962936,44.635367],[85.963280,44.635154],[85.963623,44.634970],[85.964395,44.634909],[85.965211,44.634665],[85.965812,44.634085],[85.966198,44.633627],[85.966498,44.633230],[85.966627,44.632955],[85.966584,44.632405],[85.966284,44.631977],[85.966026,44.631916],[85.965468,44.631916],[85.964910,44.632008],[85.964524,44.632130],[85.964310,44.632558],[85.963966,44.633168],[85.963065,44.633565],[85.962421,44.633962],[85.961735,44.634634],[85.961005,44.634818],[85.960447,44.634848],[85.959932,44.634665],[85.959675,44.634390],[85.959632,44.634237],[85.960276,44.633474],[85.961005,44.633138],[85.961477,44.632894],[85.961949,44.632558],[85.962293,44.632130],[85.962722,44.631672],[85.962808,44.631214],[85.962808,44.630664],[85.962808,44.630206],[85.962850,44.629504],[85.962979,44.629107],[85.963280,44.629046],[85.963323,44.628740],[85.963108,44.628557],[85.962335,44.628557],[85.961477,44.628679],[85.961263,44.628801],[85.960791,44.629107],[85.960276,44.629381],[85.959803,44.629809],[85.959074,44.630053],[85.958473,44.630084],[85.957701,44.629748],[85.956971,44.629259],[85.956489,44.628974],[85.956585,44.628861],[85.956585,44.628617],[85.956370,44.628189],[85.956198,44.627548],[85.955555,44.627212],[85.954997,44.626907],[85.954139,44.626449],[85.953280,44.626296],[85.952250,44.626052],[85.951607,44.625654],[85.950662,44.625074],[85.950276,44.624738],[85.950104,44.624402],[85.950062,44.623944],[85.949976,44.623425],[85.949976,44.623150],[85.949933,44.622753],[85.949976,44.622417],[85.950534,44.622142],[85.951392,44.621867],[85.952422,44.621775],[85.953237,44.621775],[85.953967,44.621775],[85.955555,44.621775],[85.956413,44.621897],[85.957143,44.622233],[85.957915,44.622692],[85.958688,44.622722],[85.959374,44.622661],[85.959846,44.622478],[85.960061,44.622356],[85.960404,44.621989],[85.960576,44.621775],[85.961177,44.621287],[85.960919,44.620737],[85.960490,44.620401],[85.959760,44.620126],[85.959073,44.618904],[85.959287,44.618751],[85.959717,44.618354],[85.960317,44.618232],[85.960961,44.617987],[85.961390,44.617865],[85.961734,44.617651],[85.961819,44.617285],[85.961648,44.616552],[85.961562,44.615880],[85.960747,44.615696],[85.959802,44.615482],[85.959159,44.615299],[85.958730,44.615055],[85.958386,44.614841],[85.958129,44.614505],[85.958215,44.613955],[85.958730,44.613558],[85.958858,44.613497],[85.959545,44.613008],[85.959888,44.612702],[85.960189,44.612275],[85.960446,44.611878],[85.960446,44.611755],[85.960575,44.611511],[85.960747,44.611083],[85.960875,44.610778],[85.961004,44.610442],[85.961176,44.610014],[85.961262,44.609831],[85.961562,44.609403],[85.961862,44.609250],[85.961991,44.609067],[85.962077,44.608731],[85.962077,44.608303],[85.962077,44.607753],[85.962077,44.607386],[85.961862,44.606928],[85.961433,44.606409],[85.961047,44.606134],[85.961090,44.605920],[85.961390,44.605767],[85.961304,44.605462],[85.961090,44.605125],[85.960532,44.605125],[85.959888,44.605125],[85.959202,44.605156],[85.958815,44.605187],[85.958000,44.605339],[85.957399,44.605614],[85.956755,44.606256],[85.956326,44.606684],[85.956069,44.607142],[85.955597,44.607631],[85.954781,44.608120],[85.953794,44.608486],[85.952850,44.608456],[85.952292,44.608456],[85.951606,44.608150],[85.950318,44.607784],[85.950104,44.607448],[85.949288,44.606684],[85.949159,44.606042],[85.949159,44.605370],[85.949073,44.604604],[85.949073,44.604085],[85.949073,44.603596],[85.949073,44.603077],[85.949116,44.602832],[85.949416,44.602404],[85.949760,44.602038],[85.950704,44.601977],[85.951262,44.601977],[85.951562,44.602007],[85.951863,44.602099],[85.952292,44.602252],[85.952635,44.602618],[85.953322,44.603077],[85.954051,44.603596],[85.955124,44.603627],[85.955854,44.603290],[85.955854,44.603107],[85.955854,44.602679],[85.955639,44.602190],[85.955639,44.601946],[85.955296,44.601702],[85.954781,44.601610],[85.954180,44.601365],[85.953665,44.600846],[85.953150,44.600388],[85.953193,44.599868],[85.953193,44.599593],[85.953193,44.598951],[85.953279,44.598524],[85.953751,44.598432],[85.953665,44.598126],[85.954094,44.598126],[85.954867,44.598126],[85.955725,44.598524],[85.956326,44.598890],[85.956798,44.599196],[85.956841,44.599563],[85.956927,44.599654],[85.957013,44.599746],[85.957270,44.600174],[85.958300,44.600479],[85.958772,44.600877],[85.959330,44.601121],[85.959845,44.601213],[85.960317,44.601213],[85.960660,44.600968],[85.961218,44.600540],[85.961604,44.600327],[85.961948,44.599990],[85.961991,44.599838],[85.961991,44.599410],[85.961948,44.598951],[85.962463,44.598401],[85.962463,44.598096],[85.962463,44.597699],[85.962291,44.597393],[85.961991,44.596996],[85.961733,44.596782],[85.961218,44.596599],[85.960360,44.597026],[85.959630,44.597179],[85.958901,44.597424],[85.957485,44.597393],[85.956583,44.596996],[85.955897,44.596415],[85.955596,44.595682],[85.955639,44.595346],[85.955682,44.594796],[85.955768,44.594368],[85.955940,44.593848],[85.956068,44.593390],[85.956240,44.592870],[85.956283,44.592442],[85.956326,44.591801],[85.956927,44.591312],[85.957270,44.590975],[85.958085,44.590762],[85.959373,44.590853],[85.960274,44.590853],[85.961004,44.590823],[85.961819,44.590517],[85.962291,44.590089],[85.962420,44.589447],[85.962291,44.588714],[85.961390,44.588194],[85.960403,44.588164],[85.959201,44.588164],[85.958343,44.588164],[85.957399,44.588194],[85.956970,44.588255],[85.956111,44.588469],[85.955167,44.588683],[85.954094,44.588500],[85.953322,44.588500],[85.952676,44.588227],[85.952247,44.587830],[85.951774,44.587463],[85.951217,44.587096],[85.950744,44.586852],[85.950401,44.586393],[85.950144,44.585538],[85.949457,44.584987],[85.949071,44.584712],[85.948427,44.584529],[85.947526,44.584284],[85.947054,44.584193],[85.945895,44.583459],[85.944908,44.583001],[85.944436,44.582817],[85.943964,44.582542],[85.943621,44.582236],[85.943363,44.581931],[85.943363,44.581900],[85.942806,44.581440],[85.942076,44.581073],[85.941475,44.580920],[85.941304,44.580645],[85.941261,44.580156],[85.941089,44.579636],[85.941089,44.579086],[85.941475,44.578536],[85.941990,44.578444],[85.942462,44.578383],[85.943321,44.578383],[85.943878,44.578413],[85.945037,44.578811],[85.945981,44.579208],[85.947011,44.579911],[85.947955,44.580125],[85.948985,44.580125],[85.949758,44.580003],[85.950316,44.579606],[85.950359,44.579239],[85.950101,44.578933],[85.948942,44.578597],[85.948127,44.578475],[85.946889,44.578265],[85.946502,44.578081],[85.945773,44.577684],[85.945344,44.576981],[85.945258,44.576736],[85.945043,44.576461],[85.944829,44.576094],[85.944571,44.575727],[85.944357,44.575422],[85.944142,44.575208],[85.944013,44.574902],[85.943970,44.574688],[85.943327,44.573893],[85.942468,44.573312],[85.941953,44.573190],[85.941524,44.573007],[85.941095,44.572823],[85.940537,44.572579],[85.940322,44.572365],[85.940194,44.571998],[85.940194,44.571875],[85.940448,44.571567],[85.940835,44.571475],[85.941650,44.571323],[85.942508,44.571292],[85.943238,44.571139],[85.943581,44.570803],[85.943925,44.570405],[85.944697,44.570314],[85.945298,44.569886],[85.945512,44.569549],[85.945598,44.569121],[85.946328,44.569091],[85.946886,44.569091],[85.947143,44.569030],[85.947486,44.568877],[85.948388,44.568754],[85.948946,44.568754],[85.949461,44.568357],[85.949804,44.567837],[85.950405,44.567501],[85.951606,44.567379],[85.951993,44.567012],[85.951735,44.566492],[85.951349,44.566370],[85.950877,44.566217],[85.950920,44.565850],[85.950362,44.565269],[85.950362,44.565086],[85.950619,44.564810],[85.951006,44.564443],[85.950877,44.564291],[85.950448,44.564229],[85.950061,44.564168],[85.949203,44.564168],[85.949074,44.564138],[85.948388,44.563954],[85.947916,44.563985],[85.947658,44.563985],[85.947100,44.564015],[85.946499,44.564199],[85.946070,44.564015],[85.946070,44.563068],[85.946199,44.562487],[85.946199,44.562120],[85.946027,44.561936],[85.946285,44.561478],[85.946242,44.561080],[85.946199,44.560774],[85.946671,44.560438],[85.946886,44.560071],[85.946843,44.559765],[85.947615,44.559429],[85.947873,44.559001],[85.947830,44.558634],[85.945427,44.558450],[85.943967,44.558145],[85.943324,44.558114],[85.942508,44.558481],[85.941393,44.558878],[85.940878,44.558664],[85.940534,44.558664],[85.940534,44.558900],[85.940446,44.558878],[85.939075,44.558533],[85.932551,44.554311],[85.932465,44.553087],[85.931521,44.552904],[85.931521,44.552598],[85.931178,44.552598],[85.930577,44.551864],[85.926629,44.551558],[85.925856,44.551497],[85.926114,44.550335],[85.925599,44.549785],[85.924654,44.549295],[85.923882,44.548378],[85.923453,44.547277],[85.923367,44.546665],[85.923195,44.546053],[85.923195,44.545258],[85.922595,44.543362],[85.922595,44.542933],[85.922938,44.542566],[85.922595,44.542016],[85.923624,44.541588],[85.923539,44.541159],[85.921136,44.540425],[85.921222,44.539263],[85.920191,44.538590],[85.920191,44.538101],[85.919934,44.537795],[85.919934,44.537244],[85.919419,44.536938],[85.918732,44.535898],[85.918818,44.534797],[85.919505,44.534185],[85.919505,44.533573],[85.919848,44.531799],[85.920535,44.530148],[85.920879,44.528128],[85.920535,44.525864],[85.919760,44.524878],[85.918560,44.523356],[85.922939,44.508911],[85.916759,44.506219],[85.913669,44.509646],[85.907059,44.507438],[85.906150,44.507134],[85.903885,44.493547],[85.901224,44.491037],[85.898134,44.490792],[85.897104,44.483444],[85.895988,44.482587],[85.896589,44.481852],[85.896331,44.472788],[85.884058,44.462437],[85.884488,44.457842],[85.885604,44.456127],[85.892384,44.451961],[85.899164,44.451777],[85.901139,44.447917],[85.903027,44.446324],[85.905002,44.446262],[85.906289,44.446262],[85.907662,44.446507],[85.909121,44.447304],[85.910581,44.447610],[85.912040,44.447426],[85.912555,44.446875],[85.912297,44.446017],[85.912125,44.445159],[85.911439,44.443811],[85.912984,44.443750],[85.914958,44.443689],[85.915902,44.443137],[85.916675,44.442463],[85.916675,44.441850],[85.916160,44.441850],[85.914785,44.440747],[85.914443,44.439889],[85.913928,44.439338],[85.914529,44.438602],[85.913583,44.437439],[85.912811,44.437133],[85.911523,44.436397],[85.911351,44.435110],[85.911351,44.433946],[85.910922,44.432965],[85.908777,44.432046],[85.907918,44.431249],[85.908004,44.429839],[85.908605,44.429288],[85.908862,44.428308],[85.908433,44.427755],[85.908777,44.427142],[85.911008,44.426775],[85.912200,44.426513],[85.911694,44.420305],[85.911633,44.418637],[85.909721,44.419695],[85.907876,44.420218],[85.905558,44.420968],[85.899593,44.421137],[85.893242,44.421045],[85.893048,44.418133],[85.892834,44.415359],[85.892448,44.415251],[85.892147,44.414760],[85.891353,44.414516],[85.890881,44.414118],[85.890795,44.413872],[85.889980,44.413764],[85.889401,44.410101],[85.889208,44.408813],[85.889486,44.408384],[85.889465,44.407250],[85.889937,44.406468],[85.890109,44.406160],[85.887148,44.402681],[85.885538,44.401454],[85.887040,44.399431],[85.893949,44.397866],[85.894561,44.397292],[85.894303,44.397054],[85.895194,44.396250],[85.895430,44.395935],[85.896492,44.395360],[85.896847,44.395053],[85.897254,44.394823],[85.898648,44.392914],[85.900805,44.389891],[85.901073,44.389331],[85.900923,44.385450],[85.900869,44.383065],[85.900687,44.380871],[85.900913,44.380787],[85.901213,44.380848],[85.901813,44.381101],[85.902210,44.381339],[85.902629,44.381538],[85.903037,44.381584],[85.903412,44.381630],[85.904345,44.381937],[85.906643,44.382727],[85.909061,44.383669],[85.909091,44.382701],[85.908138,44.365723],[85.907885,44.361227],[85.907856,44.360704],[85.907322,44.354941],[85.905348,44.337542],[85.904866,44.333289],[85.904790,44.332618],[85.913792,44.328820],[85.918470,44.322706],[85.926113,44.319582],[85.932450,44.318095],[85.935470,44.317387],[85.931192,44.298281],[85.935385,44.297700],[85.943113,44.296629],[85.946737,44.311411],[85.954203,44.309632],[85.952610,44.294249],[85.955447,44.293538],[85.957940,44.290735],[85.959361,44.289277],[85.960150,44.288466],[85.960331,44.286116],[85.960014,44.285161],[85.960888,44.277256],[85.962271,44.264743],[85.962762,44.258983],[85.965474,44.258510],[85.965718,44.256035],[85.966107,44.252094],[85.966333,44.249807],[85.966426,44.249581],[85.967444,44.249332],[85.968486,44.248803],[85.970192,44.247447],[85.970843,44.246753],[85.971104,44.246047],[85.971156,44.245337],[85.971010,44.244606],[85.970666,44.243882],[85.969695,44.243548],[85.969399,44.243493],[85.969350,44.243483],[85.969341,44.243481],[85.966740,44.242992],[85.966370,44.243031],[85.966725,44.240965],[85.967410,44.240342],[85.967547,44.239817],[85.967440,44.238708],[85.968231,44.237496],[85.970034,44.235303],[85.969418,44.233682],[85.969485,44.232555],[85.970168,44.232135],[85.970747,44.231012],[85.972565,44.226674],[85.976131,44.216956],[85.976433,44.215936],[85.976695,44.214347],[85.976793,44.211509],[85.977047,44.210453],[85.978026,44.208730],[85.978466,44.207616],[85.978998,44.206879],[85.979515,44.205252],[85.979555,44.204642],[85.979210,44.203657],[85.979637,44.202837],[85.979327,44.201363],[85.978412,44.199617],[85.978434,44.198392],[85.978359,44.198110],[85.977199,44.196786],[85.977022,44.196417],[85.976956,44.195597],[85.977393,44.194783],[85.977547,44.194208],[85.977479,44.193530],[85.977024,44.193126],[85.975606,44.192347],[85.975072,44.191917],[85.974531,44.191309],[85.973856,44.190104],[85.973536,44.188800],[85.973489,44.187799],[85.973890,44.185043],[85.973960,44.183281],[85.974206,44.182871],[85.974933,44.182484],[85.975715,44.182408],[85.978984,44.182435],[85.979607,44.182321],[85.980178,44.182093],[85.980972,44.181572],[85.982042,44.180644],[85.982621,44.179935],[85.982969,44.179316],[85.983454,44.178004],[85.983792,44.175151],[85.984019,44.174391],[85.984600,44.173230],[85.985728,44.172075],[85.986214,44.171287],[85.986535,44.170282],[85.986553,44.169795],[85.986305,44.168619],[85.985581,44.167702],[85.985357,44.166921],[85.985615,44.164532],[85.986089,44.163236],[85.986049,44.162540],[85.985459,44.160070],[85.985493,44.159569],[85.985706,44.159236],[85.986762,44.158490],[85.986780,44.158364],[85.986468,44.158103],[85.985689,44.157830],[85.985709,44.157603],[85.985890,44.157330],[85.986430,44.157044],[85.987124,44.157107],[85.990362,44.156802],[85.991218,44.156421],[85.991900,44.156417],[85.992420,44.156483],[85.993416,44.156942],[85.995043,44.157230],[85.996864,44.157448],[85.998526,44.157424],[85.999532,44.156687],[86.000366,44.156508],[86.001463,44.156383],[86.002410,44.156126],[86.003826,44.156295],[86.005539,44.155087],[86.006827,44.155008],[86.008778,44.155358],[86.009906,44.155175],[86.012421,44.155066],[86.016577,44.154246],[86.018083,44.154160],[86.019259,44.154345],[86.019732,44.154693],[86.019841,44.155315],[86.019985,44.155628],[86.020266,44.155802],[86.021439,44.156190],[86.025078,44.156478],[86.026935,44.156135],[86.027913,44.156596],[86.028676,44.156763],[86.029141,44.156741],[86.030604,44.156433],[86.032281,44.156853],[86.032816,44.156836],[86.033893,44.156462],[86.035027,44.156193],[86.036455,44.156498],[86.037879,44.156171],[86.038591,44.156404],[86.039568,44.156524],[86.040442,44.156424],[86.041423,44.156660],[86.042016,44.156901],[86.042881,44.156893],[86.046134,44.156068],[86.050187,44.156303],[86.051296,44.156914],[86.052045,44.157197],[86.053257,44.157438],[86.054048,44.157445],[86.056399,44.156957],[86.058833,44.156648],[86.059751,44.156991],[86.060978,44.157649],[86.062350,44.158526],[86.063802,44.158420],[86.063900,44.158843],[86.064271,44.159372],[86.064853,44.159743],[86.065916,44.160232],[86.066673,44.160333],[86.067889,44.160298],[86.069542,44.160033],[86.070656,44.159631],[86.071360,44.158886],[86.074049,44.157353],[86.077231,44.156810],[86.078303,44.156717],[86.079622,44.156729],[86.081042,44.155840],[86.083606,44.155751],[86.085130,44.155933],[86.087734,44.155998],[86.088342,44.155801],[86.088883,44.155320],[86.089607,44.154503],[86.089939,44.153968],[86.089778,44.152714],[86.089596,44.152349],[86.088893,44.151423],[86.076788,44.143395],[86.074026,44.141361],[86.072938,44.140009],[86.072568,44.139386],[86.072581,44.138589],[86.072701,44.138100],[86.073245,44.137872],[86.073975,44.137906],[86.074827,44.138534],[86.078424,44.140603],[86.080140,44.141070],[86.081129,44.141144],[86.082057,44.140973],[86.082523,44.140748],[86.082838,44.140474],[86.082950,44.139996],[86.082221,44.138207],[86.077622,44.131812],[86.077460,44.131313],[86.077815,44.130294],[86.078490,44.129708],[86.079567,44.129430],[86.085156,44.128298],[86.094795,44.126348],[86.096184,44.125958],[86.095970,44.125664],[86.095436,44.124922],[86.094696,44.124179],[86.093956,44.123435],[86.093216,44.122681],[86.092483,44.121938],[86.091545,44.121184],[86.090605,44.120430],[86.089660,44.119819],[86.088720,44.119065],[86.087980,44.118321],[86.087049,44.117566],[86.086102,44.116956],[86.085362,44.116203],[86.084423,44.115448],[86.083690,44.114704],[86.083148,44.113962],[86.082407,44.113218],[86.081866,44.112475],[86.081331,44.111742],[86.081186,44.111021],[86.081041,44.110291],[86.080696,44.109560],[86.080353,44.108837],[86.080017,44.108106],[86.079277,44.107352],[86.078735,44.106619],[86.077994,44.105866],[86.077046,44.105254],[86.076115,44.104499],[86.075168,44.103888],[86.074228,44.103133],[86.073288,44.102378],[86.072341,44.101766],[86.071408,44.101011],[86.070453,44.100399],[86.069514,44.099788],[86.068558,44.099176],[86.067595,44.098852],[86.066640,44.098231],[86.066113,44.097893],[86.065693,44.097619],[86.064760,44.096863],[86.063797,44.096395],[86.062864,44.095640],[86.062123,44.094895],[86.061580,44.094152],[86.061045,44.093418],[86.060899,44.092688],[86.060792,44.092157],[86.060181,44.091461],[86.056584,44.087365],[86.053887,44.082511],[86.047794,44.074621],[86.042607,44.068116],[86.038036,44.062075],[86.035354,44.056768],[86.031347,44.052794],[86.026348,44.049948],[86.022027,44.046197],[86.015545,44.040119],[86.009664,44.035191],[86.003809,44.029353],[85.996969,44.024634],[85.991670,44.021318],[85.986366,44.018001],[85.981078,44.014685],[85.974545,44.010204],[85.971321,44.007185],[85.970547,44.006459],[85.967559,44.003613],[85.967407,44.003070],[85.967407,44.002320],[85.967674,44.001788],[85.968427,44.001161],[85.968840,44.000290],[85.968792,43.999612],[85.968500,43.999055],[85.967795,43.998641],[85.965487,43.998248],[85.964612,43.997738],[85.964175,43.996793],[85.963932,43.995921],[85.963568,43.995242],[85.962644,43.994489],[85.962365,43.993847],[85.962536,43.992782],[85.963021,43.991767],[85.963215,43.990896],[85.962875,43.990362],[85.962195,43.990095],[85.960738,43.989801],[85.958746,43.989602],[85.957532,43.988873],[85.956634,43.987443],[85.956634,43.986378],[85.957057,43.985423],[85.958030,43.984215],[85.958054,43.983489],[85.957738,43.982398],[85.957738,43.981043],[85.957641,43.980050],[85.955698,43.978351],[85.955383,43.977334],[85.955504,43.976366],[85.956672,43.974778],[85.957061,43.973888],[85.956886,43.972900],[85.956536,43.972086],[85.955526,43.971483],[85.954632,43.970784],[85.954399,43.969893],[85.954574,43.969157],[85.955322,43.968104],[85.955574,43.967504],[85.955419,43.967077],[85.954583,43.966572],[85.952835,43.965736],[85.951494,43.965229],[85.949766,43.964877],[85.949028,43.964624],[85.948950,43.964198],[85.949513,43.963405],[85.950484,43.962361],[85.951426,43.959739],[85.953641,43.958524],[85.955195,43.958081],[85.956011,43.957986],[85.957643,43.958552],[85.958323,43.958553],[85.959159,43.958226],[85.960072,43.957318],[85.960363,43.956389],[85.960470,43.953262],[85.961422,43.952082],[85.961850,43.951328],[85.961889,43.950554],[85.961539,43.949894],[85.959868,43.948690],[85.958915,43.947835],[85.958876,43.946712],[85.959284,43.945512],[85.959673,43.944777],[85.959751,43.943616],[85.960101,43.942958],[85.961144,43.942656],[85.962030,43.942581],[85.962668,43.942412],[85.963352,43.942011],[85.963803,43.941377],[85.964067,43.940448],[85.964253,43.939302],[85.964502,43.938822],[85.965046,43.938436],[85.966835,43.937790],[85.968949,43.937207],[85.969581,43.936935],[85.970288,43.936355],[85.970965,43.935422],[85.971120,43.934956],[85.971081,43.934272],[85.970804,43.933828],[85.970449,43.933258],[85.969707,43.932817],[85.968360,43.932658],[85.966174,43.931949],[85.965029,43.931720],[85.964080,43.931673],[85.962830,43.931767],[85.959417,43.932663],[85.957617,43.932786],[85.956272,43.932555],[85.955577,43.932368],[85.954877,43.932360],[85.954153,43.932642],[85.953216,43.933168],[85.952112,43.933480],[85.951512,43.933509],[85.949970,43.933168],[85.948950,43.933167],[85.946599,43.933164],[85.944226,43.933356],[85.940950,43.933813],[85.940225,43.933852],[85.938432,43.933617],[85.937834,43.933647],[85.935129,43.934194],[85.933851,43.934256],[85.931243,43.933972],[85.929349,43.933917],[85.925085,43.933989],[85.923856,43.934048],[85.921413,43.934374],[85.919719,43.934357],[85.919215,43.934262],[85.918689,43.934022],[85.918482,43.933841],[85.918491,43.933374],[85.919053,43.933151],[85.921080,43.932925],[85.922469,43.932397],[85.922983,43.932004],[85.923203,43.931584],[85.923305,43.931001],[85.923078,43.930550],[85.922734,43.930215],[85.922293,43.929961],[85.921718,43.929869],[85.920945,43.929909],[85.920244,43.930082],[85.918007,43.931449],[85.917432,43.931522],[85.916804,43.931327],[85.916563,43.931087],[85.916006,43.930219],[85.915675,43.929208],[85.915538,43.929033],[85.915232,43.928916],[85.914634,43.928910],[85.914133,43.929049],[85.912168,43.930068],[85.911474,43.930138],[85.910819,43.930044],[85.909939,43.929619],[85.909217,43.929014],[85.907902,43.927142],[85.907277,43.926598],[85.906565,43.926168],[85.905594,43.925753],[85.905150,43.925657],[85.904164,43.925655],[85.903132,43.926027],[85.903027,43.926350],[85.903117,43.926891],[85.903496,43.927938],[85.903441,43.928225],[85.903007,43.928437],[85.902591,43.928433],[85.901851,43.928066],[85.900436,43.926469],[85.899356,43.925668],[85.897428,43.924930],[85.896438,43.924669],[85.895749,43.924231],[85.895478,43.923864],[85.895292,43.923408],[85.895230,43.922679],[85.894937,43.921959],[85.894125,43.921188],[85.892722,43.921109],[85.891024,43.921341],[85.889333,43.921437],[85.888588,43.921223],[85.887581,43.920631],[85.886894,43.920493],[85.883888,43.920578],[85.883463,43.920153],[85.882816,43.918860],[85.882282,43.918172],[85.881399,43.917516],[85.880598,43.917046],[85.879921,43.916860],[85.878663,43.916709],[85.877923,43.916444],[85.877529,43.916105],[85.877406,43.915718],[85.877412,43.914452],[85.877250,43.913414],[85.875404,43.911133],[85.875180,43.909871],[85.875229,43.909493],[85.874948,43.909249],[85.874418,43.909049],[85.870624,43.909004],[85.868284,43.909307],[85.867788,43.909268],[85.867396,43.908977],[85.867069,43.907859],[85.866484,43.906516],[85.865978,43.905862],[85.865327,43.905396],[85.864589,43.905030],[85.863502,43.904698],[85.862862,43.904405],[85.862421,43.904077],[85.861429,43.902714],[85.860937,43.902559],[85.859520,43.902578],[85.858727,43.902463],[85.858334,43.902244],[85.857966,43.901873],[85.857704,43.901447],[85.857446,43.900765],[85.856951,43.899932],[85.855859,43.898542],[85.854789,43.898041],[85.853259,43.897560],[85.852574,43.897051],[85.852187,43.896472],[85.851944,43.895772],[85.851615,43.895244],[85.851104,43.894777],[85.850195,43.894671],[85.849739,43.894725],[85.848931,43.894946],[85.848086,43.895502],[85.847536,43.895678],[85.846937,43.895770],[85.846242,43.895719],[85.844912,43.895332],[85.844608,43.895120],[85.844271,43.894537],[85.844154,43.893763],[85.843905,43.893464],[85.843476,43.893282],[85.841632,43.893148],[85.840099,43.892701],[85.839561,43.892337],[85.839251,43.892014],[85.838659,43.891023],[85.838047,43.890318],[85.837398,43.889903],[85.836538,43.889506],[85.836098,43.889178],[85.835662,43.888635],[85.835473,43.888130],[85.835499,43.886799],[85.835956,43.886227],[85.838058,43.885366],[85.838212,43.885032],[85.838123,43.884482],[85.837823,43.883953],[85.837367,43.883563],[85.836510,43.883209],[85.835282,43.882330],[85.834868,43.882158],[85.834498,43.882077],[85.832953,43.882103],[85.831743,43.881958],[85.831228,43.881798],[85.830761,43.881508],[85.830301,43.880999],[85.829514,43.878988],[85.829221,43.878582],[85.827995,43.877647],[85.827816,43.877332],[85.827865,43.875227],[85.827502,43.874405],[85.826988,43.873813],[85.825596,43.872720],[85.825164,43.872141],[85.825300,43.870494],[85.825108,43.869874],[85.825194,43.868840],[85.825230,43.867693],[85.825142,43.867485],[85.824834,43.867034],[85.823497,43.865975],[85.822441,43.865367],[85.821335,43.864913],[85.815721,43.862814],[85.814402,43.861796],[85.813227,43.859995],[85.811875,43.859276],[85.811709,43.858608],[85.811035,43.857718],[85.809787,43.856919],[85.809255,43.856404],[85.809138,43.855821],[85.809122,43.854737],[85.808939,43.853937],[85.809156,43.853520],[85.809604,43.853102],[85.809854,43.852568],[85.809754,43.852085],[85.809271,43.851469],[85.808656,43.850987],[85.807957,43.850638],[85.807458,43.850589],[85.802641,43.851088],[85.801744,43.850990],[85.801243,43.850607],[85.800927,43.849991],[85.800812,43.849207],[85.800412,43.848958],[85.799913,43.848958],[85.799381,43.849226],[85.798299,43.850128],[85.797649,43.850279],[85.796984,43.850197],[85.795653,43.849365],[85.794986,43.849216],[85.794787,43.848949],[85.794837,43.847465],[85.794970,43.847082],[85.796035,43.846297],[85.796219,43.846013],[85.796152,43.845663],[85.795686,43.845330],[85.793997,43.844474],[85.793364,43.843841],[85.792648,43.843475],[85.791866,43.843243],[85.791184,43.843177],[85.790151,43.842778],[85.788936,43.841963],[85.788004,43.841214],[85.786905,43.840282],[85.786297,43.839590],[85.786048,43.838374],[85.785998,43.837557],[85.786147,43.836706],[85.786414,43.836056],[85.786580,43.835122],[85.786613,43.833521],[85.786006,43.832963],[85.785689,43.832347],[85.785689,43.830963],[85.785556,43.829663],[85.785306,43.828863],[85.785181,43.825820],[85.784815,43.825287],[85.784282,43.824804],[85.784116,43.824388],[85.784199,43.824004],[85.784698,43.823603],[85.785864,43.822185],[85.786047,43.821634],[85.785997,43.821151],[85.785664,43.820885],[85.784232,43.820469],[85.783741,43.820078],[85.783341,43.819663],[85.783141,43.818978],[85.782875,43.818462],[85.782559,43.818212],[85.781843,43.817963],[85.780460,43.817764],[85.778812,43.817382],[85.777829,43.816850],[85.777230,43.816267],[85.777029,43.815783],[85.777179,43.815299],[85.777747,43.814683],[85.777995,43.814166],[85.777920,43.813557],[85.777372,43.813107],[85.777038,43.812690],[85.776871,43.812174],[85.776938,43.811708],[85.777288,43.811106],[85.777371,43.810624],[85.776822,43.808739],[85.776962,43.805947],[85.776797,43.805413],[85.775448,43.804381],[85.774747,43.804182],[85.774082,43.804182],[85.773699,43.804282],[85.772349,43.804851],[85.771749,43.804934],[85.771266,43.804801],[85.770566,43.804185],[85.770067,43.803435],[85.769733,43.802751],[85.769633,43.802251],[85.769983,43.801367],[85.769958,43.800192],[85.769658,43.797958],[85.768958,43.794774],[85.768300,43.793699],[85.767850,43.791232],[85.768017,43.790598],[85.768567,43.789697],[85.769250,43.788163],[85.769899,43.787779],[85.770708,43.786903],[85.771424,43.785586],[85.771890,43.785452],[85.773306,43.784801],[85.774273,43.784116],[85.775689,43.782648],[85.775872,43.782164],[85.776005,43.781314],[85.776388,43.780730],[85.776346,43.779988],[85.776613,43.779387],[85.777029,43.778820],[85.777745,43.776986],[85.777595,43.776652],[85.776946,43.775953],[85.776846,43.775602],[85.777237,43.772826],[85.777437,43.772126],[85.778103,43.771358],[85.778470,43.770674],[85.778370,43.770107],[85.777720,43.768841],[85.777504,43.767607],[85.777895,43.766731],[85.778012,43.765998],[85.779027,43.764363],[85.779144,43.763696],[85.778961,43.763146],[85.778111,43.761863],[85.777712,43.760929],[85.777328,43.760346],[85.776920,43.760238],[85.776321,43.760238],[85.774455,43.760657],[85.774039,43.760607],[85.773506,43.760107],[85.772873,43.759141],[85.772273,43.758524],[85.771490,43.758075],[85.770540,43.757692],[85.769857,43.757242],[85.768657,43.756209],[85.765716,43.755585],[85.764717,43.755252],[85.764383,43.754836],[85.764000,43.754069],[85.763950,43.753202],[85.764082,43.752051],[85.764049,43.751251],[85.763583,43.750601],[85.762917,43.750034],[85.760391,43.748376],[85.759591,43.747676],[85.759058,43.746942],[85.758874,43.746226],[85.759000,43.745266],[85.759383,43.744532],[85.759868,43.744032],[85.761701,43.743097],[85.761851,43.742781],[85.761735,43.742531],[85.759767,43.741998],[85.757900,43.741714],[85.756883,43.741765],[85.754476,43.742256],[85.753871,43.742190],[85.753288,43.741981],[85.753017,43.741606],[85.752912,43.741043],[85.753037,43.740272],[85.753433,43.739564],[85.754361,43.738636],[85.755153,43.737677],[85.755341,43.737156],[85.755361,43.736739],[85.754820,43.736010],[85.754382,43.735614],[85.753214,43.735093],[85.752047,43.734780],[85.751609,43.734405],[85.751630,43.733905],[85.752318,43.733009],[85.753902,43.731987],[85.754444,43.731404],[85.754486,43.730924],[85.754277,43.730362],[85.753631,43.729778],[85.752861,43.729236],[85.752235,43.729132],[85.751421,43.729236],[85.750254,43.729840],[85.749118,43.730601],[85.747679,43.731393],[85.746907,43.731476],[85.744301,43.731183],[85.740630,43.731724],[85.739128,43.731827],[85.738335,43.731535],[85.737918,43.731014],[85.738001,43.730451],[85.738700,43.729649],[85.740014,43.728462],[85.740369,43.727774],[85.739931,43.727169],[85.738241,43.725793],[85.738220,43.725001],[85.738095,43.724292],[85.737427,43.723416],[85.736906,43.722499],[85.736874,43.721092],[85.736561,43.720300],[85.736144,43.719779],[85.734496,43.718860],[85.733932,43.718318],[85.733181,43.716400],[85.733057,43.715608],[85.733349,43.715170],[85.733808,43.714879],[85.735143,43.714359],[85.736478,43.713422],[85.737324,43.712370],[85.737908,43.711120],[85.737866,43.710119],[85.737532,43.708472],[85.736479,43.704584],[85.736103,43.703835],[85.736103,43.702626],[85.735790,43.702084],[85.735039,43.701332],[85.733912,43.699373],[85.733432,43.697684],[85.733401,43.695944],[85.733693,43.694548],[85.733630,43.693609],[85.733359,43.693088],[85.732900,43.692713],[85.729498,43.690521],[85.727891,43.688832],[85.727171,43.687799],[85.726503,43.685777],[85.726169,43.684234],[85.725939,43.683734],[85.725125,43.683066],[85.723559,43.682022],[85.722370,43.681395],[85.721179,43.679852],[85.719749,43.678818],[85.719728,43.677234],[85.719978,43.676067],[85.720438,43.674880],[85.721921,43.673777],[85.722673,43.673006],[85.722777,43.672506],[85.721941,43.670921],[85.721796,43.669691],[85.721377,43.668503],[85.720355,43.667105],[85.719436,43.666145],[85.718768,43.665185],[85.718705,43.664664],[85.719269,43.663018],[85.719520,43.661434],[85.720626,43.659747],[85.720730,43.658809],[85.720501,43.656141],[85.720710,43.655349],[85.721179,43.654589],[85.721973,43.653882],[85.722056,43.653319],[85.721826,43.651380],[85.721659,43.650879],[85.720929,43.650378],[85.720532,43.649752],[85.720532,43.649128],[85.720908,43.648232],[85.721033,43.647627],[85.720814,43.647033],[85.720271,43.646533],[85.718642,43.645489],[85.717911,43.644571],[85.717514,43.643715],[85.717702,43.642506],[85.717577,43.641673],[85.717723,43.640838],[85.718099,43.640173],[85.719289,43.639194],[85.719634,43.638538],[85.719571,43.637788],[85.718987,43.637120],[85.718047,43.636348],[85.716293,43.634574],[85.715040,43.634092],[85.714268,43.633612],[85.713850,43.632799],[85.713391,43.632381],[85.712555,43.631984],[85.709776,43.631646],[85.708566,43.631353],[85.707594,43.630820],[85.707114,43.630194],[85.706925,43.629526],[85.706967,43.628797],[85.706779,43.626441],[85.706550,43.626066],[85.706424,43.624127],[85.706027,43.623522],[85.702799,43.621630],[85.701943,43.621337],[85.700543,43.621335],[85.699498,43.621062],[85.698600,43.620435],[85.697994,43.619683],[85.697325,43.619370],[85.693814,43.619364],[85.691526,43.620079],[85.690355,43.620285],[85.689101,43.620429],[85.688015,43.620447],[85.686280,43.620715],[85.683939,43.620231],[85.683040,43.620376],[85.682403,43.620739],[85.681901,43.621218],[85.681420,43.622009],[85.681023,43.622467],[85.679560,43.623110],[85.678891,43.623567],[85.677679,43.624149],[85.676571,43.624834],[85.675777,43.625021],[85.675108,43.624998],[85.673875,43.624746],[85.672328,43.624138],[85.671105,43.623834],[85.664939,43.622926],[85.664793,43.622675],[85.664875,43.622300],[85.665273,43.621697],[85.665357,43.621113],[85.665127,43.620654],[85.663936,43.619297],[85.662828,43.618711],[85.659954,43.617549],[85.659097,43.616943],[85.658073,43.616066],[85.657948,43.615190],[85.657550,43.614230],[85.656694,43.613291],[85.655293,43.612058],[85.654207,43.611619],[85.653621,43.611493],[85.651009,43.612113],[85.650048,43.611966],[85.649358,43.611610],[85.648794,43.610796],[85.648387,43.609326],[85.648533,43.608638],[85.648993,43.607993],[85.648700,43.606200],[85.647906,43.604427],[85.647216,43.603821],[85.641596,43.602374],[85.640259,43.601851],[85.639455,43.600922],[85.638828,43.599879],[85.637136,43.597875],[85.636008,43.597186],[85.634839,43.596601],[85.633836,43.595891],[85.631873,43.593532],[85.631403,43.592292],[85.630421,43.591331],[85.627791,43.589848],[85.623950,43.588448],[85.622509,43.587467],[85.621632,43.586736],[85.621131,43.585903],[85.621058,43.585142],[85.622332,43.580953],[85.622353,43.580119],[85.622102,43.579390],[85.621434,43.578889],[85.620933,43.578346],[85.620474,43.577177],[85.620244,43.576949],[85.619034,43.576719],[85.617928,43.576697],[85.616738,43.576800],[85.614850,43.577372],[85.613368,43.577662],[85.612846,43.577620],[85.612200,43.577391],[85.611553,43.576870],[85.611198,43.575994],[85.610468,43.573117],[85.610322,43.571762],[85.609842,43.571199],[85.608862,43.570844],[85.607735,43.570677],[85.606484,43.570614],[85.605775,43.570385],[85.603971,43.570124],[85.602344,43.570061],[85.600822,43.570249],[85.598946,43.571187],[85.598258,43.571374],[85.594839,43.571104],[85.593797,43.570896],[85.593047,43.570250],[85.592630,43.569541],[85.592567,43.567185],[85.592244,43.565924],[85.591744,43.565341],[85.590494,43.564299],[85.588035,43.561986],[85.586889,43.560673],[85.585358,43.558267],[85.584837,43.557225],[85.584171,43.556641],[85.582338,43.555892],[85.581838,43.555413],[85.581609,43.554830],[85.581692,43.554246],[85.581900,43.553724],[85.582379,43.553224],[85.582733,43.552431],[85.582839,43.551326],[85.583150,43.550680],[85.583587,43.549804],[85.584441,43.548699],[85.584421,43.548115],[85.584025,43.547531],[85.583337,43.546802],[85.583193,43.546177],[85.583193,43.545364],[85.583025,43.545030],[85.581919,43.544225],[85.581237,43.543141],[85.580686,43.542625],[85.579704,43.540524],[85.579604,43.539975],[85.579854,43.539590],[85.580237,43.539256],[85.580737,43.538472],[85.581803,43.537787],[85.582910,43.537411],[85.584278,43.537110],[85.587611,43.536475],[85.588861,43.536390],[85.589877,43.536207],[85.590261,43.535956],[85.590378,43.535655],[85.590278,43.535305],[85.589577,43.534505],[85.589361,43.534106],[85.589477,43.533822],[85.589911,43.533504],[85.590711,43.533187],[85.592061,43.532219],[85.593295,43.531885],[85.595229,43.531801],[85.596396,43.531651],[85.596842,43.531517],[85.597201,43.531185],[85.597487,43.530785],[85.595048,43.529555],[85.594025,43.529238],[85.592875,43.529008],[85.592273,43.529003],[85.590830,43.529167],[85.588552,43.529591],[85.587148,43.529938],[85.584196,43.531051],[85.583274,43.531213],[85.581615,43.531274],[85.579946,43.531219],[85.578735,43.530962],[85.577363,43.530426],[85.576575,43.530384],[85.575274,43.530502],[85.573415,43.530528],[85.571924,43.530425],[85.567771,43.530544],[85.565411,43.530492],[85.562378,43.530614],[85.559803,43.530910],[85.557749,43.530904],[85.555978,43.531198],[85.554324,43.531641],[85.552998,43.532252],[85.548934,43.533161],[85.547117,43.533789],[85.544427,43.534022],[85.542421,43.534325],[85.541235,43.534357],[85.539876,43.534071],[85.536677,43.533664],[85.534127,43.533181],[85.533125,43.532901],[85.532138,43.532863],[85.531018,43.533086],[85.529817,43.533509],[85.528490,43.534260],[85.524051,43.535684],[85.521262,43.535847],[85.519683,43.536188],[85.518686,43.536056],[85.518076,43.535694],[85.515823,43.534807],[85.514452,43.534166],[85.513157,43.533130],[85.511467,43.532168],[85.509832,43.530827],[85.509127,43.529890],[85.508995,43.529123],[85.506898,43.526141],[85.506381,43.524797],[85.506118,43.523733],[85.505765,43.523260],[85.505322,43.523022],[85.504086,43.522636],[85.502429,43.522758],[85.499033,43.524038],[85.496882,43.524748],[85.494982,43.525174],[85.494762,43.525101],[85.493663,43.523712],[85.492447,43.522560],[85.490260,43.520917],[85.489751,43.520324],[85.489424,43.519653],[85.489412,43.519157],[85.489899,43.518430],[85.489877,43.518172],[85.488932,43.516613],[85.488624,43.515106],[85.487653,43.512530],[85.487663,43.512116],[85.487795,43.511757],[85.487998,43.511534],[85.488799,43.511056],[85.489177,43.510699],[85.489613,43.510056],[85.489811,43.509058],[85.489746,43.508625],[85.489562,43.508119],[85.488561,43.506731],[85.488378,43.506171],[85.488330,43.504144],[85.486731,43.502975],[85.485785,43.502425],[85.484695,43.502059],[85.483309,43.500696],[85.483239,43.500262],[85.483775,43.499342],[85.483809,43.499007],[85.483764,43.498692],[85.483462,43.498324],[85.482637,43.497941],[85.481644,43.497773],[85.478201,43.497298],[85.475491,43.497154],[85.474270,43.497330],[85.472271,43.498279],[85.471199,43.498337],[85.469271,43.497451],[85.466583,43.496505],[85.464164,43.496162],[85.462741,43.496128],[85.460891,43.496293],[85.459391,43.496622],[85.459018,43.496441],[85.458308,43.495595],[85.457921,43.494642],[85.457838,43.493629],[85.457663,43.492844],[85.457241,43.491983],[85.456758,43.491565],[85.455556,43.491119],[85.454553,43.490891],[85.450610,43.490771],[85.449694,43.490169],[85.448047,43.488611],[85.447232,43.487112],[85.446584,43.484706],[85.446341,43.484097],[85.446032,43.483691],[85.444592,43.482890],[85.443196,43.481825],[85.442385,43.481324],[85.439401,43.480321],[85.437025,43.479756],[85.434808,43.479048],[85.434037,43.478898],[85.430711,43.478691],[85.428506,43.478773],[85.425022,43.479599],[85.422238,43.480377],[85.420944,43.480456],[85.419833,43.480345],[85.418955,43.480118],[85.417778,43.480170],[85.415212,43.480926],[85.414776,43.480985],[85.413772,43.480531],[85.412266,43.480241],[85.409063,43.480314],[85.407546,43.480633],[85.405798,43.480767],[85.403336,43.480220],[85.401916,43.480181],[85.399287,43.480321],[85.396608,43.480785],[85.394294,43.481070],[85.390713,43.481226],[85.389869,43.481391],[85.389312,43.481713],[85.388467,43.481907],[85.387190,43.481821],[85.386126,43.481572],[85.385314,43.481058],[85.383614,43.481038],[85.381382,43.481280],[85.377070,43.482022],[85.373685,43.482360],[85.370924,43.483165],[85.369635,43.484020],[85.367918,43.484763],[85.365603,43.484862],[85.363415,43.485160],[85.360650,43.485107],[85.359444,43.484777],[85.359255,43.484504],[85.359197,43.483302],[85.358023,43.482091],[85.357684,43.481902],[85.357342,43.481835],[85.356177,43.482061],[85.355059,43.482501],[85.353996,43.482686],[85.349348,43.483030],[85.348033,43.483230],[85.345097,43.484202],[85.339893,43.484460],[85.339392,43.484566],[85.338953,43.484803],[85.337781,43.485043],[85.335506,43.485119],[85.334361,43.485307],[85.332659,43.485787],[85.330513,43.486539],[85.328765,43.486608],[85.328297,43.486711],[85.326799,43.487409],[85.325130,43.488357],[85.324592,43.488798],[85.323716,43.490002],[85.323337,43.491070],[85.323216,43.492921],[85.323537,43.493644],[85.324067,43.494125],[85.324380,43.494564],[85.324599,43.495818],[85.324534,43.496444],[85.324603,43.497074],[85.325147,43.498518],[85.325189,43.498978],[85.325072,43.500115],[85.324392,43.501457],[85.324460,43.502039],[85.324342,43.502672],[85.323988,43.503353],[85.323436,43.503801],[85.323199,43.504205],[85.323094,43.504703],[85.323156,43.505229],[85.324182,43.507009],[85.324768,43.508680],[85.325177,43.510629],[85.325917,43.512287],[85.326164,43.513275],[85.326106,43.515106],[85.326185,43.515538],[85.326857,43.516757],[85.327432,43.517549],[85.327357,43.518228],[85.327055,43.518985],[85.326722,43.519364],[85.325961,43.519951],[85.324932,43.520556],[85.323454,43.521171],[85.323096,43.521402],[85.322310,43.522879],[85.321703,43.524386],[85.321339,43.524723],[85.320644,43.525343],[85.319060,43.526443],[85.317145,43.527464],[85.316382,43.528525],[85.315222,43.529173],[85.314477,43.529173],[85.313995,43.529079],[85.311142,43.528114],[85.306077,43.526871],[85.304915,43.526759],[85.303837,43.526868],[85.303076,43.526801],[85.300536,43.524979],[85.299222,43.523764],[85.296999,43.522310],[85.296657,43.521862],[85.296697,43.520454],[85.296444,43.519471],[85.296401,43.518502],[85.297068,43.516502],[85.297854,43.515032],[85.297962,43.513818],[85.297895,43.512936],[85.297616,43.512080],[85.297617,43.511608],[85.297354,43.510358],[85.297278,43.509439],[85.297285,43.509182],[85.297652,43.508630],[85.297757,43.508280],[85.297682,43.507922],[85.296873,43.507324],[85.296420,43.507146],[85.295656,43.506442],[85.293994,43.505431],[85.293200,43.505048],[85.291978,43.504639],[85.290668,43.503566],[85.287454,43.502453],[85.286812,43.502404],[85.286407,43.502514],[85.284644,43.503255],[85.283172,43.504089],[85.281108,43.505955],[85.280858,43.506282],[85.280447,43.506567],[85.277006,43.507171],[85.274526,43.507905],[85.273779,43.508043],[85.270421,43.509213],[85.269343,43.510096],[85.268353,43.511514],[85.267953,43.511793],[85.267516,43.511906],[85.266179,43.511960],[85.262251,43.511413],[85.260446,43.511601],[85.259552,43.511838],[85.258707,43.512229],[85.257958,43.512741],[85.257015,43.512639],[85.256393,43.512737],[85.255445,43.513032],[85.253864,43.513768],[85.253235,43.514212],[85.252716,43.514964],[85.252646,43.515248],[85.252656,43.517062],[85.252311,43.517582],[85.251907,43.518452],[85.251494,43.519890],[85.251457,43.520576],[85.251281,43.520851],[85.250718,43.521044],[85.248828,43.521219],[85.245941,43.521746],[85.244958,43.521634],[85.243531,43.521273],[85.242780,43.521182],[85.241829,43.520893],[85.241402,43.520653],[85.240961,43.520220],[85.240180,43.519171],[85.238365,43.517241],[85.237245,43.515560],[85.236733,43.515130],[85.235841,43.514961],[85.235109,43.514992],[85.234449,43.515181],[85.232849,43.515942],[85.229555,43.517102],[85.228818,43.517126],[85.228368,43.517049],[85.226868,43.516528],[85.225269,43.515788],[85.223387,43.515478],[85.221528,43.514804],[85.218231,43.513806],[85.217080,43.513251],[85.215178,43.511424],[85.214532,43.510245],[85.214270,43.509512],[85.213955,43.509343],[85.213120,43.509523],[85.212010,43.510071],[85.209966,43.510775],[85.209513,43.510804],[85.207429,43.510368],[85.205640,43.510626],[85.204228,43.510626],[85.203296,43.510470],[85.202442,43.510626],[85.202197,43.510745],[85.201813,43.511266],[85.201468,43.511459],[85.201023,43.511577],[85.200036,43.511612],[85.198834,43.512066],[85.196799,43.511962],[85.195573,43.512044],[85.193096,43.512632],[85.191007,43.512524],[85.189709,43.512779],[85.189400,43.512898],[85.189097,43.513500],[85.188948,43.514976],[85.188144,43.516274],[85.187968,43.516469],[85.187694,43.516565],[85.186002,43.516343],[85.185632,43.516214],[85.185211,43.515514],[85.184594,43.515146],[85.182556,43.515167],[85.181406,43.514977],[85.179600,43.515175],[85.178721,43.515063],[85.177410,43.514599],[85.175419,43.513617],[85.174239,43.513303],[85.171297,43.512099],[85.170982,43.511835],[85.170735,43.511447],[85.170504,43.510824],[85.170338,43.510894],[85.169631,43.511825],[85.168393,43.512971],[85.167596,43.513418],[85.165608,43.514009],[85.165300,43.514181],[85.164914,43.514674],[85.164881,43.515173],[85.166118,43.517381],[85.167940,43.519416],[85.167956,43.519807],[85.167659,43.520331],[85.167470,43.520972],[85.166755,43.522150],[85.166746,43.522447],[85.166971,43.522871],[85.167023,43.523392],[85.166914,43.523639],[85.162478,43.525965],[85.161783,43.526475],[85.161007,43.527430],[85.160868,43.528086],[85.160952,43.528680],[85.160904,43.529150],[85.160830,43.529348],[85.160444,43.529738],[85.160370,43.530493],[85.160936,43.532011],[85.159486,43.532940],[85.158309,43.533589],[85.157514,43.533919],[85.157237,43.534089],[85.157164,43.534261],[85.156803,43.535659],[85.156308,43.536860],[85.156222,43.537294],[85.156353,43.538535],[85.156250,43.544819],[85.156879,43.545896],[85.157035,43.546296],[85.157061,43.546654],[85.156950,43.546866],[85.156324,43.547328],[85.155000,43.547770],[85.154039,43.547978],[85.152063,43.548280],[85.149814,43.548459],[85.149103,43.548374],[85.146944,43.547822],[85.145995,43.547709],[85.142381,43.547684],[85.138255,43.547948],[85.136981,43.547798],[85.133477,43.547819],[85.127976,43.548069],[85.120679,43.549053],[85.119471,43.549303],[85.117447,43.550121],[85.116521,43.550354],[85.115483,43.550858],[85.114333,43.551731],[85.112827,43.552512],[85.111688,43.552989],[85.111104,43.553153],[85.108814,43.553413],[85.107986,43.553746],[85.106970,43.554671],[85.105926,43.555372],[85.105470,43.555572],[85.104460,43.555397],[85.101858,43.554710],[85.098111,43.553966],[85.096220,43.553837],[85.093159,43.553312],[85.092306,43.553322],[85.091484,43.553432],[85.090865,43.553620],[85.089792,43.554097],[85.087633,43.555426],[85.086185,43.556548],[85.085529,43.556784],[85.084266,43.556812],[85.082246,43.555959],[85.081535,43.555797],[85.078071,43.555902],[85.077319,43.556012],[85.076465,43.556432],[85.075885,43.556447],[85.075289,43.556342],[85.074397,43.556475],[85.072632,43.557235],[85.070913,43.558133],[85.067602,43.560252],[85.066013,43.560792],[85.065687,43.561381],[85.065668,43.563572],[85.065373,43.564260],[85.064345,43.564873],[85.062722,43.565412],[85.061714,43.565963],[85.061086,43.566348],[85.060699,43.566712],[85.060410,43.567177],[85.060336,43.567374],[85.060394,43.567672],[85.060688,43.568098],[85.060952,43.568401],[85.062059,43.569016],[85.062122,43.569191],[85.061944,43.569386],[85.061530,43.569527],[85.060289,43.569875],[85.059647,43.569912],[85.057817,43.568382],[85.056967,43.568044],[85.055580,43.567824],[85.055466,43.567671],[85.056239,43.563944],[85.056195,43.563470],[85.055949,43.562799],[85.055265,43.561926],[85.054745,43.561507],[85.053194,43.560844],[85.051844,43.559970],[85.050196,43.558557],[85.049602,43.557885],[85.048630,43.556369],[85.048049,43.555748],[85.046903,43.554852],[85.045000,43.552675],[85.042300,43.551277],[85.040617,43.550290],[85.039218,43.549282],[85.038090,43.548357],[85.037689,43.547897],[85.037607,43.547702],[85.037617,43.547315],[85.038194,43.545617],[85.038123,43.545057],[85.037666,43.544069],[85.037554,43.542927],[85.037194,43.542146],[85.037050,43.542014],[85.036815,43.541966],[85.032852,43.541905],[85.032158,43.541810],[85.031643,43.541659],[85.031092,43.541070],[85.030633,43.539939],[85.030177,43.539265],[85.028019,43.536716],[85.027767,43.536238],[85.027636,43.535257],[85.027874,43.533452],[85.028092,43.531793],[85.027850,43.529842],[85.027139,43.528710],[85.026509,43.528009],[85.025225,43.526876],[85.022636,43.525090],[85.021635,43.524535],[85.021553,43.524296],[85.021630,43.523781],[85.021888,43.523142],[85.021836,43.522000],[85.021592,43.521771],[85.020247,43.521140],[85.019347,43.520499],[85.018490,43.519660],[85.017942,43.518909],[85.017829,43.518226],[85.017904,43.517648],[85.018229,43.517087],[85.018627,43.516786],[85.020499,43.514430],[85.020487,43.513843],[85.020358,43.513641],[85.019762,43.513247],[85.018355,43.512606],[85.017069,43.511898],[85.014644,43.510786],[85.012468,43.509373],[85.011757,43.508839],[85.010811,43.507906],[85.010678,43.506838],[85.010605,43.506712],[85.010344,43.506583],[85.004429,43.506955],[85.003678,43.506867],[85.001609,43.505851],[85.000096,43.504685],[84.996775,43.502559],[84.995735,43.501751],[84.995222,43.501157],[84.995011,43.499755],[84.994613,43.499232],[84.993257,43.498659],[84.991526,43.498142],[84.990337,43.497573],[84.989848,43.497233],[84.989614,43.496777],[84.990391,43.495291],[84.990869,43.493718],[84.990671,43.491575],[84.991329,43.490728],[84.992680,43.489727],[84.994203,43.487787],[84.994559,43.487100],[84.994527,43.486795],[84.994079,43.486517],[84.989988,43.486009],[84.988092,43.485377],[84.985416,43.484075],[84.983291,43.482883],[84.982073,43.481955],[84.981186,43.481092],[84.980572,43.480159],[84.980242,43.479870],[84.979857,43.479740],[84.976856,43.479885],[84.975519,43.480040],[84.974011,43.480340],[84.973130,43.480681],[84.970645,43.482089],[84.969869,43.482341],[84.966954,43.483794],[84.965879,43.484868],[84.965192,43.485325],[84.963663,43.486106],[84.962227,43.486705],[84.959997,43.487289],[84.959054,43.487428],[84.958294,43.487373],[84.957322,43.487229],[84.956033,43.486879],[84.954829,43.486310],[84.952325,43.484728],[84.951731,43.484500],[84.950699,43.484309],[84.950072,43.484344],[84.949282,43.484516],[84.947644,43.484895],[84.946513,43.485097],[84.945549,43.485243],[84.944412,43.485325],[84.943653,43.485340],[84.943127,43.485360],[84.942523,43.485221],[84.942025,43.485009],[84.941252,43.484680],[84.940303,43.484085],[84.939264,43.483563],[84.938368,43.483232],[84.937420,43.482929],[84.936742,43.482841],[84.936138,43.482797],[84.935884,43.482783],[84.935259,43.483056],[84.934455,43.483562],[84.934181,43.483836],[84.933629,43.484491],[84.933425,43.484844],[84.933015,43.485196],[84.932788,43.485449],[84.932352,43.485919],[84.930938,43.487378],[84.929692,43.488609],[84.929167,43.489305],[84.929072,43.489393],[84.927902,43.489957],[84.927857,43.489989],[84.927393,43.490310],[84.926963,43.490556],[84.926643,43.490711],[84.926516,43.490787],[84.925989,43.491054],[84.925186,43.491529],[84.924610,43.491909],[84.924315,43.492150],[84.923946,43.492608],[84.923583,43.493199],[84.923266,43.493879],[84.923059,43.494708],[84.923030,43.495340],[84.923095,43.495913],[84.923220,43.496508],[84.923363,43.496927],[84.923490,43.497334],[84.923798,43.498010],[84.924049,43.498546],[84.924120,43.498797],[84.924482,43.499230],[84.924762,43.499584],[84.925141,43.499919],[84.925213,43.499990],[84.914044,43.508003],[84.906036,43.514097],[84.905465,43.514747],[84.905569,43.514957],[84.905641,43.515358],[84.904803,43.516205],[84.902931,43.517615],[84.902260,43.518579],[84.901322,43.519562],[84.900608,43.520048],[84.900097,43.520540],[84.899133,43.521601],[84.898888,43.522385],[84.898965,43.522645],[84.898899,43.524797],[84.898722,43.525547],[84.898246,43.526553],[84.898092,43.527089],[84.897746,43.528735],[84.897447,43.531583],[84.897176,43.532084],[84.896401,43.532398],[84.894221,43.532858],[84.892807,43.533535],[84.891073,43.534521],[84.891021,43.534869],[84.891855,43.537081],[84.892065,43.537895],[84.892071,43.538198],[84.891888,43.538888],[84.891306,43.539889],[84.890923,43.541386],[84.890936,43.542634],[84.891049,43.543057],[84.891455,43.543758],[84.890687,43.544189],[84.890234,43.544559],[84.890144,43.544778],[84.889551,43.547971],[84.889520,43.548581],[84.889062,43.549754],[84.889022,43.550107],[84.889129,43.550253],[84.890238,43.550813],[84.891155,43.551412],[84.892344,43.552286],[84.893327,43.553804],[84.893630,43.555506],[84.893589,43.556057],[84.893431,43.556444],[84.892832,43.557237],[84.890980,43.558748],[84.890519,43.559265],[84.890185,43.559492],[84.889889,43.559927],[84.889988,43.560047],[84.891456,43.560537],[84.893710,43.561485],[84.894586,43.562049],[84.895028,43.562741],[84.895077,43.563557],[84.894949,43.564172],[84.894261,43.565900],[84.894176,43.567658],[84.894327,43.568094],[84.895333,43.569029],[84.897980,43.570085],[84.898225,43.570515],[84.898294,43.571386],[84.898479,43.571958],[84.898492,43.572563],[84.898367,43.573077],[84.897775,43.573991],[84.897484,43.575864],[84.897168,43.576285],[84.896557,43.576729],[84.895143,43.577159],[84.893402,43.577219],[84.890446,43.576824],[84.883633,43.576788],[84.883093,43.576955],[84.882212,43.577421],[84.881651,43.577535],[84.880896,43.577522],[84.880041,43.577341],[84.879394,43.577067],[84.878830,43.577444],[84.872553,43.576466],[84.863210,43.575394],[84.861609,43.574439],[84.860518,43.573907],[84.858407,43.572458],[84.857879,43.571938],[84.856301,43.571726],[84.855689,43.571782],[84.854617,43.571720],[84.852479,43.571426],[84.851292,43.571099],[84.850530,43.570779],[84.849537,43.570091],[84.847442,43.570382],[84.846182,43.570680],[84.844025,43.570840],[84.842876,43.571813],[84.842616,43.571867],[84.842192,43.571768],[84.841236,43.571853],[84.838269,43.572633],[84.837805,43.573037],[84.835265,43.574755],[84.834557,43.575401],[84.834221,43.576379],[84.834501,43.576725],[84.834924,43.578401],[84.834877,43.578578],[84.838579,43.578907],[84.839055,43.579078],[84.841647,43.579336],[84.842913,43.579627],[84.843767,43.579936],[84.845020,43.580618],[84.847262,43.581330],[84.850507,43.581700],[84.853124,43.582861],[84.853607,43.583286],[84.853879,43.583707],[84.853985,43.584047],[84.853971,43.584456],[84.853655,43.585329],[84.852977,43.586033],[84.852715,43.586500],[84.852773,43.587158],[84.852653,43.588227],[84.852295,43.589111],[84.851686,43.590172],[84.850919,43.591054],[84.849838,43.593887],[84.848465,43.595707],[84.847451,43.596801],[84.846690,43.598408],[84.844414,43.600777],[84.843847,43.601517],[84.843198,43.602597],[84.843049,43.603440],[84.843034,43.604367],[84.843232,43.605725],[84.843191,43.606780],[84.843442,43.607750],[84.843091,43.608926],[84.843073,43.609417],[84.843422,43.609823],[84.843517,43.610116],[84.843429,43.610672],[84.843519,43.612306],[84.843212,43.613233],[84.843237,43.613598],[84.843595,43.614355],[84.843545,43.615374],[84.843608,43.615611],[84.844045,43.616511],[84.844003,43.616686],[84.843611,43.617062],[84.843491,43.618184],[84.843044,43.618850],[84.843175,43.620626],[84.843344,43.621337],[84.843816,43.621911],[84.843566,43.623122],[84.843700,43.623574],[84.843197,43.624498],[84.843612,43.625084],[84.844149,43.626201],[84.843874,43.626817],[84.844024,43.627328],[84.843985,43.627726],[84.843856,43.627832],[84.844328,43.628556],[84.844848,43.630369],[84.844869,43.630772],[84.844701,43.631542],[84.844740,43.631983],[84.845504,43.634055],[84.845549,43.634877],[84.845769,43.635616],[84.845833,43.635734],[84.847154,43.636534],[84.847277,43.637590],[84.847500,43.637925],[84.847656,43.638837],[84.849006,43.640037],[84.849420,43.640908],[84.850161,43.641315],[84.851849,43.641913],[84.852128,43.642162],[84.852475,43.642737],[84.852817,43.643021],[84.854078,43.643486],[84.854653,43.643912],[84.855924,43.645439],[84.856641,43.645994],[84.857128,43.646258],[84.858949,43.646901],[84.860068,43.647424],[84.861034,43.648052],[84.861268,43.648416],[84.861701,43.649546],[84.862202,43.649960],[84.862494,43.650629],[84.863518,43.651290],[84.863977,43.652084],[84.864638,43.652177],[84.865072,43.652092],[84.865823,43.652116],[84.866693,43.652387],[84.867539,43.652413],[84.868824,43.653168],[84.870095,43.653462],[84.870286,43.653645],[84.870558,43.654326],[84.870968,43.654712],[84.870988,43.655030],[84.870798,43.655611],[84.870865,43.655839],[84.871349,43.656245],[84.872035,43.657271],[84.872665,43.657753],[84.872671,43.658305],[84.872882,43.658689],[84.873850,43.659212],[84.874413,43.660086],[84.875187,43.660603],[84.875797,43.661549],[84.876811,43.662287],[84.877910,43.663421],[84.878143,43.663821],[84.878169,43.664551],[84.879373,43.665617],[84.879519,43.665901],[84.879572,43.666735],[84.880398,43.667279],[84.880575,43.667858],[84.880942,43.668394],[84.881036,43.669017],[84.881359,43.669275],[84.881418,43.669586],[84.881723,43.669922],[84.881787,43.670312],[84.882244,43.670844],[84.882281,43.671479],[84.882796,43.672017],[84.882937,43.672346],[84.882807,43.673301],[84.883121,43.673950],[84.883939,43.674985],[84.886139,43.677201],[84.886883,43.677630],[84.888387,43.679164],[84.889557,43.680552],[84.889778,43.680946],[84.890002,43.682411],[84.889865,43.684225],[84.890004,43.684934],[84.889930,43.685401],[84.889972,43.685555],[84.890452,43.685892],[84.890524,43.686082],[84.890375,43.687013],[84.890936,43.688035],[84.891079,43.688825],[84.891538,43.689777],[84.891579,43.689987],[84.891415,43.691088],[84.891509,43.691595],[84.891668,43.691946],[84.892226,43.692598],[84.892885,43.693645],[84.892734,43.696074],[84.892909,43.696852],[84.893021,43.699665],[84.893133,43.700023],[84.893443,43.700531],[84.893914,43.701121],[84.894031,43.701430],[84.894066,43.702249],[84.894146,43.702407],[84.895122,43.703365],[84.895086,43.703912],[84.895194,43.704206],[84.896536,43.706404],[84.896625,43.706693],[84.896659,43.707105],[84.896372,43.708273],[84.896356,43.708703],[84.896815,43.709888],[84.896472,43.711080],[84.896454,43.711583],[84.896592,43.711910],[84.897019,43.712457],[84.898512,43.713503],[84.898721,43.713859],[84.898816,43.714286],[84.898875,43.715128],[84.898749,43.715867],[84.898019,43.717455],[84.897987,43.717848],[84.898166,43.719256],[84.898131,43.720667],[84.897856,43.721662],[84.897879,43.721899],[84.898450,43.722593],[84.899971,43.723561],[84.900135,43.724605],[84.900774,43.725694],[84.900901,43.726308],[84.901149,43.726880],[84.901472,43.727447],[84.901907,43.727968],[84.902150,43.728601],[84.902900,43.729600],[84.903946,43.731544],[84.904323,43.732546],[84.904585,43.732955],[84.905736,43.734200],[84.905791,43.734469],[84.906160,43.735162],[84.906236,43.735523],[84.907174,43.737251],[84.908451,43.739074],[84.909653,43.740493],[84.909784,43.740856],[84.909854,43.741582],[84.910225,43.742506],[84.911465,43.743433],[84.913991,43.744696],[84.914178,43.744844],[84.914561,43.745541],[84.914996,43.745777],[84.916427,43.746309],[84.918309,43.746600],[84.920380,43.746833],[84.921639,43.746683],[84.922724,43.746736],[84.923692,43.747220],[84.923994,43.747802],[84.924956,43.748453],[84.925480,43.748992],[84.925736,43.749902],[84.925704,43.750502],[84.925471,43.751300],[84.924481,43.753457],[84.924315,43.754045],[84.924391,43.754401],[84.924844,43.755030],[84.925017,43.755593],[84.925063,43.756111],[84.924946,43.756751],[84.925198,43.757453],[84.925342,43.758409],[84.925340,43.758784],[84.925148,43.759230],[84.925280,43.759882],[84.925258,43.760202],[84.924645,43.761271],[84.924685,43.762990],[84.925110,43.764488],[84.926130,43.766377],[84.926153,43.766986],[84.925558,43.768245],[84.925527,43.768986],[84.925680,43.770101],[84.925337,43.770984],[84.925252,43.771983],[84.924830,43.772658],[84.923203,43.774132],[84.923015,43.774447],[84.922996,43.774680],[84.923054,43.774921],[84.923395,43.775312],[84.923465,43.775518],[84.923460,43.777180],[84.923546,43.777613],[84.923437,43.778568],[84.923035,43.779315],[84.923052,43.779442],[84.923217,43.779810],[84.923862,43.780703],[84.923881,43.782058],[84.924712,43.783359],[84.924723,43.783671],[84.924562,43.783844],[84.924437,43.784266],[84.924484,43.784804],[84.924666,43.785329],[84.924860,43.786429],[84.924686,43.786650],[84.924586,43.786977],[84.924312,43.787228],[84.923272,43.787496],[84.922899,43.787713],[84.922444,43.788330],[84.922005,43.789515],[84.921185,43.790444],[84.921053,43.791058],[84.921219,43.792023],[84.921382,43.792472],[84.921307,43.793190],[84.921140,43.793343],[84.921096,43.793546],[84.921168,43.794375],[84.920477,43.795245],[84.920389,43.795499],[84.920457,43.796454],[84.920782,43.797261],[84.920970,43.797597],[84.923075,43.799583],[84.923340,43.799916],[84.923591,43.800690],[84.925321,43.802565],[84.925398,43.802875],[84.925355,43.803835],[84.925581,43.804657],[84.925891,43.804959],[84.926391,43.805257],[84.926777,43.805657],[84.927626,43.807051],[84.927712,43.807789],[84.927929,43.808226],[84.929092,43.809210],[84.929765,43.809959],[84.929913,43.810819],[84.930131,43.811240],[84.931076,43.811823],[84.931024,43.812351],[84.931086,43.812472],[84.932527,43.813137],[84.933733,43.813889],[84.935622,43.815704],[84.935887,43.816069],[84.936914,43.816554],[84.937781,43.817124],[84.938609,43.817901],[84.938713,43.818098],[84.938662,43.818531],[84.938419,43.819104],[84.938590,43.819692],[84.940029,43.820591],[84.942366,43.822236],[84.944264,43.823967],[84.945734,43.825048],[84.946663,43.825570],[84.947539,43.826199],[84.947777,43.826527],[84.948477,43.828355],[84.948817,43.828753],[84.949968,43.829568],[84.950841,43.829925],[84.951395,43.830285],[84.951621,43.830776],[84.951618,43.831345],[84.951902,43.832346],[84.952027,43.834211],[84.952384,43.835227],[84.953096,43.836285],[84.953510,43.837301],[84.954693,43.838960],[84.954913,43.840027],[84.955054,43.840282],[84.955584,43.840832],[84.956124,43.841095],[84.958575,43.840929],[84.959521,43.840984],[84.961207,43.841305],[84.961940,43.841788],[84.962060,43.842654],[84.961704,43.844302],[84.961660,43.845115],[84.961236,43.845391],[84.959909,43.845837],[84.959604,43.846312],[84.959299,43.847315],[84.959419,43.848676],[84.960055,43.849853],[84.960042,43.850183],[84.958557,43.851382],[84.957416,43.852555],[84.956461,43.853385],[84.954664,43.854788],[84.952291,43.855549],[84.950660,43.856364],[84.948824,43.856473],[84.948306,43.856605],[84.947684,43.857065],[84.947047,43.857778],[84.945802,43.859743],[84.945377,43.860165],[84.944092,43.860810],[84.943720,43.861126],[84.943309,43.861866],[84.943204,43.862222],[84.942846,43.862551],[84.942394,43.864017],[84.941758,43.864717],[84.940380,43.865559],[84.939943,43.865888],[84.939692,43.866205],[84.939294,43.867565],[84.938500,43.868515],[84.937811,43.869782],[84.936710,43.870599],[84.936339,43.871021],[84.935863,43.872474],[84.935518,43.873966],[84.935439,43.874798],[84.935518,43.875921],[84.935849,43.876661],[84.936459,43.877481],[84.936591,43.877904],[84.936538,43.878802],[84.936631,43.879304],[84.937134,43.879860],[84.938035,43.880495],[84.938274,43.880839],[84.938287,43.881301],[84.938088,43.881710],[84.937267,43.882554],[84.936790,43.883254],[84.936697,43.883676],[84.936883,43.884165],[84.938062,43.885554],[84.938088,43.885937],[84.937930,43.886307],[84.937386,43.886900],[84.937188,43.887283],[84.937174,43.887627],[84.939997,43.888925],[84.940368,43.889296],[84.940977,43.890591],[84.941017,43.891265],[84.941163,43.891767],[84.941401,43.891979],[84.941865,43.892046],[84.942925,43.891942],[84.943535,43.891983],[84.944065,43.892169],[84.946305,43.893361],[84.947352,43.893614],[84.948890,43.893749],[84.949871,43.894002],[84.951064,43.894441],[84.952695,43.895395],[84.953716,43.895661],[84.955215,43.895902],[84.955878,43.896141],[84.956978,43.897082],[84.957575,43.897387],[84.958570,43.897653],[84.959923,43.898158],[84.960440,43.898516],[84.960745,43.899098],[84.960785,43.899957],[84.960652,43.901000],[84.959777,43.902279],[84.959658,43.902741],[84.959764,43.903111],[84.960202,43.903720],[84.960334,43.904130],[84.960440,43.904936],[84.960759,43.906007],[84.960772,43.906839],[84.960971,43.908213],[84.960825,43.908715],[84.960241,43.909479],[84.960228,43.909823],[84.960692,43.911079],[84.961959,43.911907],[84.962291,43.912225],[84.962371,43.912608],[84.962172,43.913242],[84.961376,43.914759],[84.961455,43.915050],[84.962702,43.915674],[84.962888,43.915859],[84.962834,43.916136],[84.962450,43.916413],[84.962039,43.916874],[84.961986,43.917112],[84.962450,43.917839],[84.962517,43.918183],[84.962397,43.918539],[84.962065,43.919014],[84.961986,43.919357],[84.962065,43.919648],[84.962570,43.920072],[84.963856,43.920841],[84.965196,43.922245],[84.965661,43.923144],[84.965740,43.924016],[84.965595,43.924874],[84.965209,43.925639],[84.963525,43.927616],[84.963306,43.928138],[84.963293,43.929776],[84.963134,43.930197],[84.962709,43.930474],[84.961899,43.930697],[84.961436,43.931051],[84.960665,43.931434],[84.957403,43.932113],[84.956846,43.932428],[84.956408,43.932929],[84.956348,43.933451],[84.956468,43.934310],[84.956481,43.935300],[84.956362,43.935974],[84.956096,43.936449],[84.955460,43.937332],[84.950706,43.942850],[84.948081,43.944839],[84.947737,43.945446],[84.946809,43.946462],[84.946385,43.947108],[84.945947,43.948785],[84.945112,43.950580],[84.945112,43.950936],[84.945430,43.951756],[84.945324,43.953341],[84.945126,43.954199],[84.945139,43.955005],[84.945232,43.955375],[84.946107,43.956776],[84.946186,43.958058],[84.946107,43.959564],[84.945895,43.960593],[84.945934,43.961558],[84.946173,43.962998],[84.946067,43.963698],[84.945749,43.964688],[84.945789,43.965203],[84.946325,43.966611],[84.945901,43.968750],[84.945477,43.970268],[84.945252,43.972949],[84.945132,43.973517],[84.945278,43.974257],[84.944906,43.976700],[84.945451,43.977982],[84.945503,43.979026],[84.945675,43.979409],[84.946590,43.980124],[84.946895,43.980943],[84.947466,43.981816],[84.948704,43.983278],[84.948943,43.983781],[84.949130,43.984613],[84.949447,43.985221],[84.950136,43.985989],[84.951847,43.986943],[84.953391,43.989291],[84.955513,43.991383],[84.955858,43.991951],[84.957244,43.993335],[84.957483,43.993930],[84.957880,43.995899],[84.958278,43.996798],[84.958371,43.997432],[84.958060,43.998692],[84.958347,44.000572],[84.958571,44.001213],[84.959061,44.002078],[84.959940,44.004081],[84.959986,44.006367],[84.960392,44.006941],[84.963830,44.010060],[84.965691,44.013901],[84.969750,44.018022],[84.974638,44.024129],[84.979103,44.029104],[84.984728,44.031926],[84.986522,44.032052],[84.988713,44.031891],[84.990714,44.032597],[84.992553,44.035009],[84.999397,44.038819],[85.001190,44.039233],[85.006762,44.039050],[85.010165,44.040028],[85.013997,44.042435],[85.016648,44.045700],[85.020487,44.048530],[85.021883,44.048666],[85.022473,44.048372],[85.023867,44.048220],[85.025476,44.049062],[85.025889,44.049915],[85.028104,44.051192],[85.031491,44.051160],[85.034095,44.052282],[85.036293,44.052694],[85.039510,44.054242],[85.042542,44.056648],[85.042757,44.057363],[85.041194,44.059230],[85.040812,44.059951],[85.040850,44.061814],[85.041470,44.063094],[85.041509,44.064668],[85.043124,44.065941],[85.045322,44.066353],[85.046325,44.066912],[85.046746,44.067909],[85.047948,44.068616],[85.051148,44.069298],[85.051960,44.070150],[85.052182,44.071152],[85.056391,44.072977],[85.063851,44.077767],[85.067653,44.079015],[85.070245,44.079279],[85.072057,44.080409],[85.072463,44.080974],[85.078685,44.083919],[85.079686,44.084188],[85.089145,44.090389],[85.094010,44.095338],[85.095468,44.096501],[85.095611,44.097052],[85.095685,44.097932],[85.095638,44.099773],[85.095499,44.100892],[85.095511,44.101975],[85.095923,44.106301],[85.096191,44.107783],[85.096270,44.108935],[85.096569,44.110116],[85.096698,44.112056],[85.096588,44.116567],[85.095940,44.123395],[85.095884,44.125137],[85.095357,44.128089],[85.094830,44.132503],[85.094015,44.136052],[85.092759,44.139984],[85.092445,44.142306],[85.092366,44.144361],[85.091799,44.147880],[85.092762,44.148959],[85.092835,44.149277],[85.092709,44.149556],[85.092357,44.149920],[85.092099,44.151295],[85.092127,44.151741],[85.092340,44.152178],[85.092393,44.152658],[85.092210,44.153021],[85.091147,44.154156],[85.091319,44.154795],[85.091080,44.156220],[85.090828,44.156991],[85.090313,44.157852],[85.090373,44.158763],[85.090578,44.159037],[85.090913,44.159276],[85.090967,44.159717],[85.090762,44.160113],[85.089092,44.161335],[85.088674,44.161971],[85.087842,44.163884],[85.087852,44.164234],[85.088054,44.164702],[85.088483,44.165091],[85.089041,44.166972],[85.089126,44.167775],[85.089078,44.168442],[85.088728,44.168993],[85.088577,44.169430],[85.088558,44.169761],[85.088653,44.169991],[85.088599,44.170211],[85.087581,44.171915],[85.087625,44.173708],[85.087745,44.173853],[85.087705,44.175065],[85.087848,44.176192],[85.088648,44.177808],[85.089104,44.178394],[85.089545,44.179416],[85.089874,44.179722],[85.090054,44.180091],[85.090070,44.180403],[85.091141,44.181943],[85.091348,44.182563],[85.091359,44.182871],[85.091495,44.183165],[85.091792,44.183497],[85.092105,44.184275],[85.092235,44.185551],[85.092522,44.186080],[85.092380,44.186826],[85.092453,44.187201],[85.092834,44.187805],[85.092998,44.188343],[85.093052,44.189445],[85.093195,44.189934],[85.094219,44.191400],[85.094217,44.191796],[85.093911,44.192138],[85.093877,44.192321],[85.093765,44.193868],[85.093425,44.194603],[85.093643,44.195519],[85.093536,44.197257],[85.093577,44.197574],[85.093792,44.197940],[85.094514,44.198571],[85.094772,44.198985],[85.094595,44.199691],[85.094739,44.200660],[85.094523,44.201210],[85.094112,44.201732],[85.094069,44.202008],[85.094100,44.202365],[85.094372,44.202689],[85.094488,44.203739],[85.094679,44.204050],[85.094945,44.207089],[85.095305,44.207461],[85.095148,44.207809],[85.095162,44.208012],[85.095534,44.208842],[85.095547,44.209100],[85.095440,44.209246],[85.095051,44.209353],[85.095116,44.209859],[85.094853,44.210318],[85.095024,44.210589],[85.095031,44.210767],[85.094565,44.211801],[85.094365,44.212831],[85.094405,44.213336],[85.094702,44.213928],[85.094905,44.214946],[85.095175,44.215448],[85.095119,44.216139],[85.095347,44.216361],[85.095479,44.216892],[85.095352,44.218329],[85.095546,44.218643],[85.095522,44.219374],[85.095618,44.219588],[85.096370,44.220446],[85.096461,44.220829],[85.097575,44.222117],[85.097801,44.222788],[85.098532,44.224305],[85.098894,44.224709],[85.099175,44.225320],[85.099338,44.225473],[85.099324,44.225749],[85.099898,44.226211],[85.099779,44.226725],[85.100192,44.227276],[85.100144,44.227688],[85.099811,44.228051],[85.099850,44.228239],[85.100691,44.228945],[85.100716,44.229237],[85.100458,44.229544],[85.100248,44.230099],[85.100655,44.230856],[85.100662,44.231327],[85.100361,44.231924],[85.100645,44.233580],[85.100365,44.234568],[85.100375,44.234925],[85.100641,44.235434],[85.100900,44.236935],[85.100883,44.237725],[85.101184,44.239292],[85.101324,44.240659],[85.102024,44.241777],[85.101664,44.243106],[85.102185,44.243831],[85.101989,44.244183],[85.102050,44.244412],[85.103039,44.245333],[85.103222,44.246042],[85.103892,44.246647],[85.104173,44.247061],[85.104652,44.248685],[85.104484,44.249392],[85.105287,44.249778],[85.105402,44.249915],[85.105376,44.250178],[85.105034,44.250579],[85.104934,44.250892],[85.105376,44.251578],[85.106049,44.253550],[85.106386,44.254899],[85.106480,44.255725],[85.106614,44.256120],[85.106616,44.256277],[85.106660,44.259908],[85.106703,44.263531],[85.106721,44.263730],[85.106989,44.267352],[85.107251,44.270974],[85.107510,44.274601],[85.107780,44.278223],[85.107597,44.279481],[85.107431,44.280690],[85.107536,44.280880],[85.107590,44.282676],[85.107807,44.283372],[85.109164,44.284445],[85.109647,44.284647],[85.110066,44.285019],[85.111278,44.285672],[85.111779,44.286609],[85.111797,44.286846],[85.112135,44.287257],[85.112238,44.288292],[85.112451,44.288606],[85.112487,44.289363],[85.112256,44.290536],[85.112421,44.291680],[85.112680,44.292139],[85.112760,44.292838],[85.112391,44.293681],[85.112383,44.293932],[85.112552,44.294381],[85.112497,44.294651],[85.112037,44.295218],[85.111985,44.295800],[85.112084,44.296968],[85.112018,44.297570],[85.112088,44.297928],[85.112282,44.298137],[85.112031,44.298880],[85.112051,44.299058],[85.112309,44.299422],[85.112320,44.299754],[85.111960,44.300431],[85.111953,44.300643],[85.112270,44.301315],[85.112390,44.302498],[85.111985,44.303115],[85.111626,44.304444],[85.111321,44.304863],[85.110608,44.305479],[85.110338,44.306538],[85.110330,44.307052],[85.109790,44.308386],[85.109658,44.309555],[85.110381,44.309715],[85.110816,44.309952],[85.111571,44.310528],[85.111795,44.311163],[85.111818,44.311902],[85.112016,44.312436],[85.112487,44.314565],[85.112499,44.316352],[85.113248,44.317866],[85.113546,44.319254],[85.113423,44.320546],[85.113427,44.321816],[85.113468,44.322071],[85.113778,44.322547],[85.113702,44.323477],[85.113913,44.325047],[85.113684,44.326015],[85.113241,44.327311],[85.113210,44.327699],[85.113295,44.327989],[85.113994,44.328650],[85.114226,44.329628],[85.114830,44.330551],[85.114815,44.330973],[85.114993,44.331606],[85.115114,44.332756],[85.114960,44.333526],[85.115222,44.334115],[85.115221,44.334766],[85.114760,44.336329],[85.114396,44.340056],[85.113921,44.343148],[85.113340,44.343750],[85.124855,44.340133],[85.133719,44.337536],[85.161171,44.329269],[85.161580,44.329186],[85.161927,44.329041],[85.168845,44.326956],[85.171304,44.326131],[85.173998,44.325387],[85.175152,44.325239],[85.175831,44.325230],[85.176984,44.325227],[85.177627,44.325206],[85.178418,44.325195],[85.179745,44.325241],[85.179814,44.325269],[85.179864,44.325273],[85.180065,44.325595],[85.180732,44.327346],[85.180765,44.329619],[85.181379,44.331157],[85.181906,44.332115],[85.181692,44.333686],[85.182130,44.334909],[85.181549,44.336313],[85.181829,44.337965],[85.181903,44.338282],[85.182212,44.339575],[85.181755,44.341691],[85.182204,44.343227],[85.181949,44.346135],[85.183462,44.350597],[85.184568,44.355643],[85.185115,44.358844],[85.185835,44.362121],[85.185742,44.363090],[85.186298,44.364815],[85.187019,44.367935],[85.187342,44.371519],[85.187592,44.372151],[85.188857,44.379185],[85.189222,44.380614],[85.189977,44.383573],[85.190139,44.385707],[85.191176,44.389292],[85.191023,44.390079],[85.191650,44.393530],[85.192440,44.395919],[85.192320,44.397562],[85.193748,44.401788],[85.194039,44.404711],[85.195096,44.407433],[85.196140,44.413111],[85.197590,44.419459],[85.197933,44.420399],[85.197807,44.422292],[85.198288,44.424572],[85.198328,44.425658],[85.198358,44.426483],[85.198590,44.427566],[85.198671,44.428752],[85.199210,44.431363],[85.199449,44.432945],[85.199675,44.434439],[85.200814,44.435767],[85.203656,44.438263],[85.204135,44.439963],[85.204464,44.442677],[85.205108,44.444739],[85.205945,44.446855],[85.206082,44.447547],[85.205925,44.449979],[85.207125,44.451379],[85.207829,44.453394],[85.208213,44.455049],[85.208728,44.455799],[85.209205,44.459861],[85.210161,44.461303],[85.210747,44.461576],[85.210575,44.463801],[85.210262,44.465253],[85.210343,44.465967],[85.210492,44.466519],[85.210850,44.467029],[85.211121,44.469008],[85.211369,44.469680],[85.211846,44.470355],[85.212429,44.472079],[85.212495,44.472830],[85.212357,44.473304],[85.212391,44.474210],[85.212541,44.474717],[85.212666,44.476056],[85.213200,44.478118],[85.212901,44.479214],[85.214039,44.479312],[85.215244,44.479545],[85.222711,44.480200],[85.228603,44.479298],[85.230229,44.479203],[85.236035,44.478605],[85.241914,44.478716],[85.250275,44.477610],[85.254648,44.476697],[85.254885,44.478553],[85.253328,44.480283],[85.253335,44.480572],[85.254152,44.481277],[85.254205,44.483563],[85.253633,44.484858],[85.255526,44.488845],[85.255762,44.490559],[85.254992,44.491707],[85.251641,44.493608],[85.246468,44.494393],[85.245491,44.495403],[85.243377,44.499150],[85.243005,44.500161],[85.243057,44.502447],[85.242477,44.503311],[85.240532,44.505486],[85.239968,44.507061],[85.239625,44.509646],[85.240037,44.510210],[85.240067,44.511353],[85.235728,44.513844],[85.235949,44.514702],[85.238389,44.516672],[85.238610,44.517521],[85.237215,44.517689],[85.236208,44.517413],[85.234424,44.517720],[85.233868,44.519592],[85.233974,44.524308],[85.234828,44.526731],[85.234851,44.527874],[85.234066,44.528457],[85.233745,44.531754],[85.233151,44.532186],[85.231565,44.532495],[85.230201,44.533941],[85.229454,44.536243],[85.229492,44.538097],[85.230117,44.539239],[85.229201,44.542681],[85.229438,44.544250],[85.230041,44.544671],[85.230269,44.545674],[85.228912,44.547696],[85.229342,44.549180],[85.229781,44.550687],[85.230390,44.551109],[85.232189,44.551226],[85.232418,44.552651],[85.231634,44.553234],[85.231442,44.553671],[85.233073,44.554937],[85.233875,44.555066],[85.234484,44.555490],[85.234934,44.557628],[85.234156,44.558498],[85.234789,44.560208],[85.235414,44.561198],[85.234240,44.562215],[85.233691,44.564654],[85.233928,44.566079],[85.236566,44.567765],[85.236779,44.568623],[85.236391,44.569058],[85.235407,44.569637],[85.235818,44.570345],[85.236833,44.570909],[85.237275,44.572472],[85.239509,44.574161],[85.238762,44.576606],[85.238800,44.578325],[85.239607,44.579297],[85.239256,44.581451],[85.239881,44.582297],[85.239737,44.584877],[85.240972,44.586434],[85.240819,44.588294],[85.241430,44.589005],[85.241072,44.590872],[85.240492,44.591448],[85.240508,44.592168],[85.241117,44.592591],[85.241139,44.593878],[85.239973,44.595174],[85.238655,44.598771],[85.235004,44.601181],[85.235100,44.601465],[85.235075,44.601972],[85.234797,44.602215],[85.234408,44.602403],[85.233566,44.602471],[85.232949,44.602624],[85.232327,44.602997],[85.231613,44.602631],[85.231019,44.603619],[85.230112,44.604224],[85.229934,44.605040],[85.229658,44.605333],[85.229724,44.605663],[85.229517,44.606235],[85.228969,44.606664],[85.228523,44.607449],[85.226963,44.608519],[85.226258,44.609139],[85.226242,44.609602],[85.226498,44.609988],[85.226835,44.610236],[85.226828,44.610429],[85.225847,44.612106],[85.225063,44.612737],[85.223000,44.613214],[85.222776,44.613419],[85.222687,44.613914],[85.222846,44.614674],[85.223158,44.615253],[85.223146,44.615645],[85.222926,44.615900],[85.222658,44.616113],[85.222198,44.616262],[85.220314,44.616778],[85.220525,44.616998],[85.220518,44.617215],[85.219411,44.617215],[85.219077,44.617490],[85.218529,44.617652],[85.218347,44.617929],[85.218015,44.618157],[85.217320,44.618132],[85.217144,44.618222],[85.216790,44.619327],[85.216500,44.620508],[85.216888,44.621122],[85.216986,44.622323],[85.216915,44.623387],[85.214819,44.623971],[85.213883,44.624739],[85.212863,44.624882],[85.212453,44.624925],[85.212097,44.625650],[85.212141,44.626430],[85.211290,44.627041],[85.210327,44.627227],[85.210228,44.627497],[85.210129,44.627759],[85.210334,44.628050],[85.210384,44.628604],[85.209775,44.628931],[85.209364,44.629371],[85.208789,44.629787],[85.208486,44.630181],[85.208060,44.630537],[85.208046,44.630948],[85.207863,44.631318],[85.207847,44.631928],[85.207649,44.632538],[85.206615,44.632994],[85.205892,44.633577],[85.204858,44.634047],[85.204094,44.634573],[85.203805,44.634945],[85.203017,44.636107],[85.200738,44.636182],[85.198712,44.635504],[85.186756,44.635918],[85.179893,44.634708],[85.163080,44.631525],[85.160811,44.630891],[85.150190,44.629718],[85.141647,44.629405],[85.131447,44.628820],[85.119820,44.628072],[85.118269,44.627823],[85.116080,44.627825],[85.112368,44.627467],[85.103316,44.627693],[85.099190,44.627796],[85.093608,44.627935],[85.081814,44.627963],[85.078864,44.627371],[85.068360,44.626379],[85.065200,44.625716],[85.055088,44.624382],[85.046780,44.623117],[85.018256,44.619649],[85.019509,44.632371],[85.021783,44.650311],[85.022113,44.653035],[85.023643,44.665647],[85.023623,44.666221],[85.023852,44.668079],[85.024220,44.670030],[85.024406,44.674495],[85.024615,44.675593],[85.024834,44.678200],[85.024998,44.678793],[85.025254,44.681588],[85.025102,44.682601],[85.025452,44.685603],[85.025342,44.686690],[85.026042,44.688199],[85.026816,44.689256],[85.027517,44.690473],[85.028989,44.691688],[85.030225,44.692450],[85.033308,44.693531],[85.037886,44.694735],[85.039937,44.695185],[85.041838,44.695915],[85.043487,44.696058],[85.045317,44.696576],[85.052880,44.698130],[85.052348,44.701721],[85.050423,44.712878],[85.050493,44.713131],[85.050676,44.713225],[85.051897,44.713341],[85.052025,44.714299],[85.052654,44.716137],[85.053116,44.717064],[85.054008,44.718185],[85.054130,44.718957],[85.054792,44.723165],[85.054406,44.723351],[85.053518,44.724483],[85.053245,44.726642],[85.050844,44.732733],[85.049385,44.736003],[85.047629,44.739195],[85.046596,44.740205],[85.041371,44.742551],[85.038746,44.743350],[85.035508,44.744528],[85.031624,44.745585],[85.026679,44.748397],[85.023985,44.749693],[85.021954,44.750606],[85.019371,44.751548],[85.015326,44.752852],[85.012936,44.754010],[85.010856,44.754854],[85.010403,44.755283],[85.018808,44.757822],[85.026635,44.760479],[85.030590,44.761620],[85.037218,44.763799],[85.037578,44.764140],[85.044666,44.768493],[85.046778,44.769790],[85.047406,44.770204],[85.047462,44.770456],[85.047130,44.772961],[85.046793,44.778013],[85.046436,44.783362],[85.045999,44.787391],[85.045993,44.788962],[85.045888,44.790155],[85.045709,44.790904],[85.045593,44.791031],[85.045308,44.791105],[85.043430,44.791420],[85.042722,44.791619],[85.042320,44.791987],[85.040997,44.793641],[85.040200,44.794198],[85.038823,44.794882],[85.036606,44.796309],[85.035627,44.796666],[85.034891,44.796827],[85.034321,44.797137],[85.033552,44.797720],[85.031953,44.799343],[85.031055,44.801804],[85.030205,44.802882],[85.029226,44.803756],[85.026490,44.806690],[85.025988,44.807716],[85.024218,44.810535],[85.023682,44.811222],[85.022984,44.812466],[85.022501,44.813840],[85.022072,44.814475],[85.021555,44.815956],[85.020815,44.818792],[85.020669,44.820306],[85.019950,44.822665],[85.019627,44.826579],[85.019797,44.831581],[85.020152,44.834827],[85.020519,44.836126],[85.020494,44.837199],[85.020607,44.838551],[85.026359,44.845931],[85.029880,44.850269],[85.032055,44.859636],[85.031793,44.860567],[85.031645,44.862136],[85.030300,44.870911],[85.028567,44.880982],[85.027668,44.884617],[85.027148,44.886207],[85.027135,44.886595],[85.027639,44.887889],[85.028984,44.890515],[85.029335,44.891638],[85.030204,44.893678],[85.030616,44.895258],[85.031359,44.896840],[85.032748,44.900542],[85.033225,44.901662],[85.033645,44.902649],[85.034211,44.904407],[85.034510,44.904802],[85.035474,44.907684],[85.036131,44.909013],[85.036549,44.910434],[85.037240,44.912174],[85.038199,44.913301],[85.039514,44.915061],[85.041896,44.918481],[85.043612,44.920946],[85.050074,44.929865],[85.051032,44.931351],[85.051536,44.931816],[85.059956,44.934462],[85.064982,44.936216],[85.075248,44.939567],[85.080286,44.941384],[85.084797,44.942755],[85.091080,44.945296],[85.107115,44.951383],[85.114493,44.954270],[85.120092,44.956269],[85.127893,44.959379],[85.131258,44.960567],[85.136432,44.962660],[85.147987,44.967630],[85.155480,44.970699],[85.156033,44.971025],[85.158234,44.977861],[85.160298,44.985372],[85.161621,44.989570],[85.162767,44.993741],[85.165361,45.001585],[85.171715,45.022676],[85.194987,45.029618],[85.213365,45.027982],[85.214271,45.027970],[85.220349,45.024715],[85.221705,45.024300],[85.225116,45.023597],[85.239602,45.020017],[85.240849,45.019709],[85.242026,45.020877],[85.242910,45.020999],[85.255355,45.028892],[85.258432,45.031577],[85.259699,45.034432],[85.260157,45.037436],[85.257874,45.044474],[85.254577,45.051515],[85.253395,45.052820],[85.251600,45.054124],[85.251440,45.055985],[85.253333,45.060118],[85.253555,45.061408],[85.251593,45.064285],[85.250327,45.071745],[85.249548,45.073047],[85.248549,45.073626],[85.248006,45.074238],[85.247480,45.074595],[85.246852,45.074729],[85.246270,45.074720],[85.245750,45.074916],[85.242687,45.076564],[85.240869,45.077999],[85.238461,45.080225],[85.238438,45.081004],[85.238758,45.083625],[85.239115,45.085444],[85.238877,45.085875],[85.237932,45.086329],[85.237042,45.086934],[85.236782,45.087307],[85.236699,45.087723],[85.236683,45.088258],[85.237056,45.091423],[85.237913,45.101902],[85.238419,45.110001],[85.238608,45.116106],[85.238911,45.117397],[85.239144,45.119014],[85.241022,45.127803],[85.241211,45.129703],[85.242005,45.133435],[85.242457,45.134102],[85.243213,45.135994],[85.244411,45.138536],[85.245272,45.140071],[85.246683,45.142943],[85.247173,45.144346],[85.248618,45.149968],[85.248622,45.150963],[85.248999,45.151763],[85.249430,45.154122],[85.250023,45.156355],[85.250398,45.158363],[85.250295,45.158629],[85.249954,45.158974],[85.248378,45.160112],[85.245216,45.163073],[85.241755,45.166139],[85.239344,45.168092],[85.238688,45.168692],[85.238392,45.169093],[85.232566,45.174252],[85.221620,45.187666],[85.216641,45.194055],[85.210834,45.201268],[85.206125,45.206910],[85.205924,45.207300],[85.206035,45.210912],[85.205905,45.213936],[85.205916,45.220707],[85.205719,45.224724],[85.205751,45.227826],[85.205623,45.228927],[85.204830,45.232368],[85.204280,45.234313],[85.203528,45.236971],[85.202069,45.242630],[85.201666,45.243456],[85.201925,45.244200],[85.204178,45.248214],[85.205368,45.250931],[85.206504,45.252711],[85.208624,45.254797],[85.209387,45.255318],[85.213197,45.258490],[85.214806,45.259951],[85.216823,45.261552],[85.218338,45.262969],[85.220014,45.264189],[85.222480,45.266590],[85.224339,45.268005],[85.225152,45.269212],[85.225820,45.270525],[85.226496,45.271221],[85.227582,45.273184],[85.235796,45.285600],[85.235987,45.285981],[85.237697,45.289396],[85.239406,45.292803],[85.239485,45.293054],[85.240553,45.296587],[85.241619,45.300129],[85.242687,45.303670],[85.243051,45.306136],[85.243573,45.309734],[85.244093,45.313336],[85.244632,45.315980],[85.245369,45.319561],[85.245465,45.321739],[85.245639,45.325355],[85.245813,45.328971],[85.244937,45.331679],[85.243799,45.335204],[85.242664,45.338734],[85.241917,45.340895],[85.240719,45.344412],[85.240250,45.346382],[85.239409,45.349951],[85.238576,45.353519],[85.238395,45.354938],[85.237960,45.358546],[85.239020,45.360754],[85.240668,45.364182],[85.242326,45.367606],[85.244245,45.369155],[85.244982,45.369752],[85.239926,45.375002],[85.239505,45.375559],[85.241500,45.378890],[85.244613,45.383676],[85.245674,45.385790],[85.247209,45.387894],[85.249430,45.391262],[85.251098,45.394121],[85.252486,45.396039],[85.274884,45.410564],[85.276601,45.411877],[85.277421,45.413005],[85.280180,45.417282],[85.280690,45.417901],[85.280968,45.418135],[85.281360,45.418167],[85.281746,45.418336],[85.282504,45.418845],[85.282845,45.419549],[85.282994,45.420712],[85.283475,45.421363],[85.285904,45.421648],[85.287875,45.422052],[85.288327,45.422074],[85.289425,45.421933],[85.292132,45.421369],[85.294252,45.420714],[85.296977,45.420444],[85.297917,45.420034],[85.298515,45.419629],[85.299382,45.419349],[85.302359,45.419296],[85.304240,45.418837],[85.304967,45.418522],[85.305372,45.418466],[85.306152,45.418660],[85.306890,45.419217],[85.307868,45.419714],[85.311911,45.421042],[85.313383,45.421876],[85.314344,45.421992],[85.315424,45.422276],[85.316573,45.422390],[85.318510,45.423041],[85.320416,45.423478],[85.321419,45.423481],[85.323169,45.423247],[85.350596,45.427984],[85.353714,45.428770],[85.363444,45.430923],[85.382025,45.434854],[85.388119,45.436233],[85.389236,45.436642],[85.391743,45.437899],[85.394499,45.439577],[85.397776,45.441321],[85.410459,45.448403],[85.413079,45.450202],[85.419635,45.453808],[85.421020,45.454754],[85.423533,45.455673],[85.426076,45.456767],[85.429133,45.457717],[85.430738,45.458423],[85.432724,45.459041],[85.433684,45.459471],[85.434431,45.459881],[85.438952,45.464425],[85.443933,45.468998],[85.447196,45.472287],[85.451448,45.476207],[85.461911,45.486429],[85.463990,45.488349],[85.473224,45.496681],[85.475864,45.498849],[85.478668,45.501536],[85.483167,45.505238],[85.491699,45.512643],[85.492423,45.513461],[85.492907,45.514376],[85.493936,45.516617],[85.498315,45.525474],[85.501974,45.533638],[85.502431,45.534166],[85.509050,45.544458],[85.510246,45.546683],[85.511350,45.548152],[85.511720,45.548477],[85.514186,45.549914],[85.516084,45.550893],[85.522878,45.555230],[85.529052,45.558918],[85.531373,45.560542],[85.532807,45.562811],[85.533685,45.563915],[85.534494,45.565368],[85.536554,45.568174],[85.538421,45.571067],[85.540626,45.574230],[85.541017,45.574927],[85.541248,45.575627],[85.543435,45.586875],[85.543583,45.587774],[85.543541,45.588985],[85.543893,45.589344],[85.544263,45.589469],[85.545157,45.589557],[85.545343,45.589668],[85.545755,45.590712],[85.546096,45.590837],[85.546446,45.591304],[85.547013,45.592270],[85.547335,45.593113],[85.547775,45.593318],[85.548414,45.593346],[85.549316,45.593159],[85.550272,45.593111],[85.552804,45.593539],[85.553237,45.593752],[85.553431,45.594063],[85.553557,45.595380],[85.553770,45.595670],[85.556310,45.597001],[85.556444,45.597299],[85.556215,45.597672],[85.556218,45.598014],[85.556452,45.598184],[85.556670,45.598266],[85.558005,45.598268],[85.558423,45.598347],[85.561943,45.600165],[85.563808,45.600352],[85.564699,45.600584],[85.565672,45.601037],[85.566396,45.601751],[85.566762,45.602709],[85.566627,45.604317],[85.566925,45.604993],[85.566394,45.605354],[85.566016,45.605480],[85.565547,45.605930],[85.564685,45.606505],[85.564288,45.607340],[85.564341,45.607582],[85.564574,45.607819],[85.565605,45.608064],[85.568145,45.608134],[85.568136,45.608522],[85.566842,45.609402],[85.566243,45.610092],[85.565665,45.611343],[85.565793,45.612351],[85.566548,45.613023],[85.567071,45.613354],[85.567389,45.613861],[85.567352,45.614314],[85.567208,45.614561],[85.566198,45.615614],[85.566144,45.615841],[85.566165,45.615986],[85.566930,45.616817],[85.566997,45.617204],[85.567230,45.617357],[85.567646,45.617376],[85.570295,45.616982],[85.570819,45.617059],[85.571710,45.617545],[85.572311,45.618086],[85.573470,45.618851],[85.573695,45.619290],[85.574954,45.619548],[85.575126,45.619859],[85.575074,45.620681],[85.575288,45.620915],[85.575457,45.621334],[85.576967,45.623104],[85.577869,45.624534],[85.580065,45.627006],[85.587104,45.633628],[85.590981,45.637499],[85.592552,45.638888],[85.594667,45.639974],[85.595959,45.640432],[85.596793,45.641140],[85.596916,45.641458],[85.596723,45.641895],[85.595377,45.643271],[85.594897,45.644121],[85.594809,45.647016],[85.595481,45.648132],[85.595346,45.648519],[85.594543,45.649486],[85.594199,45.650382],[85.593968,45.650722],[85.591969,45.651627],[85.591807,45.651800],[85.591828,45.651907],[85.592194,45.652164],[85.591943,45.652393],[85.591601,45.652516],[85.590601,45.652554],[85.590122,45.652770],[85.590070,45.652934],[85.590376,45.653330],[85.590632,45.653467],[85.591315,45.653602],[85.591509,45.653964],[85.591597,45.654420],[85.598573,45.674787],[85.602715,45.687632],[85.605036,45.693723],[85.606565,45.698336],[85.610951,45.710015],[85.612308,45.713974],[85.613258,45.718980],[85.614121,45.722615],[85.616244,45.738141],[85.616817,45.742924],[85.617840,45.747004],[85.619031,45.752431],[85.619466,45.753655],[85.620548,45.758705],[85.621361,45.763049],[85.623848,45.764384],[85.626155,45.765851],[85.629469,45.767639],[85.635886,45.771674],[85.637292,45.772361],[85.640834,45.773736],[85.642495,45.775236],[85.642808,45.775641],[85.642632,45.776515],[85.642265,45.777329],[85.642255,45.777729],[85.642368,45.778015],[85.642924,45.778774],[85.643857,45.779254],[85.644430,45.779303],[85.645935,45.779875],[85.646768,45.780554],[85.647726,45.781510],[85.647936,45.782198],[85.647929,45.782507],[85.647769,45.782688],[85.647056,45.782988],[85.645335,45.783407],[85.643615,45.784261],[85.643342,45.784700],[85.643230,45.785826],[85.642984,45.786615],[85.642047,45.787246],[85.641690,45.787659],[85.641650,45.788351],[85.642287,45.789195],[85.648832,45.794134],[85.649649,45.794951],[85.651549,45.796334],[85.652594,45.796891],[85.653672,45.797623],[85.655407,45.799104],[85.656661,45.799751],[85.657648,45.800737],[85.659419,45.802252],[85.659857,45.802479],[85.661501,45.802543],[85.662173,45.802987],[85.662803,45.803688],[85.663275,45.803983],[85.663761,45.804156],[85.665216,45.804151],[85.665800,45.804259],[85.666376,45.804722],[85.666458,45.805295],[85.666654,45.805598],[85.666949,45.805765],[85.668292,45.805963],[85.669751,45.806534],[85.670061,45.806839],[85.670074,45.807027],[85.669786,45.807829],[85.669907,45.808006],[85.670174,45.808088],[85.671695,45.808084],[85.672698,45.807956],[85.673043,45.808035],[85.673557,45.808351],[85.673730,45.808354],[85.673892,45.808348],[85.674342,45.808045],[85.674952,45.807832],[85.675929,45.808033],[85.676270,45.808313],[85.676408,45.808544],[85.676281,45.809085],[85.676317,45.809595],[85.677272,45.809971],[85.678896,45.810415],[85.679789,45.810890],[85.681068,45.810974],[85.681353,45.811078],[85.681795,45.811615],[85.681852,45.812000],[85.682068,45.812224],[85.684363,45.812376],[85.684593,45.812525],[85.684845,45.812791],[85.684892,45.813301],[85.684326,45.813966],[85.684396,45.814309],[85.684708,45.814501],[85.686134,45.815217],[85.687856,45.815307],[85.688076,45.815410],[85.688288,45.815797],[85.688298,45.816127],[85.688468,45.816297],[85.689287,45.816353],[85.690339,45.816167],[85.690655,45.816225],[85.691009,45.816706],[85.691108,45.817041],[85.691094,45.817659],[85.691224,45.817736],[85.691668,45.817700],[85.692214,45.817386],[85.693105,45.817176],[85.693399,45.817389],[85.693518,45.817666],[85.693512,45.817946],[85.692901,45.818476],[85.692752,45.818675],[85.692779,45.818830],[85.693625,45.819237],[85.694201,45.819708],[85.694564,45.819813],[85.695479,45.819846],[85.695667,45.819995],[85.695708,45.820271],[85.694989,45.821055],[85.694953,45.821309],[85.695582,45.821551],[85.695675,45.821707],[85.695760,45.822138],[85.695559,45.822565],[85.695628,45.822909],[85.695912,45.823079],[85.697083,45.823182],[85.699151,45.822821],[85.699701,45.822854],[85.699888,45.823044],[85.699883,45.823253],[85.699552,45.823845],[85.699546,45.824087],[85.699701,45.824357],[85.700625,45.824774],[85.701167,45.825181],[85.701796,45.825398],[85.704072,45.825595],[85.704702,45.825812],[85.704754,45.826134],[85.703979,45.826763],[85.703835,45.827049],[85.703926,45.827225],[85.704712,45.827403],[85.705273,45.827740],[85.705686,45.827770],[85.706063,45.827742],[85.706848,45.827464],[85.707657,45.827428],[85.707762,45.827550],[85.707677,45.827850],[85.707340,45.828201],[85.706991,45.828789],[85.707081,45.829036],[85.707298,45.829202],[85.708200,45.829314],[85.708340,45.829462],[85.708292,45.829958],[85.708373,45.830088],[85.708863,45.830141],[85.709518,45.829740],[85.709934,45.829603],[85.710723,45.829676],[85.711101,45.829881],[85.711174,45.830082],[85.711091,45.830323],[85.710422,45.831046],[85.710460,45.831443],[85.710755,45.831643],[85.711559,45.831832],[85.712029,45.832214],[85.712905,45.832609],[85.713294,45.832869],[85.713506,45.833281],[85.713677,45.833404],[85.714023,45.833454],[85.714612,45.833349],[85.716369,45.833417],[85.716555,45.833649],[85.716502,45.833895],[85.715573,45.834213],[85.715218,45.834563],[85.715154,45.834750],[85.715211,45.834843],[85.715635,45.835026],[85.717916,45.835115],[85.718874,45.835335],[85.719422,45.835718],[85.719436,45.836403],[85.719734,45.836465],[85.721396,45.836486],[85.722460,45.836298],[85.723659,45.836434],[85.723667,45.836856],[85.722496,45.837601],[85.722101,45.838106],[85.722074,45.838778],[85.722564,45.839314],[85.723192,45.839589],[85.724271,45.839468],[85.726044,45.838872],[85.726738,45.838860],[85.726908,45.838991],[85.727015,45.839293],[85.726975,45.839489],[85.725282,45.841059],[85.725355,45.841281],[85.725652,45.841351],[85.726846,45.841191],[85.727287,45.841284],[85.727610,45.841521],[85.727944,45.841555],[85.728679,45.841355],[85.729517,45.841311],[85.729706,45.841434],[85.729825,45.841690],[85.729724,45.841923],[85.729158,45.842388],[85.729121,45.842696],[85.729262,45.842798],[85.729626,45.842823],[85.729988,45.842686],[85.731052,45.841939],[85.731958,45.841803],[85.732106,45.842135],[85.731946,45.843636],[85.732099,45.843993],[85.732329,45.844150],[85.733411,45.843920],[85.733679,45.843945],[85.733974,45.844115],[85.734195,45.844414],[85.734008,45.844755],[85.732866,45.845768],[85.732839,45.846189],[85.734333,45.846482],[85.734695,45.846620],[85.734911,45.846865],[85.734907,45.847019],[85.734648,45.847379],[85.733670,45.847777],[85.733653,45.847986],[85.733776,45.848087],[85.734656,45.848352],[85.734884,45.848810],[85.735116,45.848888],[85.735373,45.848891],[85.735549,45.848772],[85.736021,45.848268],[85.736323,45.848130],[85.736670,45.848113],[85.736908,45.848157],[85.737496,45.848607],[85.739238,45.848527],[85.740742,45.849141],[85.741806,45.849717],[85.742208,45.850144],[85.742265,45.850541],[85.742135,45.850761],[85.741276,45.851477],[85.741316,45.851812],[85.741570,45.851936],[85.742059,45.851975],[85.742601,45.851826],[85.743752,45.851927],[85.743987,45.851863],[85.744279,45.851612],[85.745014,45.851357],[85.745958,45.851376],[85.746308,45.851514],[85.746507,45.851704],[85.746520,45.851904],[85.746000,45.852449],[85.746026,45.852604],[85.746292,45.852728],[85.746850,45.852660],[85.747589,45.852764],[85.747698,45.852945],[85.747610,45.853916],[85.747722,45.854026],[85.748883,45.854461],[85.749376,45.854884],[85.749371,45.855084],[85.749033,45.855489],[85.749077,45.855665],[85.750781,45.855651],[85.751208,45.855789],[85.751483,45.856055],[85.751522,45.856431],[85.751354,45.857018],[85.751409,45.857228],[85.751550,45.857329],[85.752687,45.857268],[85.752979,45.857003],[85.754552,45.856135],[85.755116,45.856049],[85.755433,45.856278],[85.755425,45.856654],[85.755226,45.857002],[85.754423,45.857611],[85.754356,45.857945],[85.754532,45.858097],[85.755794,45.858294],[85.755968,45.859089],[85.755728,45.860189],[85.755998,45.860417],[85.756417,45.860423],[85.757595,45.860076],[85.758346,45.860194],[85.758940,45.860825],[85.759178,45.861422],[85.758914,45.862012],[85.757632,45.862749],[85.757329,45.863456],[85.757573,45.863767],[85.757859,45.863812],[85.758267,45.863708],[85.760193,45.862585],[85.760634,45.862589],[85.761821,45.863462],[85.762533,45.863670],[85.763260,45.863744],[85.763724,45.864342],[85.763899,45.865095],[85.764523,45.865544],[85.764481,45.865761],[85.763735,45.866597],[85.763825,45.866865],[85.764168,45.866952],[85.765500,45.866682],[85.766169,45.866689],[85.766394,45.866775],[85.765386,45.868067],[85.765751,45.868271],[85.766858,45.868458],[85.767036,45.869061],[85.767533,45.869241],[85.769099,45.868639],[85.769446,45.868685],[85.769440,45.868885],[85.769042,45.869674],[85.768974,45.870033],[85.769157,45.870360],[85.769522,45.870589],[85.770034,45.870678],[85.772885,45.870264],[85.773325,45.870319],[85.773656,45.871074],[85.773936,45.871335],[85.774242,45.871497],[85.775101,45.871530],[85.775345,45.871858],[85.775183,45.872166],[85.774467,45.872693],[85.774377,45.872960],[85.774460,45.873069],[85.774874,45.873182],[85.775725,45.873082],[85.777155,45.872611],[85.777598,45.872591],[85.777917,45.872753],[85.777874,45.873061],[85.776083,45.874121],[85.776080,45.874279],[85.777014,45.874681],[85.777389,45.875044],[85.777718,45.875798],[85.778000,45.875993],[85.779617,45.875792],[85.780605,45.875317],[85.780952,45.875337],[85.781105,45.875431],[85.780942,45.875780],[85.779606,45.876276],[85.779597,45.876677],[85.779976,45.876856],[85.780357,45.876835],[85.780986,45.876515],[85.782252,45.876435],[85.782532,45.876789],[85.782791,45.878035],[85.783062,45.878673],[85.783496,45.879036],[85.784030,45.879191],[85.785212,45.879737],[85.785431,45.880065],[85.785516,45.880533],[85.786048,45.880822],[85.787310,45.880926],[85.788005,45.880841],[85.791054,45.880009],[85.791742,45.880216],[85.791828,45.880593],[85.791727,45.880834],[85.790442,45.881791],[85.790314,45.882215],[85.790389,45.882633],[85.790703,45.882945],[85.791297,45.883059],[85.792094,45.882649],[85.793168,45.882634],[85.794321,45.883421],[85.795417,45.884024],[85.796395,45.884017],[85.797186,45.883849],[85.797686,45.883962],[85.798283,45.884476],[85.798319,45.885512],[85.798429,45.885997],[85.798706,45.886417],[85.799514,45.887093],[85.799787,45.887755],[85.800125,45.888134],[85.800467,45.888270],[85.801696,45.888281],[85.801979,45.888443],[85.802013,45.888551],[85.801656,45.889033],[85.801613,45.889408],[85.801798,45.889652],[85.802292,45.889923],[85.803175,45.889973],[85.804441,45.889876],[85.804591,45.890161],[85.804618,45.890537],[85.804839,45.890806],[85.805551,45.891013],[85.805889,45.891350],[85.806009,45.891877],[85.805784,45.892359],[85.805837,45.892694],[85.807429,45.893501],[85.808461,45.893802],[85.808933,45.894049],[85.809858,45.894850],[85.810521,45.895098],[85.813021,45.894744],[85.813617,45.894749],[85.813924,45.894927],[85.814204,45.895197],[85.814140,45.895397],[85.813277,45.896182],[85.813319,45.896959],[85.814537,45.897479],[85.815918,45.897600],[85.816235,45.897861],[85.816346,45.898221],[85.815703,45.899318],[85.815313,45.899715],[85.815426,45.900000],[85.815685,45.900136],[85.816663,45.900103],[85.818198,45.900333],[85.821633,45.902041],[85.821972,45.902378],[85.821872,45.902594],[85.820615,45.902809],[85.820095,45.903138],[85.820160,45.903448],[85.821533,45.903944],[85.823105,45.904066],[85.823351,45.904285],[85.823571,45.904579],[85.823529,45.904862],[85.823111,45.905477],[85.822806,45.906359],[85.823048,45.906762],[85.823713,45.906918],[85.824118,45.906921],[85.824718,45.906751],[85.825613,45.906717],[85.826555,45.906725],[85.827781,45.906869],[85.828063,45.907088],[85.828004,45.908173],[85.828286,45.908376],[85.829792,45.908740],[85.830770,45.908790],[85.831645,45.909173],[85.832407,45.909246],[85.832653,45.909423],[85.833266,45.910364],[85.833955,45.910478],[85.834616,45.910834],[85.834610,45.911101],[85.834371,45.911717],[85.834386,45.912711],[85.834840,45.913182],[85.835809,45.913675],[85.836313,45.914122],[85.836705,45.914743],[85.837171,45.915273],[85.837316,45.915783],[85.837020,45.916265],[85.836477,45.918248],[85.837005,45.918678],[85.838918,45.919045],[85.839296,45.919223],[85.839444,45.919558],[85.839417,45.919733],[85.838701,45.920320],[85.838532,45.920962],[85.838559,45.921405],[85.838992,45.921826],[85.839719,45.921857],[85.844881,45.920881],[85.848151,45.921460],[85.848613,45.922199],[85.849906,45.923712],[85.850433,45.924134],[85.850813,45.924271],[85.851184,45.924232],[85.851606,45.924052],[85.852106,45.924081],[85.852136,45.924391],[85.851825,45.925557],[85.852044,45.925918],[85.852448,45.926005],[85.852831,45.925991],[85.853974,45.925533],[85.855098,45.924833],[85.856171,45.924341],[85.857166,45.924082],[85.858592,45.923852],[85.860759,45.924088],[85.862513,45.924704],[85.864471,45.924696],[85.865959,45.924926],[85.866837,45.925200],[85.867237,45.925513],[85.867743,45.927020],[85.868023,45.927373],[85.868960,45.927690],[85.869491,45.928004],[85.869650,45.928364],[85.869699,45.928916],[85.869103,45.930063],[85.868712,45.930452],[85.868707,45.930719],[85.868932,45.930829],[85.870759,45.930828],[85.871175,45.930941],[85.871361,45.931184],[85.870825,45.932282],[85.870376,45.932654],[85.870406,45.932896],[85.870655,45.933007],[85.873880,45.933018],[85.875296,45.933273],[85.875765,45.933694],[85.875971,45.934180],[85.876344,45.934610],[85.877700,45.934930],[85.879694,45.934990],[85.881448,45.935715],[85.881532,45.936284],[85.880703,45.936527],[85.880602,45.936785],[85.880656,45.937052],[85.880878,45.937322],[85.880870,45.937714],[85.880729,45.938180],[85.880341,45.938444],[85.879932,45.938591],[85.879674,45.938947],[85.879814,45.939700],[85.881168,45.940105],[85.883255,45.939748],[85.884089,45.939271],[85.885400,45.938907],[85.886214,45.938806],[85.886882,45.938895],[85.887352,45.939300],[85.887688,45.939854],[85.888394,45.941030],[85.888571,45.941699],[85.888369,45.942249],[85.887811,45.943279],[85.886570,45.943735],[85.885772,45.943569],[85.884360,45.943047],[85.883037,45.942885],[85.881554,45.942939],[85.879542,45.943739],[85.878029,45.945295],[85.877678,45.945484],[85.875816,45.945401],[85.875298,45.945580],[85.875042,45.945837],[85.875038,45.946062],[85.876426,45.947711],[85.876764,45.948173],[85.876853,45.948483],[85.876787,45.948791],[85.875288,45.949621],[85.875283,45.949888],[85.875490,45.950266],[85.875866,45.950620],[85.876806,45.950829],[85.878668,45.950912],[85.879274,45.951109],[85.879387,45.951444],[85.879411,45.952021],[85.879808,45.952483],[85.880276,45.952955],[85.881120,45.953188],[85.882171,45.953239],[85.882730,45.953378],[85.883842,45.953405],[85.884290,45.953100],[85.886076,45.952297],[85.886618,45.952110],[85.887285,45.952200],[85.887587,45.952670],[85.886523,45.953830],[85.886577,45.954139],[85.886898,45.954234],[85.888285,45.954221],[85.889163,45.954605],[85.890588,45.954510],[85.891472,45.954559],[85.891943,45.954898],[85.892586,45.955672],[85.892904,45.955900],[85.893979,45.956019],[85.895021,45.955937],[85.895495,45.956141],[85.895737,45.956611],[85.895630,45.957203],[85.895163,45.958418],[85.895601,45.958639],[85.895985,45.958601],[85.897130,45.958169],[85.900917,45.957278],[85.902975,45.957339],[85.903377,45.957569],[85.904236,45.958946],[85.903907,45.959820],[85.903576,45.960259],[85.901386,45.960798],[85.899058,45.961719],[85.898282,45.962263],[85.897353,45.963248],[85.897047,45.964155],[85.897291,45.964533],[85.898117,45.964516],[85.899323,45.964085],[85.902532,45.963414],[85.907337,45.962575],[85.908997,45.962191],[85.910351,45.962162],[85.911116,45.962262],[85.911362,45.962548],[85.911308,45.963432],[85.910607,45.963776],[85.909899,45.964454],[85.909307,45.965308],[85.909709,45.966197],[85.910608,45.966782],[85.911651,45.967318],[85.913685,45.966854],[85.914954,45.966917],[85.916243,45.967172],[85.917956,45.967189],[85.918373,45.967277],[85.918776,45.967507],[85.919171,45.968471],[85.919375,45.969387],[85.919612,45.969523],[85.919971,45.969527],[85.920646,45.969379],[85.926581,45.967453],[85.928206,45.967136],[85.929141,45.966528],[85.930014,45.965385],[85.930562,45.964974],[85.931070,45.964762],[85.932252,45.964399],[85.933780,45.964173],[85.935829,45.963635],[85.940102,45.962295],[85.940510,45.962300],[85.940865,45.962571],[85.943159,45.963715],[85.943905,45.964257],[85.943991,45.964768],[85.943621,45.965933],[85.942939,45.967077],[85.941644,45.968257],[85.941122,45.968577],[85.939378,45.968800],[85.938796,45.969128],[85.938320,45.969524],[85.938175,45.970223],[85.938038,45.970447],[85.937374,45.970682],[85.936071,45.972305],[85.933704,45.973098],[85.932487,45.973986],[85.931922,45.975308],[85.932307,45.976506],[85.933207,45.977710],[85.936404,45.979973],[85.939606,45.981928],[85.939908,45.982458],[85.939762,45.983207],[85.938262,45.986949],[85.937940,45.987454],[85.937515,45.987734],[85.937044,45.987846],[85.936717,45.988034],[85.935745,45.989268],[85.935898,45.991273],[85.936300,45.991586],[85.937221,45.991797],[85.938330,45.992184],[85.939468,45.992289],[85.941369,45.992702],[85.942276,45.993004],[85.943156,45.993431],[85.946220,45.995218],[85.949251,45.997565],[85.951829,45.999097],[85.954629,46.001292],[85.954572,46.001842],[85.953434,46.004183],[85.952155,46.006373],[85.952039,46.007416],[85.952021,46.009603],[85.952203,46.013980],[85.952083,46.018371],[85.952169,46.018948],[85.952694,46.019747],[85.955592,46.022894],[85.960603,46.028787],[85.961183,46.029938],[85.961456,46.030759],[85.961583,46.032306],[85.961561,46.033524],[85.962103,46.038565],[85.962491,46.044799],[85.964009,46.045325],[85.966541,46.046373],[85.973524,46.049460],[85.985687,46.054479],[85.986665,46.055000],[85.988283,46.055462],[86.002288,46.058699],[86.004789,46.059147],[86.005770,46.059517],[86.010262,46.061641],[86.013931,46.063161],[86.016021,46.064188],[86.024301,46.067948],[86.024510,46.068392],[86.024289,46.070001],[86.022811,46.072498],[86.019954,46.074060],[86.016426,46.076625],[86.014609,46.078549],[86.013748,46.080125],[86.013017,46.081954],[86.011924,46.086408],[86.011520,46.087464],[86.011306,46.088631],[86.010502,46.090449],[86.009489,46.091857],[86.006574,46.094725],[86.003419,46.097238],[86.002943,46.097963],[86.002722,46.098867],[86.002846,46.099666],[86.004132,46.100787],[86.004795,46.101497],[86.005155,46.102236],[86.004890,46.103288],[86.004232,46.104300],[86.003548,46.105072],[86.002356,46.106056],[86.000671,46.106925],[85.999572,46.107623],[85.998567,46.108563],[85.998438,46.110331],[85.997772,46.112502],[85.996813,46.114111],[85.995786,46.116219],[85.993150,46.123896],[85.992572,46.124482],[85.990004,46.126471],[85.979606,46.133229],[85.955583,46.149150],[85.932525,46.163944],[85.926932,46.167917],[85.922256,46.170884],[85.909065,46.179001],[85.905907,46.181238],[85.905342,46.181541],[85.902921,46.181839],[85.898403,46.182168],[85.892298,46.182257],[85.887940,46.182460],[85.884824,46.182464],[85.879360,46.182657],[85.873784,46.183581],[85.868340,46.184285],[85.863022,46.185100],[85.862753,46.185064],[85.862522,46.184920],[85.860274,46.183122],[85.859208,46.182483],[85.858347,46.181758],[85.856673,46.180662],[85.855212,46.180019],[85.854519,46.179871],[85.853692,46.179898],[85.852993,46.180067],[85.851324,46.180187],[85.850067,46.180398],[85.846746,46.181242],[85.845543,46.182017],[85.844119,46.181905],[85.843509,46.182130],[85.842205,46.182286],[85.841909,46.182129],[85.841586,46.181805],[85.841218,46.181029],[85.840802,46.180575],[85.839542,46.180076],[85.839112,46.179997],[85.838609,46.180014],[85.837915,46.180484],[85.837518,46.180556],[85.836218,46.180536],[85.833291,46.180950],[85.830131,46.181278],[85.828417,46.181285],[85.827851,46.181159],[85.826593,46.180551],[85.825908,46.180612],[85.824920,46.180879],[85.823747,46.180794],[85.823038,46.180049],[85.822105,46.179653],[85.817634,46.179636],[85.817037,46.179530],[85.814658,46.178132],[85.814168,46.178040],[85.813860,46.178146],[85.809281,46.183154],[85.806874,46.186072],[85.806611,46.186278],[85.804527,46.187287],[85.798150,46.190123],[85.793030,46.192230],[85.792143,46.192731],[85.791455,46.192892],[85.783818,46.192840],[85.764816,46.193001],[85.752604,46.192935],[85.741937,46.192673],[85.716814,46.192893],[85.713002,46.193121],[85.711919,46.193095],[85.706253,46.192163],[85.705043,46.192113],[85.704482,46.192139],[85.701176,46.193104],[85.698065,46.193158],[85.696236,46.193025],[85.694054,46.192266],[85.692632,46.192247],[85.688646,46.191813],[85.683151,46.191216],[85.680261,46.190814],[85.679874,46.190841],[85.677226,46.192188],[85.671311,46.194712],[85.662781,46.198651],[85.660750,46.199354],[85.660119,46.199763],[85.660015,46.200096],[85.660058,46.200292],[85.660442,46.200874],[85.660426,46.201041],[85.660042,46.201707],[85.658826,46.201867],[85.656766,46.202523],[85.655670,46.202973],[85.654225,46.204125],[85.653121,46.205392],[85.652367,46.206882],[85.651557,46.208177],[85.651249,46.208946],[85.651152,46.209708],[85.650783,46.210517],[85.650468,46.210814],[85.648288,46.211946],[85.647172,46.211972],[85.646251,46.211651],[85.645862,46.211302],[85.644061,46.210782],[85.640992,46.210324],[85.639991,46.210097],[85.636782,46.209745],[85.632306,46.209443],[85.631047,46.209447],[85.630667,46.209455],[85.630248,46.209591],[85.629539,46.209991],[85.627727,46.210464],[85.624170,46.211061],[85.620231,46.211319],[85.619714,46.211541],[85.619209,46.211978],[85.618663,46.212158],[85.614965,46.212199],[85.614648,46.212119],[85.613709,46.211644],[85.608913,46.211120],[85.607837,46.210852],[85.607524,46.210626],[85.606646,46.208692],[85.606070,46.208145],[85.605403,46.207673],[85.604032,46.206905],[85.603010,46.206437],[85.602490,46.206309],[85.601903,46.206203],[85.601439,46.206229],[85.600074,46.206922],[85.599432,46.207136],[85.597636,46.207055],[85.594562,46.207106],[85.593531,46.207007],[85.592868,46.206810],[85.591761,46.205936],[85.590757,46.205945],[85.588520,46.205764],[85.588017,46.205683],[85.587309,46.205407],[85.586529,46.205345],[85.584129,46.205470],[85.583668,46.205398],[85.583139,46.204942],[85.582989,46.204471],[85.582925,46.202750],[85.582866,46.202509],[85.582667,46.202292],[85.581663,46.201871],[85.580252,46.201605],[85.577428,46.200257],[85.576578,46.199938],[85.574269,46.199612],[85.573440,46.199635],[85.572825,46.199507],[85.571643,46.199019],[85.570904,46.198822],[85.570219,46.198405],[85.569369,46.198066],[85.567914,46.197740],[85.567171,46.197698],[85.565769,46.197858],[85.564332,46.198210],[85.562582,46.198366],[85.561477,46.198187],[85.558096,46.198117],[85.557528,46.198035],[85.553373,46.196213],[85.551501,46.195575],[85.549304,46.195229],[85.548410,46.194798],[85.547120,46.194387],[85.545966,46.193857],[85.542751,46.191925],[85.540017,46.189717],[85.538702,46.189130],[85.536870,46.188870],[85.534510,46.188888],[85.532994,46.188675],[85.531844,46.188229],[85.530666,46.187269],[85.529212,46.185409],[85.527007,46.184338],[85.526013,46.183685],[85.524371,46.182842],[85.521605,46.181929],[85.520358,46.181782],[85.519227,46.181528],[85.517579,46.181370],[85.514560,46.180567],[85.510688,46.179213],[85.507253,46.177850],[85.506350,46.177390],[85.505453,46.176032],[85.504831,46.174887],[85.504569,46.174620],[85.504100,46.174494],[85.502493,46.174475],[85.501735,46.174285],[85.501179,46.173803],[85.499228,46.172936],[85.498609,46.172387],[85.497778,46.171439],[85.497572,46.171329],[85.495673,46.170720],[85.495238,46.170453],[85.494047,46.170011],[85.492567,46.169640],[85.490412,46.168557],[85.490170,46.167980],[85.488641,46.167445],[85.487678,46.167206],[85.483481,46.167271],[85.482991,46.167220],[85.482220,46.166949],[85.481995,46.166670],[85.481714,46.165761],[85.481564,46.164908],[85.481368,46.164644],[85.480776,46.164194],[85.480582,46.163825],[85.480683,46.163650],[85.482161,46.163436],[85.482522,46.163148],[85.482558,46.162706],[85.482325,46.162043],[85.481964,46.161885],[85.481351,46.161778],[85.480015,46.162032],[85.479621,46.162007],[85.474997,46.160133],[85.473490,46.159640],[85.470263,46.158370],[85.467360,46.157445],[85.461619,46.155878],[85.459148,46.155374],[85.457256,46.154271],[85.455352,46.153794],[85.453903,46.153548],[85.452036,46.152817],[85.451083,46.152840],[85.449834,46.153368],[85.449082,46.153458],[85.448239,46.153173],[85.447575,46.152480],[85.446633,46.152093],[85.445952,46.152019],[85.444662,46.151635],[85.441763,46.151560],[85.441197,46.151452],[85.439854,46.150575],[85.437993,46.150231],[85.437294,46.149713],[85.435830,46.148280],[85.433416,46.146672],[85.433021,46.146015],[85.432997,46.145163],[85.433294,46.144220],[85.434080,46.142740],[85.434159,46.141622],[85.435908,46.140428],[85.436472,46.139555],[85.436466,46.139153],[85.436131,46.138685],[85.434194,46.136995],[85.433544,46.136035],[85.433361,46.135094],[85.433132,46.134694],[85.432152,46.133522],[85.431261,46.131944],[85.431019,46.131621],[85.430812,46.131497],[85.430021,46.131474],[85.428919,46.131574],[85.427083,46.131860],[85.426253,46.131445],[85.422960,46.131204],[85.419386,46.128108],[85.416709,46.127865],[85.414879,46.128749],[85.414468,46.128753],[85.413651,46.128760],[85.412408,46.128491],[85.411798,46.128788],[85.410853,46.131806],[85.408641,46.133692],[85.406611,46.134437],[85.406247,46.134443],[85.405774,46.134720],[85.402324,46.136236],[85.398798,46.136186],[85.397561,46.136544],[85.394876,46.137699],[85.394722,46.138052],[85.394884,46.138882],[85.394987,46.140298],[85.394693,46.140678],[85.394381,46.140861],[85.391402,46.142199],[85.390818,46.142621],[85.390332,46.143219],[85.390020,46.144433],[85.389912,46.145643],[85.389521,46.146280],[85.388307,46.146245],[85.385659,46.145454],[85.384207,46.144898],[85.382487,46.144055],[85.380092,46.143605],[85.377789,46.144252],[85.363059,46.147772],[85.347789,46.151552],[85.343242,46.152096],[85.338034,46.151355],[85.335696,46.151541],[85.333766,46.153026],[85.333132,46.154992],[85.331957,46.155856],[85.330437,46.156265],[85.328197,46.156573],[85.324778,46.157374],[85.323309,46.158864],[85.321971,46.159192],[85.319492,46.158936],[85.319071,46.158649],[85.316814,46.159106],[85.313723,46.159137],[85.312705,46.159722],[85.312108,46.160728],[85.310670,46.160597],[85.309201,46.159898],[85.308176,46.160053],[85.307373,46.160776],[85.307632,46.163065],[85.307029,46.163496],[85.304566,46.164093],[85.303143,46.164970],[85.298799,46.164304],[85.296328,46.164616],[85.296780,46.166044],[85.297200,46.166321],[85.296627,46.168190],[85.293790,46.170078],[85.293216,46.171940],[85.292811,46.172230],[85.290135,46.172402],[85.287864,46.172150],[85.287253,46.172436],[85.287520,46.175004],[85.287329,46.175442],[85.286106,46.176168],[85.281971,46.175499],[85.278677,46.175823],[85.277462,46.176550],[85.277065,46.177129],[85.276690,46.178850],[85.275468,46.179433],[85.270739,46.179627],[85.269583,46.179889],[85.268073,46.180232],[85.264828,46.182278],[85.261949,46.182304],[85.261330,46.182169],[85.259857,46.181192],[85.257795,46.181070],[85.256162,46.181523],[85.252910,46.183271],[85.249622,46.183455],[85.245486,46.182654],[85.242404,46.182689],[85.240970,46.182991],[85.238942,46.184310],[85.231584,46.185971],[85.229320,46.186002],[85.227478,46.184494],[85.224551,46.184955],[85.220511,46.185952],[85.215623,46.187157],[85.214357,46.187583],[85.209686,46.189151],[85.205016,46.190725],[85.201655,46.191950],[85.197055,46.193624],[85.196579,46.193759],[85.191771,46.195120],[85.186965,46.196484],[85.182158,46.197842],[85.178720,46.198178],[85.173585,46.198687],[85.171446,46.198934],[85.166328,46.199537],[85.166190,46.199533],[85.161011,46.199539],[85.155822,46.199542],[85.156775,46.199685],[85.151743,46.199862],[85.146562,46.200049],[85.143521,46.199936],[85.138339,46.199744],[85.137463,46.200132],[85.133086,46.202064],[85.128691,46.203994],[85.127755,46.204179],[85.122769,46.205173],[85.117773,46.206169],[85.116836,46.206257],[85.111690,46.206724],[85.106526,46.207195],[85.103965,46.207629],[85.098911,46.208484],[85.096288,46.209007],[85.091284,46.209996],[85.087721,46.210675],[85.082697,46.211625],[85.077680,46.212581],[85.077480,46.212645],[85.072748,46.214150],[85.068024,46.215658],[85.066762,46.216341],[85.062662,46.218560],[85.062419,46.218695],[85.058362,46.220956],[85.054313,46.223214],[85.050254,46.225475],[85.048991,46.226157],[85.044888,46.228375],[85.041394,46.230918],[85.037813,46.233530],[85.036313,46.235136],[85.033489,46.238171],[85.030674,46.241192],[85.029332,46.242277],[85.025924,46.245003],[85.024023,46.245787],[85.019559,46.247654],[85.017048,46.249508],[85.013481,46.252131],[85.009748,46.253878],[85.005431,46.255900],[85.003792,46.256632],[84.999414,46.258585],[84.995036,46.260542],[84.994914,46.260607],[84.990771,46.262794],[84.986629,46.264986],[84.986062,46.265367],[84.982304,46.267860],[84.978538,46.270349],[84.978050,46.270612],[84.973927,46.272818],[84.969803,46.275016],[84.969411,46.275349],[84.966057,46.278101],[84.962702,46.280857],[84.961012,46.282450],[84.957945,46.285359],[84.956726,46.286632],[84.953860,46.289642],[84.951596,46.292037],[84.948749,46.295056],[84.947478,46.296980],[84.945310,46.300257],[84.943804,46.301197],[84.939922,46.303611],[84.937251,46.306115],[84.934153,46.309014],[84.933327,46.309859],[84.930413,46.312846],[84.927882,46.314444],[84.924030,46.316871],[84.923126,46.317565],[84.919607,46.320227],[84.917765,46.322873],[84.915497,46.326114],[84.914959,46.327224],[84.913299,46.330639],[84.911659,46.334064],[84.911355,46.336173],[84.910843,46.339762],[84.909888,46.341992],[84.908385,46.345442],[84.907343,46.347122],[84.905252,46.350473],[84.902708,46.353620],[84.900165,46.356766],[84.899948,46.358923],[84.899610,46.362521],[84.899264,46.366124],[84.899307,46.367092],[84.899481,46.370694],[84.900054,46.372877],[84.900992,46.376431],[84.901045,46.377620],[84.901202,46.381224],[84.901550,46.382708],[84.902401,46.386267],[84.902453,46.387296],[84.902653,46.390898],[84.902845,46.394505],[84.902620,46.395782],[84.901960,46.399363],[84.901318,46.402939],[84.899765,46.406099],[84.898099,46.409515],[84.896424,46.412932],[84.894568,46.414096],[84.890707,46.416519],[84.889310,46.419246],[84.887567,46.422651],[84.885704,46.425252],[84.883380,46.428483],[84.881056,46.431810],[84.880961,46.435413],[84.880866,46.439020],[84.881197,46.441385],[84.881700,46.444970],[84.881648,46.445761],[84.881414,46.449364],[84.881172,46.452962],[84.880062,46.454496],[84.877731,46.457723],[84.878121,46.459429],[84.878928,46.462992],[84.880871,46.465391],[84.883420,46.468531],[84.884418,46.469768],[84.886951,46.472917],[84.887601,46.473702],[84.890171,46.476839],[84.890613,46.478996],[84.891342,46.482568],[84.891412,46.482855],[84.892211,46.486418],[84.893018,46.489982],[84.893818,46.493545],[84.891996,46.496121],[84.889697,46.499356],[84.887528,46.502374],[84.885213,46.505610],[84.882924,46.507187],[84.879239,46.509739],[84.876153,46.511031],[84.871689,46.512900],[84.870164,46.513279],[84.865259,46.514493],[84.863145,46.515195],[84.858442,46.516760],[84.858303,46.516908],[84.855471,46.519938],[84.852639,46.522969],[84.849755,46.525001],[84.846101,46.527577],[84.842438,46.530154],[84.837841,46.531817],[84.833226,46.533484],[84.828827,46.535246],[84.824307,46.537052],[84.821424,46.538659],[84.817363,46.540919],[84.816238,46.543765],[84.814862,46.547249],[84.814689,46.547275],[84.809571,46.547983],[84.804461,46.548695],[84.803898,46.548821],[84.798943,46.549936],[84.793978,46.551051],[84.789342,46.552116],[84.784385,46.553255],[84.779435,46.554389],[84.777146,46.555720],[84.773159,46.558050],[84.772152,46.558667],[84.768257,46.561070],[84.767434,46.561426],[84.763018,46.563351],[84.758593,46.565276],[84.757846,46.565845],[84.754314,46.568506],[84.750789,46.571164],[84.749366,46.572145],[84.745667,46.574692],[84.741967,46.577239],[84.740873,46.577990],[84.737180,46.580541],[84.733488,46.583091],[84.730124,46.585050],[84.726136,46.587378],[84.724718,46.588427],[84.721163,46.591067],[84.719667,46.592390],[84.716476,46.595239],[84.714510,46.596591],[84.710814,46.599134],[84.708874,46.601536],[84.706343,46.604684],[84.703716,46.607619],[84.700984,46.610689],[84.698235,46.613753],[84.695659,46.616840],[84.693040,46.619957],[84.692048,46.621749],[84.690186,46.625114],[84.688316,46.628476],[84.688159,46.629101],[84.687245,46.632646],[84.686332,46.636192],[84.687002,46.639471],[84.687725,46.643037],[84.688458,46.646612],[84.689067,46.647871],[84.690730,46.651292],[84.691670,46.652566],[84.694029,46.655792],[84.694325,46.656152],[84.696901,46.659296],[84.699477,46.662439],[84.700818,46.663775],[84.703794,46.666749],[84.704813,46.667593],[84.708163,46.670372],[84.709807,46.671495],[84.713539,46.674036],[84.715061,46.675453],[84.718184,46.678354],[84.718462,46.678788],[84.720524,46.682104],[84.722593,46.685419],[84.723298,46.687660],[84.724395,46.691191],[84.725491,46.694709],[84.725743,46.696537],[84.726247,46.700124],[84.726743,46.703711],[84.726109,46.706299],[84.725232,46.709845],[84.725432,46.712460],[84.725711,46.716060],[84.725841,46.716372],[84.727311,46.719834],[84.728780,46.723296],[84.728867,46.723453],[84.730877,46.726789],[84.732885,46.730116],[84.733537,46.730929],[84.736092,46.734079],[84.738629,46.737233],[84.738872,46.737412],[84.742356,46.740105],[84.745849,46.742794],[84.749444,46.745322],[84.753109,46.747897],[84.756816,46.750164],[84.760731,46.752560],[84.761226,46.753636],[84.762814,46.757071],[84.764402,46.760500],[84.764473,46.761960],[84.764647,46.765560],[84.764586,46.766372],[84.764283,46.769967],[84.763988,46.773567],[84.764049,46.776159],[84.764146,46.779767],[84.764119,46.779902],[84.763494,46.783476],[84.762871,46.787058],[84.762654,46.787910],[84.762288,46.789365],[84.762300,46.790082],[84.761476,46.790948],[84.761927,46.792802],[84.761317,46.794095],[84.762377,46.794944],[84.767190,46.797196],[84.769896,46.797598],[84.772396,46.797582],[84.775536,46.798172],[84.781155,46.800118],[84.789512,46.802435],[84.792429,46.803118],[84.799716,46.804337],[84.801376,46.804466],[84.803264,46.805588],[84.803691,46.806163],[84.808328,46.810404],[84.813353,46.812931],[84.820020,46.814297],[84.821276,46.815282],[84.821504,46.816420],[84.819678,46.818729],[84.819701,46.820160],[84.820766,46.823456],[84.821650,46.825432],[84.820977,46.826416],[84.820725,46.826506],[84.820656,46.826664],[84.822050,46.832166],[84.828378,46.832553],[84.830443,46.832828],[84.832617,46.833261],[84.834206,46.833887],[84.835072,46.834591],[84.836130,46.835460],[84.836467,46.836195],[84.836596,46.837038],[84.836485,46.837765],[84.836579,46.838467],[84.836959,46.839175],[84.837277,46.840357],[84.837866,46.841937],[84.838174,46.842391],[84.839150,46.843417],[84.841084,46.844992],[84.842798,46.845947],[84.844119,46.846530],[84.845255,46.846634],[84.848353,46.846603],[84.852002,46.846022],[84.853263,46.846071],[84.856093,46.846625],[84.858080,46.846663],[84.859605,46.846860],[84.861775,46.847301],[84.862994,46.847803],[84.868031,46.850433],[84.871797,46.851569],[84.873452,46.852499],[84.876104,46.853352],[84.878343,46.854942],[84.879403,46.855503],[84.880945,46.855903],[84.884447,46.855810],[84.886333,46.855471],[84.887425,46.855274],[84.891116,46.853852],[84.893172,46.853812],[84.895246,46.853322],[84.895924,46.853319],[84.897474,46.853533],[84.900883,46.853596],[84.903509,46.853752],[84.905778,46.853515],[84.907212,46.853263],[84.908662,46.853181],[84.910921,46.852634],[84.913900,46.851605],[84.915542,46.851248],[84.916610,46.851129],[84.917537,46.851131],[84.918549,46.851274],[84.921871,46.852531],[84.923360,46.852844],[84.924648,46.852884],[84.925715,46.852812],[84.928723,46.852281],[84.930391,46.852452],[84.933853,46.853078],[84.934545,46.853339],[84.935999,46.854406],[84.938110,46.856618],[84.938469,46.857308],[84.938763,46.858476],[84.939076,46.859180],[84.939510,46.859685],[84.940624,46.860172],[84.943604,46.861920|84.795312,46.972533],[84.810272,46.968792],[84.822742,46.967024],[84.829011,46.966136],[84.849394,46.956940],[84.850909,46.950750],[84.859059,46.936879],[84.866942,46.927531],[84.883690,46.916913],[84.900625,46.903286],[84.914633,46.889593],[84.929915,46.869272],[84.934473,46.863985],[84.940460,46.862148],[84.943604,46.861920],[84.940624,46.860172],[84.939510,46.859685],[84.939076,46.859180],[84.938763,46.858476],[84.938469,46.857308],[84.938110,46.856618],[84.935999,46.854406],[84.934545,46.853339],[84.933853,46.853078],[84.930391,46.852452],[84.928723,46.852281],[84.925715,46.852812],[84.924648,46.852884],[84.923360,46.852844],[84.921871,46.852531],[84.918549,46.851274],[84.917537,46.851131],[84.916610,46.851129],[84.915542,46.851248],[84.913900,46.851605],[84.910921,46.852634],[84.908662,46.853181],[84.907212,46.853263],[84.905778,46.853515],[84.903509,46.853752],[84.900883,46.853596],[84.897474,46.853533],[84.895924,46.853319],[84.895246,46.853322],[84.893172,46.853812],[84.891116,46.853852],[84.887425,46.855274],[84.886333,46.855471],[84.884447,46.855810],[84.880945,46.855903],[84.879403,46.855503],[84.878343,46.854942],[84.876104,46.853352],[84.873452,46.852499],[84.871797,46.851569],[84.868031,46.850433],[84.862994,46.847803],[84.861775,46.847301],[84.859605,46.846860],[84.858080,46.846663],[84.856093,46.846625],[84.853263,46.846071],[84.852002,46.846022],[84.848353,46.846603],[84.845255,46.846634],[84.844119,46.846530],[84.842798,46.845947],[84.841084,46.844992],[84.839150,46.843417],[84.838174,46.842391],[84.837866,46.841937],[84.837277,46.840357],[84.836959,46.839175],[84.836579,46.838467],[84.836485,46.837765],[84.836596,46.837038],[84.836467,46.836195],[84.836130,46.835460],[84.835072,46.834591],[84.834206,46.833887],[84.832617,46.833261],[84.830443,46.832828],[84.828378,46.832553],[84.822050,46.832166],[84.820656,46.826664],[84.820725,46.826506],[84.820977,46.826416],[84.821650,46.825432],[84.820766,46.823456],[84.819701,46.820160],[84.819678,46.818729],[84.821504,46.816420],[84.821276,46.815282],[84.820020,46.814297],[84.813353,46.812931],[84.808328,46.810404],[84.803691,46.806163],[84.803264,46.805588],[84.801376,46.804466],[84.799716,46.804337],[84.792429,46.803118],[84.789512,46.802435],[84.781155,46.800118],[84.775536,46.798172],[84.772396,46.797582],[84.769896,46.797598],[84.767190,46.797196],[84.762377,46.794944],[84.761317,46.794095],[84.761927,46.792802],[84.761476,46.790948],[84.762300,46.790082],[84.762288,46.789365],[84.762654,46.787910],[84.762871,46.787058],[84.763494,46.783476],[84.764119,46.779902],[84.764146,46.779767],[84.764049,46.776159],[84.763988,46.773567],[84.764283,46.769967],[84.764586,46.766372],[84.764647,46.765560],[84.764473,46.761960],[84.764402,46.760500],[84.762814,46.757071],[84.761226,46.753636],[84.760731,46.752560],[84.756816,46.750164],[84.753109,46.747897],[84.749444,46.745322],[84.745849,46.742794],[84.742356,46.740105],[84.738872,46.737412],[84.738629,46.737233],[84.736092,46.734079],[84.733537,46.730929],[84.732885,46.730116],[84.730877,46.726789],[84.728867,46.723453],[84.728780,46.723296],[84.727311,46.719834],[84.725841,46.716372],[84.725711,46.716060],[84.725432,46.712460],[84.725232,46.709845],[84.726109,46.706299],[84.726743,46.703711],[84.726247,46.700124],[84.725743,46.696537],[84.725491,46.694709],[84.724395,46.691191],[84.723298,46.687660],[84.722593,46.685419],[84.720524,46.682104],[84.718462,46.678788],[84.718184,46.678354],[84.715061,46.675453],[84.713539,46.674036],[84.709807,46.671495],[84.708163,46.670372],[84.704813,46.667593],[84.703794,46.666749],[84.700818,46.663775],[84.699477,46.662439],[84.696901,46.659296],[84.694325,46.656152],[84.694029,46.655792],[84.691670,46.652566],[84.690730,46.651292],[84.689067,46.647871],[84.688458,46.646612],[84.687725,46.643037],[84.687002,46.639471],[84.686332,46.636192],[84.687245,46.632646],[84.688159,46.629101],[84.688316,46.628476],[84.690186,46.625114],[84.692048,46.621749],[84.693040,46.619957],[84.695659,46.616840],[84.698235,46.613753],[84.700984,46.610689],[84.703716,46.607619],[84.706343,46.604684],[84.708874,46.601536],[84.710814,46.599134],[84.714510,46.596591],[84.716476,46.595239],[84.719667,46.592390],[84.721163,46.591067],[84.724718,46.588427],[84.726136,46.587378],[84.730124,46.585050],[84.733488,46.583091],[84.737180,46.580541],[84.740873,46.577990],[84.741967,46.577239],[84.745667,46.574692],[84.749366,46.572145],[84.750789,46.571164],[84.754314,46.568506],[84.757846,46.565845],[84.758593,46.565276],[84.763018,46.563351],[84.767434,46.561426],[84.768257,46.561070],[84.772152,46.558667],[84.773159,46.558050],[84.777146,46.555720],[84.779435,46.554389],[84.784385,46.553255],[84.789342,46.552116],[84.793978,46.551051],[84.798943,46.549936],[84.803898,46.548821],[84.804461,46.548695],[84.809571,46.547983],[84.814689,46.547275],[84.814862,46.547249],[84.816238,46.543765],[84.817363,46.540919],[84.821424,46.538659],[84.824307,46.537052],[84.828827,46.535246],[84.833226,46.533484],[84.837841,46.531817],[84.842438,46.530154],[84.846101,46.527577],[84.849755,46.525001],[84.852639,46.522969],[84.855471,46.519938],[84.858303,46.516908],[84.858442,46.516760],[84.863145,46.515195],[84.865259,46.514493],[84.870164,46.513279],[84.871689,46.512900],[84.876153,46.511031],[84.879239,46.509739],[84.882924,46.507187],[84.885213,46.505610],[84.887528,46.502374],[84.889697,46.499356],[84.891996,46.496121],[84.893818,46.493545],[84.893018,46.489982],[84.892211,46.486418],[84.891412,46.482855],[84.891342,46.482568],[84.890613,46.478996],[84.890171,46.476839],[84.887601,46.473702],[84.886951,46.472917],[84.884418,46.469768],[84.883420,46.468531],[84.880871,46.465391],[84.878928,46.462992],[84.878121,46.459429],[84.877731,46.457723],[84.880062,46.454496],[84.881172,46.452962],[84.881414,46.449364],[84.881648,46.445761],[84.881700,46.444970],[84.881197,46.441385],[84.880866,46.439020],[84.880961,46.435413],[84.881056,46.431810],[84.883380,46.428483],[84.885704,46.425252],[84.887567,46.422651],[84.889310,46.419246],[84.890707,46.416519],[84.894568,46.414096],[84.896424,46.412932],[84.898099,46.409515],[84.899765,46.406099],[84.901318,46.402939],[84.901960,46.399363],[84.902620,46.395782],[84.902845,46.394505],[84.902653,46.390898],[84.902453,46.387296],[84.902401,46.386267],[84.901550,46.382708],[84.901202,46.381224],[84.901045,46.377620],[84.900992,46.376431],[84.900054,46.372877],[84.899481,46.370694],[84.899307,46.367092],[84.899264,46.366124],[84.899610,46.362521],[84.899948,46.358923],[84.900165,46.356766],[84.902708,46.353620],[84.905252,46.350473],[84.907343,46.347122],[84.908385,46.345442],[84.909888,46.341992],[84.910843,46.339762],[84.911355,46.336173],[84.911659,46.334064],[84.913299,46.330639],[84.914959,46.327224],[84.915497,46.326114],[84.917765,46.322873],[84.919607,46.320227],[84.923126,46.317565],[84.924030,46.316871],[84.927882,46.314444],[84.930413,46.312846],[84.933327,46.309859],[84.934153,46.309014],[84.937251,46.306115],[84.939922,46.303611],[84.943804,46.301197],[84.945310,46.300257],[84.947478,46.296980],[84.948749,46.295056],[84.951596,46.292037],[84.953860,46.289642],[84.956726,46.286632],[84.957945,46.285359],[84.961012,46.282450],[84.962702,46.280857],[84.966057,46.278101],[84.969411,46.275349],[84.969803,46.275016],[84.973927,46.272818],[84.978050,46.270612],[84.978538,46.270349],[84.982304,46.267860],[84.986062,46.265367],[84.986629,46.264986],[84.990771,46.262794],[84.994914,46.260607],[84.995036,46.260542],[84.999414,46.258585],[85.003792,46.256632],[85.005431,46.255900],[85.009748,46.253878],[85.013481,46.252131],[85.017048,46.249508],[85.019559,46.247654],[85.024023,46.245787],[85.025924,46.245003],[85.029332,46.242277],[85.030674,46.241192],[85.033489,46.238171],[85.036313,46.235136],[85.037813,46.233530],[85.041394,46.230918],[85.044888,46.228375],[85.048991,46.226157],[85.050254,46.225475],[85.054313,46.223214],[85.058362,46.220956],[85.062419,46.218695],[85.062662,46.218560],[85.066762,46.216341],[85.068024,46.215658],[85.072748,46.214150],[85.077480,46.212645],[85.077680,46.212581],[85.082697,46.211625],[85.087721,46.210675],[85.091284,46.209996],[85.096288,46.209007],[85.098911,46.208484],[85.103965,46.207629],[85.106526,46.207195],[85.111690,46.206724],[85.116836,46.206257],[85.117773,46.206169],[85.122769,46.205173],[85.127755,46.204179],[85.128691,46.203994],[85.133086,46.202064],[85.137463,46.200132],[85.138339,46.199744],[85.143521,46.199936],[85.146562,46.200049],[85.151743,46.199862],[85.156775,46.199685],[85.155822,46.199542],[85.161011,46.199539],[85.166190,46.199533],[85.166328,46.199537],[85.171446,46.198934],[85.173585,46.198687],[85.178720,46.198178],[85.182158,46.197842],[85.186965,46.196484],[85.191771,46.195120],[85.196579,46.193759],[85.197055,46.193624],[85.201655,46.191950],[85.205016,46.190725],[85.209686,46.189151],[85.214357,46.187583],[85.215623,46.187157],[85.220511,46.185952],[85.224551,46.184955],[85.227478,46.184494],[85.229320,46.186002],[85.231584,46.185971],[85.238942,46.184310],[85.240970,46.182991],[85.242404,46.182689],[85.245486,46.182654],[85.249622,46.183455],[85.252910,46.183271],[85.256162,46.181523],[85.257795,46.181070],[85.259857,46.181192],[85.261330,46.182169],[85.261949,46.182304],[85.264828,46.182278],[85.268073,46.180232],[85.269583,46.179889],[85.270739,46.179627],[85.275468,46.179433],[85.276690,46.178850],[85.277065,46.177129],[85.277462,46.176550],[85.278677,46.175823],[85.281971,46.175499],[85.286106,46.176168],[85.287329,46.175442],[85.287520,46.175004],[85.287253,46.172436],[85.287864,46.172150],[85.290135,46.172402],[85.292811,46.172230],[85.293216,46.171940],[85.293790,46.170078],[85.296627,46.168190],[85.297200,46.166321],[85.296780,46.166044],[85.296328,46.164616],[85.298799,46.164304],[85.303143,46.164970],[85.304566,46.164093],[85.307029,46.163496],[85.307632,46.163065],[85.307373,46.160776],[85.308176,46.160053],[85.309201,46.159898],[85.310670,46.160597],[85.312108,46.160728],[85.312705,46.159722],[85.313723,46.159137],[85.316814,46.159106],[85.319071,46.158649],[85.319492,46.158936],[85.321971,46.159192],[85.323309,46.158864],[85.324778,46.157374],[85.328197,46.156573],[85.330437,46.156265],[85.331957,46.155856],[85.333132,46.154992],[85.333766,46.153026],[85.335696,46.151541],[85.338034,46.151355],[85.343242,46.152096],[85.347789,46.151552],[85.363059,46.147772],[85.377789,46.144252],[85.380092,46.143605],[85.378118,46.142818],[85.377721,46.142411],[85.376800,46.140193],[85.376243,46.138656],[85.376025,46.138277],[85.375251,46.137606],[85.371407,46.136228],[85.368666,46.135158],[85.367275,46.134960],[85.365797,46.134035],[85.360518,46.129751],[85.358830,46.129415],[85.357586,46.128736],[85.355990,46.128510],[85.353728,46.128448],[85.352913,46.128327],[85.349590,46.127456],[85.347625,46.127089],[85.344589,46.127106],[85.343240,46.126692],[85.341885,46.126093],[85.341157,46.125881],[85.337426,46.125729],[85.336449,46.125386],[85.335894,46.125018],[85.334119,46.123537],[85.332183,46.122243],[85.330795,46.121139],[85.327964,46.119945],[85.326714,46.119644],[85.326045,46.119608],[85.325235,46.119565],[85.325015,46.119453],[85.324946,46.119151],[85.324968,46.118216],[85.324582,46.117458],[85.322786,46.112744],[85.322660,46.112157],[85.322449,46.111169],[85.321546,46.109183],[85.319755,46.104319],[85.319190,46.103100],[85.318666,46.102514],[85.315908,46.100965],[85.314170,46.100294],[85.312925,46.099680],[85.310044,46.099015],[85.308286,46.098235],[85.305248,46.098376],[85.301442,46.098030],[85.298361,46.097645],[85.296689,46.097225],[85.290816,46.094524],[85.288044,46.093544],[85.286410,46.093075],[85.285504,46.092426],[85.284441,46.091807],[85.283786,46.091596],[85.282944,46.090839],[85.282446,46.088268],[85.282479,46.085855],[85.282237,46.085522],[85.281179,46.084753],[85.281019,46.084300],[85.281206,46.083882],[85.281913,46.083007],[85.282177,46.081855],[85.282188,46.080924],[85.281977,46.080546],[85.281307,46.080050],[85.279536,46.079780],[85.279647,46.079318],[85.281177,46.078633],[85.281988,46.078074],[85.282112,46.077775],[85.282136,46.077367],[85.281907,46.077201],[85.281347,46.077245],[85.277177,46.079287],[85.276876,46.079328],[85.276685,46.079258],[85.276691,46.079070],[85.277842,46.078404],[85.278445,46.077587],[85.279817,46.076382],[85.280570,46.075158],[85.280583,46.074749],[85.280253,46.074543],[85.277795,46.075477],[85.276870,46.075463],[85.276238,46.075307],[85.276115,46.075195],[85.276046,46.074906],[85.276383,46.074306],[85.276818,46.073098],[85.276752,46.072696],[85.276615,46.072464],[85.275800,46.071996],[85.275697,46.071840],[85.275715,46.071665],[85.276305,46.071244],[85.276439,46.070980],[85.276359,46.070473],[85.275825,46.069655],[85.275173,46.068797],[85.274766,46.068556],[85.273642,46.068396],[85.272633,46.068577],[85.272314,46.068572],[85.272143,46.068473],[85.272283,46.067060],[85.271739,46.065252],[85.271564,46.065103],[85.271361,46.065066],[85.270124,46.065047],[85.269319,46.064838],[85.269288,46.064691],[85.269787,46.064478],[85.270294,46.064014],[85.270463,46.063804],[85.270343,46.063606],[85.269579,46.063063],[85.268939,46.062222],[85.268564,46.061920],[85.268237,46.061828],[85.266930,46.061928],[85.266762,46.061737],[85.267010,46.061486],[85.268070,46.061006],[85.268156,46.060766],[85.268017,46.059240],[85.268118,46.058523],[85.267860,46.058143],[85.267531,46.057892],[85.266451,46.057491],[85.266311,46.057367],[85.266278,46.056878],[85.266702,46.056568],[85.268248,46.055907],[85.268976,46.055485],[85.269176,46.055233],[85.269199,46.054870],[85.269113,46.054539],[85.268871,46.054226],[85.268260,46.053996],[85.267673,46.053940],[85.265517,46.054328],[85.264883,46.054272],[85.264203,46.053723],[85.263337,46.053388],[85.263294,46.053233],[85.263492,46.053049],[85.264100,46.052816],[85.264934,46.052649],[85.265606,46.051887],[85.265992,46.051255],[85.265953,46.050590],[85.266105,46.050317],[85.266234,46.049668],[85.266086,46.049411],[85.264702,46.048350],[85.264583,46.048126],[85.264621,46.047864],[85.264963,46.047681],[85.265874,46.047550],[85.266406,46.047237],[85.267429,46.046017],[85.268008,46.045731],[85.269475,46.045686],[85.270997,46.045777],[85.271740,46.045455],[85.271653,46.045169],[85.270728,46.044027],[85.270413,46.042962],[85.270078,46.042514],[85.269937,46.042044],[85.269350,46.041618],[85.267953,46.041353],[85.267706,46.041191],[85.267749,46.040974],[85.268866,46.040575],[85.269225,46.040246],[85.269277,46.039721],[85.269154,46.039427],[85.268887,46.039139],[85.268828,46.038712],[85.269063,46.038520],[85.269805,46.038201],[85.269919,46.038015],[85.269865,46.034754],[85.270065,46.034319],[85.270717,46.033799],[85.271149,46.033230],[85.271073,46.032611],[85.270952,46.032442],[85.270989,46.032200],[85.271281,46.032071],[85.272426,46.031956],[85.275652,46.031898],[85.276506,46.031678],[85.277569,46.031069],[85.279073,46.029749],[85.279184,46.029559],[85.279174,46.029304],[85.278966,46.028847],[85.278209,46.027514],[85.276720,46.025762],[85.276695,46.025607],[85.277147,46.025359],[85.277672,46.025280],[85.279882,46.025249],[85.280030,46.025143],[85.279990,46.024875],[85.279542,46.024404],[85.277853,46.023505],[85.276130,46.023314],[85.275943,46.023144],[85.276042,46.023033],[85.276442,46.022931],[85.277619,46.022916],[85.283100,46.023944],[85.283990,46.023912],[85.284208,46.023653],[85.284170,46.023352],[85.283319,46.022511],[85.282462,46.022055],[85.281005,46.021802],[85.280634,46.021541],[85.279776,46.020367],[85.279966,46.020061],[85.280367,46.019888],[85.283703,46.020397],[85.284178,46.020371],[85.284453,46.020200],[85.284574,46.020002],[85.284554,46.019680],[85.284307,46.019313],[85.283502,46.018723],[85.282310,46.018253],[85.282249,46.018085],[85.282331,46.017957],[85.282817,46.017765],[85.282934,46.016915],[85.283206,46.016853],[85.284806,46.017146],[85.285330,46.017121],[85.285729,46.017014],[85.285957,46.016467],[85.285819,46.016256],[85.284583,46.015652],[85.284199,46.015224],[85.282676,46.014393],[85.281572,46.014376],[85.279086,46.013972],[85.278986,46.013716],[85.279148,46.013539],[85.279884,46.013422],[85.284615,46.013064],[85.284856,46.012825],[85.284865,46.012537],[85.284538,46.011873],[85.283168,46.010911],[85.282024,46.010450],[85.281138,46.010357],[85.280265,46.010422],[85.279740,46.010334],[85.279216,46.009795],[85.278485,46.009366],[85.277197,46.008916],[85.275997,46.008099],[85.275414,46.007539],[85.274724,46.007173],[85.274480,46.006906],[85.274502,46.006773],[85.274709,46.006688],[85.275392,46.006733],[85.279492,46.008664],[85.281093,46.009287],[85.282337,46.009637],[85.282811,46.009645],[85.283675,46.009496],[85.283871,46.009365],[85.283906,46.009186],[85.283683,46.008853],[85.283687,46.008711],[85.283993,46.008516],[85.284274,46.008553],[85.284557,46.008733],[85.285047,46.009393],[85.285790,46.010027],[85.286740,46.011165],[85.287828,46.011880],[85.288298,46.012042],[85.288953,46.012019],[85.289019,46.011832],[85.288907,46.011380],[85.288394,46.010090],[85.288359,46.009693],[85.288441,46.009539],[85.288865,46.009621],[85.291018,46.010529],[85.291876,46.010531],[85.293120,46.010342],[85.293348,46.010150],[85.293472,46.009818],[85.293398,46.009495],[85.292118,46.007762],[85.291799,46.006830],[85.291381,46.005951],[85.291092,46.005583],[85.289690,46.004500],[85.289381,46.004395],[85.288037,46.004548],[85.286774,46.004440],[85.286443,46.004259],[85.286497,46.004081],[85.286985,46.003625],[85.287955,46.003136],[85.288173,46.002893],[85.288587,46.001432],[85.289071,46.000393],[85.289010,45.999265],[85.288775,45.998710],[85.288782,45.998484],[85.288905,45.998403],[85.289289,45.998409],[85.290484,45.998980],[85.291236,45.999142],[85.291524,45.999147],[85.292232,45.998766],[85.292244,45.998391],[85.291422,45.997400],[85.291187,45.996845],[85.291254,45.996604],[85.291566,45.996609],[85.292621,45.997470],[85.293000,45.997626],[85.293504,45.997660],[85.293858,45.997465],[85.293868,45.997156],[85.293385,45.996439],[85.293495,45.994812],[85.293430,45.993818],[85.293037,45.993319],[85.291874,45.992882],[85.290142,45.992570],[85.289466,45.992668],[85.285738,45.994018],[85.284091,45.994852],[85.282714,45.995138],[85.282559,45.995094],[85.282567,45.994852],[85.284445,45.993914],[85.284453,45.993647],[85.284173,45.993375],[85.283771,45.993193],[85.283412,45.993146],[85.283142,45.992958],[85.283112,45.992740],[85.283433,45.992461],[85.285603,45.992187],[85.285994,45.991968],[85.286035,45.990641],[85.284641,45.989517],[85.283385,45.988987],[85.282881,45.988979],[85.280859,45.989547],[85.280607,45.989543],[85.280416,45.989490],[85.280234,45.989178],[85.280186,45.988802],[85.280037,45.988557],[85.279503,45.988348],[85.274953,45.988409],[85.270890,45.988637],[85.269468,45.989232],[85.268926,45.989307],[85.268717,45.989087],[85.268580,45.988483],[85.267886,45.988055],[85.267442,45.988048],[85.266774,45.988305],[85.265715,45.988422],[85.265367,45.988416],[85.265154,45.988321],[85.264936,45.988009],[85.264869,45.987106],[85.264718,45.986928],[85.264374,45.986806],[85.263871,45.986798],[85.263190,45.987096],[85.262877,45.987141],[85.262015,45.987078],[85.261712,45.986814],[85.261596,45.986303],[85.261354,45.985990],[85.260858,45.985741],[85.260638,45.985512],[85.260682,45.985229],[85.261373,45.984221],[85.261723,45.984159],[85.262485,45.984347],[85.263224,45.984851],[85.263640,45.984982],[85.265066,45.985005],[85.265608,45.984930],[85.266992,45.984417],[85.267104,45.983893],[85.266610,45.983200],[85.266628,45.982625],[85.266329,45.982219],[85.266140,45.982108],[85.265364,45.982388],[85.264217,45.982654],[85.263208,45.982705],[85.262947,45.982609],[85.262955,45.982350],[85.263566,45.981207],[85.263386,45.980829],[85.261502,45.979363],[85.259966,45.978629],[85.259129,45.978174],[85.258909,45.977953],[85.259048,45.977713],[85.260563,45.976810],[85.260610,45.976452],[85.260424,45.976257],[85.260103,45.976185],[85.258653,45.976179],[85.258428,45.976067],[85.258472,45.975784],[85.259246,45.975220],[85.260331,45.975036],[85.261096,45.975090],[85.261472,45.975321],[85.261900,45.975837],[85.262242,45.976035],[85.262779,45.976110],[85.264402,45.975960],[85.266093,45.975527],[85.268615,45.975074],[85.269612,45.974656],[85.269931,45.974411],[85.269917,45.974101],[85.269601,45.973854],[85.268667,45.973397],[85.268485,45.973085],[85.268400,45.972733],[85.268769,45.972054],[85.272023,45.970402],[85.272251,45.970406],[85.272302,45.970674],[85.272236,45.970890],[85.271838,45.971351],[85.271732,45.971659],[85.271815,45.972061],[85.272433,45.972638],[85.273691,45.973084],[85.275252,45.973042],[85.277845,45.972199],[85.279185,45.971953],[85.279980,45.971857],[85.281824,45.971979],[85.282546,45.971898],[85.283192,45.971600],[85.284312,45.971459],[85.284894,45.971277],[85.287176,45.970053],[85.287902,45.969463],[85.288279,45.968543],[85.288463,45.967644],[85.288432,45.967468],[85.287845,45.967058],[85.287116,45.966954],[85.286835,45.966707],[85.286665,45.966020],[85.286397,45.965757],[85.285607,45.965677],[85.284768,45.966039],[85.284072,45.966028],[85.283790,45.965840],[85.283856,45.965649],[85.284846,45.965465],[85.285554,45.965059],[85.285564,45.964741],[85.284090,45.963131],[85.282364,45.961534],[85.279988,45.960393],[85.278633,45.959971],[85.276928,45.959634],[85.276365,45.959609],[85.276014,45.959712],[85.275659,45.959948],[85.274471,45.961123],[85.274025,45.961200],[85.273022,45.961785],[85.272696,45.962289],[85.272581,45.963673],[85.271921,45.965583],[85.271328,45.966551],[85.270632,45.967308],[85.270341,45.967437],[85.269136,45.967618],[85.267830,45.967581],[85.267582,45.967460],[85.267458,45.967199],[85.267473,45.966732],[85.267695,45.965742],[85.267567,45.964855],[85.267291,45.964475],[85.267300,45.964191],[85.267545,45.963644],[85.267706,45.963487],[85.268497,45.963500],[85.269067,45.963684],[85.269474,45.963691],[85.269983,45.963523],[85.271090,45.962639],[85.271339,45.961958],[85.272247,45.961305],[85.274348,45.960061],[85.274585,45.959772],[85.274721,45.959248],[85.275486,45.958200],[85.275436,45.957865],[85.274629,45.957210],[85.273517,45.957083],[85.272953,45.957116],[85.271685,45.957781],[85.271399,45.958110],[85.271269,45.959194],[85.270844,45.959362],[85.270026,45.959441],[85.269733,45.959628],[85.269398,45.959982],[85.269002,45.960769],[85.268711,45.960856],[85.268427,45.960760],[85.268411,45.960100],[85.267984,45.959584],[85.267731,45.959622],[85.266248,45.960258],[85.265841,45.960235],[85.265754,45.959967],[85.266403,45.959534],[85.266906,45.958766],[85.267512,45.958558],[85.267839,45.958079],[85.268650,45.957449],[85.269786,45.956782],[85.269795,45.956473],[85.269645,45.956254],[85.268481,45.955943],[85.267666,45.955538],[85.266823,45.955299],[85.266009,45.954886],[85.265957,45.954601],[85.266157,45.954362],[85.266783,45.954280],[85.269198,45.955253],[85.270211,45.955444],[85.270559,45.955450],[85.270875,45.955296],[85.270984,45.954881],[85.270404,45.954254],[85.269931,45.954046],[85.268799,45.953811],[85.268056,45.953423],[85.267639,45.953350],[85.266942,45.953406],[85.265951,45.953649],[85.264585,45.953653],[85.261976,45.953127],[85.261599,45.952921],[85.261415,45.952693],[85.261461,45.952368],[85.261624,45.952145],[85.262475,45.952117],[85.263619,45.952352],[85.267863,45.952310],[85.269249,45.951697],[85.269912,45.951574],[85.270172,45.951712],[85.270317,45.952040],[85.270624,45.952203],[85.271163,45.952187],[85.272035,45.951933],[85.272696,45.951902],[85.273169,45.952085],[85.274370,45.953189],[85.274998,45.953441],[85.276208,45.954254],[85.276622,45.954394],[85.277417,45.954340],[85.277865,45.954197],[85.277977,45.953689],[85.277794,45.953394],[85.277142,45.952766],[85.277340,45.952569],[85.277980,45.952429],[85.278495,45.952061],[85.278731,45.951781],[85.278747,45.951272],[85.278394,45.950273],[85.278404,45.949981],[85.279048,45.949682],[85.279652,45.949558],[85.281745,45.949750],[85.282574,45.949697],[85.282773,45.949500],[85.282684,45.949256],[85.282440,45.949010],[85.280671,45.948431],[85.280075,45.947511],[85.279567,45.947261],[85.278582,45.947337],[85.277940,45.947527],[85.277331,45.947843],[85.276036,45.947822],[85.275406,45.947637],[85.274266,45.946516],[85.272907,45.946253],[85.272183,45.946016],[85.271423,45.946179],[85.271131,45.946333],[85.270616,45.947452],[85.270301,45.948332],[85.270225,45.948840],[85.269921,45.949361],[85.269706,45.949316],[85.269486,45.949046],[85.269344,45.948642],[85.268879,45.948176],[85.267216,45.947707],[85.266993,45.947545],[85.266526,45.947538],[85.265909,45.947712],[85.265755,45.947617],[85.265996,45.947245],[85.267471,45.946450],[85.268471,45.946266],[85.269104,45.945967],[85.269971,45.945847],[85.270966,45.945470],[85.271067,45.945296],[85.271048,45.944720],[85.270613,45.944446],[85.269230,45.944224],[85.266848,45.944119],[85.266540,45.944006],[85.265983,45.943421],[85.265697,45.943333],[85.262946,45.943223],[85.262254,45.943104],[85.261878,45.942873],[85.261862,45.942630],[85.262144,45.942417],[85.264524,45.942563],[85.265227,45.942307],[85.265515,45.942287],[85.266937,45.942426],[85.268437,45.941982],[85.269244,45.941469],[85.269848,45.941720],[85.270700,45.941684],[85.270958,45.941496],[85.271104,45.941030],[85.271832,45.941134],[85.272575,45.941538],[85.273054,45.941529],[85.274783,45.941064],[85.274673,45.940361],[85.273072,45.939049],[85.272795,45.938653],[85.272679,45.938183],[85.272818,45.937918],[85.274979,45.937869],[85.276035,45.937443],[85.276268,45.937272],[85.276204,45.937020],[85.275901,45.936731],[85.274579,45.936468],[85.274490,45.936225],[85.274767,45.935436],[85.274277,45.934985],[85.273073,45.934766],[85.272725,45.934785],[85.271768,45.935096],[85.271133,45.935111],[85.270595,45.935061],[85.270122,45.934853],[85.269969,45.934742],[85.270038,45.934476],[85.271028,45.934249],[85.271290,45.933894],[85.271251,45.933234],[85.270941,45.932787],[85.270596,45.932714],[85.269992,45.932863],[85.269575,45.933166],[85.269285,45.933245],[85.268938,45.933223],[85.268560,45.933058],[85.268162,45.932743],[85.268195,45.932476],[85.269160,45.932274],[85.269480,45.931987],[85.269494,45.931553],[85.268973,45.930944],[85.267895,45.930175],[85.267287,45.930057],[85.266818,45.930133],[85.265745,45.930717],[85.265176,45.930909],[85.264304,45.930453],[85.263443,45.930347],[85.263199,45.930143],[85.263112,45.929858],[85.263410,45.929512],[85.263395,45.928844],[85.263167,45.928114],[85.262961,45.927776],[85.262587,45.927512],[85.261606,45.927471],[85.260170,45.926656],[85.259581,45.926313],[85.258784,45.925399],[85.258376,45.925434],[85.258106,45.925630],[85.257810,45.926285],[85.257724,45.926726],[85.257529,45.926832],[85.257217,45.926869],[85.256911,45.926689],[85.256799,45.926052],[85.256526,45.925581],[85.256223,45.925334],[85.255875,45.925370],[85.254831,45.926197],[85.253808,45.926357],[85.251785,45.927307],[85.251497,45.927315],[85.251106,45.927209],[85.250260,45.926491],[85.248587,45.925835],[85.248200,45.925587],[85.247941,45.925274],[85.247989,45.924698],[85.248242,45.924602],[85.248778,45.924689],[85.249740,45.925335],[85.250085,45.925402],[85.250575,45.925402],[85.251552,45.925195],[85.252102,45.924828],[85.254274,45.922782],[85.255356,45.922060],[85.256841,45.920162],[85.257378,45.919265],[85.257915,45.918722],[85.257927,45.918346],[85.258292,45.917788],[85.258340,45.917380],[85.258268,45.917037],[85.257882,45.916709],[85.257812,45.916499],[85.257836,45.915702],[85.258372,45.915239],[85.258351,45.914950],[85.258102,45.914826],[85.257211,45.914853],[85.256638,45.914991],[85.256546,45.914810],[85.256906,45.914627],[85.257815,45.913903],[85.257680,45.913625],[85.257269,45.913552],[85.256455,45.913760],[85.254555,45.914771],[85.253230,45.915623],[85.251994,45.916088],[85.251501,45.916147],[85.251206,45.916022],[85.252398,45.915023],[85.254262,45.914023],[85.255092,45.913309],[85.256108,45.912770],[85.257332,45.912471],[85.257608,45.912309],[85.257706,45.911847],[85.257364,45.911478],[85.256214,45.910939],[85.254998,45.910765],[85.253981,45.910950],[85.253757,45.910847],[85.253671,45.910703],[85.253953,45.910307],[85.254836,45.909849],[85.255162,45.909511],[85.255272,45.908515],[85.254915,45.907850],[85.254682,45.907692],[85.254290,45.907586],[85.252627,45.907531],[85.252365,45.907882],[85.251565,45.908613],[85.251295,45.908621],[85.251031,45.908450],[85.250907,45.907822],[85.251029,45.907578],[85.251952,45.906974],[85.252134,45.906689],[85.252143,45.905841],[85.251956,45.905684],[85.251216,45.905627],[85.249705,45.906839],[85.248754,45.907422],[85.248322,45.907440],[85.248221,45.907259],[85.248419,45.907041],[85.249954,45.905996],[85.250299,45.905633],[85.250337,45.905392],[85.250202,45.905135],[85.249921,45.904943],[85.249311,45.904771],[85.247957,45.904629],[85.247619,45.903760],[85.246622,45.903294],[85.246587,45.902884],[85.246748,45.902168],[85.246702,45.901725],[85.246488,45.901522],[85.245982,45.901439],[85.245401,45.901793],[85.244829,45.902327],[85.244416,45.902354],[85.244246,45.902239],[85.244212,45.901809],[85.244625,45.900224],[85.244736,45.899211],[85.244890,45.898846],[85.245056,45.898728],[85.245773,45.898563],[85.245955,45.898257],[85.245945,45.898048],[85.245674,45.897689],[85.245508,45.897499],[85.245317,45.897450],[85.244586,45.897518],[85.243577,45.897812],[85.243312,45.897720],[85.243285,45.897632],[85.243738,45.897305],[85.244201,45.897212],[85.244447,45.897007],[85.244379,45.896497],[85.244113,45.896396],[85.243736,45.896399],[85.243290,45.896505],[85.241926,45.896551],[85.241096,45.896902],[85.240665,45.896917],[85.237318,45.896679],[85.236896,45.896605],[85.236710,45.896448],[85.236683,45.896327],[85.236861,45.896187],[85.239581,45.896195],[85.240892,45.895784],[85.242323,45.895484],[85.243965,45.894657],[85.245173,45.893903],[85.246407,45.893083],[85.246695,45.892853],[85.246877,45.892572],[85.246959,45.892077],[85.246871,45.891796],[85.246777,45.891761],[85.246265,45.891845],[85.245387,45.892216],[85.245020,45.892277],[85.244608,45.892271],[85.244295,45.892145],[85.244221,45.892002],[85.245088,45.891627],[85.245471,45.891048],[85.245505,45.890573],[85.245301,45.890369],[85.244639,45.890326],[85.243874,45.890515],[85.243167,45.890383],[85.242026,45.890353],[85.241777,45.890283],[85.241609,45.890126],[85.241596,45.889950],[85.241354,45.889658],[85.241007,45.889645],[85.240382,45.889919],[85.239580,45.889820],[85.238921,45.889622],[85.238832,45.889458],[85.239003,45.888972],[85.238866,45.888740],[85.238263,45.888364],[85.237901,45.887874],[85.237265,45.887401],[85.236774,45.886864],[85.236971,45.886654],[85.237354,45.886659],[85.238905,45.887138],[85.239312,45.887131],[85.239648,45.887094],[85.240180,45.886702],[85.240461,45.885361],[85.240044,45.884007],[85.240051,45.883422],[85.240761,45.882844],[85.240994,45.882497],[85.240904,45.881911],[85.240764,45.881817],[85.240429,45.881846],[85.240052,45.882216],[85.239754,45.882211],[85.239681,45.882068],[85.239847,45.881716],[85.239854,45.881486],[85.239752,45.881330],[85.239434,45.881359],[85.238054,45.881898],[85.236659,45.882574],[85.235691,45.882706],[85.234018,45.883119],[85.233293,45.882967],[85.233242,45.882699],[85.233502,45.881855],[85.233225,45.881175],[85.233343,45.881035],[85.233704,45.880919],[85.234453,45.880876],[85.235109,45.880518],[85.235416,45.879884],[85.235293,45.878721],[85.235502,45.878161],[85.236006,45.877726],[85.236582,45.877405],[85.237164,45.876574],[85.237231,45.875978],[85.236984,45.875331],[85.236381,45.875281],[85.236157,45.875365],[85.235412,45.876105],[85.234836,45.876130],[85.234715,45.875995],[85.234739,45.875799],[85.235257,45.875527],[85.235273,45.875352],[85.234852,45.875237],[85.233415,45.875203],[85.233057,45.874977],[85.233113,45.874723],[85.233860,45.874700],[85.234655,45.874504],[85.234792,45.874142],[85.234862,45.873467],[85.234757,45.873169],[85.234367,45.873042],[85.232995,45.872955],[85.232607,45.872741],[85.232568,45.872473],[85.232844,45.872289],[85.233584,45.872300],[85.234317,45.872169],[85.235098,45.871483],[85.235043,45.871140],[85.232688,45.870245],[85.232351,45.870315],[85.231529,45.870779],[85.231284,45.871164],[85.231022,45.871335],[85.230723,45.871331],[85.230504,45.871248],[85.230526,45.871119],[85.230833,45.870869],[85.230834,45.870314],[85.230492,45.870146],[85.228947,45.870077],[85.228662,45.870019],[85.228560,45.869884],[85.228573,45.869796],[85.230235,45.869746],[85.231082,45.869424],[85.231704,45.869433],[85.233772,45.869952],[85.235607,45.869934],[85.236172,45.869433],[85.236210,45.868803],[85.236074,45.868538],[85.235907,45.868360],[85.235581,45.868309],[85.233726,45.868348],[85.233130,45.868118],[85.232203,45.868004],[85.232005,45.867826],[85.231981,45.867638],[85.232881,45.867530],[85.233298,45.867348],[85.233305,45.866764],[85.233076,45.866473],[85.232403,45.866229],[85.231300,45.865173],[85.230875,45.865012],[85.229613,45.863582],[85.229734,45.863163],[85.230007,45.863012],[85.230191,45.862718],[85.230231,45.862352],[85.230088,45.861986],[85.229830,45.861661],[85.228870,45.861572],[85.228589,45.861447],[85.228544,45.861333],[85.228752,45.861182],[85.230138,45.861369],[85.230728,45.861211],[85.230739,45.860869],[85.230353,45.860587],[85.229728,45.860336],[85.229580,45.860146],[85.229551,45.859891],[85.230241,45.859262],[85.230396,45.858701],[85.230385,45.858083],[85.230248,45.857893],[85.229979,45.857877],[85.229695,45.857993],[85.229236,45.858538],[85.228826,45.858866],[85.228401,45.858880],[85.228310,45.858712],[85.228961,45.858204],[85.229083,45.857897],[85.229042,45.857124],[85.228579,45.857225],[85.227782,45.858074],[85.227465,45.858061],[85.227039,45.857934],[85.225668,45.856941],[85.223873,45.856693],[85.223828,45.856592],[85.223997,45.856386],[85.224472,45.856238],[85.225696,45.856478],[85.226098,45.856383],[85.226287,45.856253],[85.226330,45.856024],[85.226289,45.855823],[85.225978,45.855643],[85.223826,45.855177],[85.223365,45.855195],[85.222590,45.855393],[85.222338,45.855402],[85.222134,45.855265],[85.222122,45.855077],[85.222365,45.854939],[85.223733,45.854712],[85.223915,45.854431],[85.223923,45.854197],[85.223429,45.853760],[85.223625,45.853617],[85.223999,45.853668],[85.225750,45.854378],[85.227170,45.854433],[85.227500,45.854329],[85.227998,45.854090],[85.228051,45.853903],[85.227840,45.853582],[85.227791,45.853281],[85.228272,45.852958],[85.228427,45.852618],[85.226887,45.851260],[85.226230,45.851083],[85.224436,45.851003],[85.223446,45.851339],[85.222530,45.851847],[85.222037,45.851928],[85.220741,45.851412],[85.219622,45.851283],[85.219443,45.851105],[85.219489,45.850985],[85.220066,45.850839],[85.222244,45.850870],[85.223059,45.850561],[85.223978,45.850002],[85.224278,45.849973],[85.225152,45.850249],[85.225814,45.850271],[85.226876,45.850120],[85.228015,45.850157],[85.228286,45.850107],[85.228532,45.849868],[85.228542,45.849572],[85.228361,45.849223],[85.228022,45.849009],[85.226924,45.848651],[85.226261,45.848257],[85.225305,45.847512],[85.224911,45.846379],[85.224549,45.845978],[85.223764,45.846275],[85.223405,45.846679],[85.222903,45.847047],[85.222517,45.847205],[85.221300,45.846757],[85.221241,45.846568],[85.221421,45.846374],[85.222588,45.846425],[85.222954,45.846384],[85.223324,45.846202],[85.223408,45.845994],[85.223293,45.845671],[85.223079,45.845434],[85.222119,45.845399],[85.220339,45.845695],[85.218203,45.845852],[85.217779,45.845846],[85.217650,45.845765],[85.217655,45.845602],[85.217948,45.845393],[85.221914,45.844920],[85.222617,45.844613],[85.222652,45.844426],[85.222340,45.843900],[85.222501,45.843772],[85.223659,45.843568],[85.223789,45.843390],[85.223800,45.843027],[85.223368,45.842382],[85.221958,45.842424],[85.221758,45.842313],[85.221733,45.842158],[85.221921,45.842061],[85.222987,45.841976],[85.223319,45.841839],[85.223451,45.841620],[85.223356,45.841242],[85.222725,45.840615],[85.221921,45.840570],[85.221697,45.840688],[85.221525,45.841228],[85.221364,45.841213],[85.220815,45.840629],[85.220672,45.840619],[85.220168,45.840753],[85.219970,45.840964],[85.219730,45.841014],[85.218499,45.841030],[85.218133,45.841112],[85.215715,45.842647],[85.214897,45.842677],[85.214788,45.842521],[85.214989,45.842215],[85.216906,45.841403],[85.218005,45.840655],[85.218833,45.839916],[85.218956,45.839609],[85.218966,45.839291],[85.218653,45.838636],[85.216227,45.838567],[85.215824,45.838328],[85.215876,45.838207],[85.216021,45.838155],[85.216823,45.838208],[85.217088,45.838125],[85.217239,45.837905],[85.217244,45.837743],[85.217004,45.837393],[85.216576,45.837023],[85.216356,45.836448],[85.216672,45.836407],[85.217281,45.836624],[85.217661,45.836663],[85.218121,45.836616],[85.218378,45.836452],[85.218695,45.835829],[85.219015,45.835430],[85.219083,45.835099],[85.218944,45.834932],[85.218719,45.834912],[85.215486,45.835438],[85.214998,45.835389],[85.214925,45.835267],[85.215053,45.835169],[85.215779,45.834842],[85.217410,45.834639],[85.217967,45.834359],[85.218072,45.834051],[85.217951,45.833540],[85.217397,45.832956],[85.217057,45.832759],[85.216044,45.832761],[85.215869,45.832583],[85.215890,45.831941],[85.215639,45.831628],[85.215179,45.831429],[85.213392,45.830978],[85.212433,45.830371],[85.211744,45.829167],[85.211815,45.828834],[85.212109,45.828571],[85.212273,45.828290],[85.212356,45.827940],[85.212271,45.827647],[85.211931,45.827425],[85.211230,45.827323],[85.210116,45.826739],[85.210060,45.826621],[85.210164,45.826406],[85.210706,45.826188],[85.210685,45.825962],[85.210288,45.825497],[85.209856,45.825166],[85.209861,45.825007],[85.211545,45.824589],[85.211315,45.823967],[85.210730,45.823208],[85.210384,45.822476],[85.210049,45.822137],[85.209447,45.821928],[85.209430,45.821736],[85.209530,45.821579],[85.210252,45.821372],[85.210521,45.821175],[85.210498,45.820774],[85.209794,45.820055],[85.209555,45.819684],[85.209511,45.819190],[85.208991,45.818674],[85.208087,45.818243],[85.207786,45.817579],[85.206497,45.816500],[85.205695,45.816247],[85.204900,45.816119],[85.204715,45.815189],[85.204564,45.815078],[85.202823,45.815079],[85.202351,45.814938],[85.201350,45.813822],[85.200090,45.813712],[85.199785,45.813574],[85.199602,45.813304],[85.199707,45.812997],[85.200986,45.812531],[85.201024,45.812089],[85.200911,45.811887],[85.200086,45.811967],[85.198151,45.812465],[85.197438,45.812773],[85.196899,45.812849],[85.196557,45.812735],[85.196465,45.812625],[85.196473,45.812400],[85.196959,45.812098],[85.197555,45.812106],[85.198322,45.811984],[85.199984,45.811064],[85.199983,45.810371],[85.199452,45.810188],[85.199406,45.809769],[85.199564,45.809680],[85.200292,45.809632],[85.200742,45.809371],[85.200811,45.809080],[85.200597,45.808701],[85.200111,45.808235],[85.200059,45.807992],[85.200322,45.807595],[85.201358,45.806900],[85.201465,45.806550],[85.201436,45.806333],[85.201191,45.806171],[85.199352,45.806278],[85.199144,45.806075],[85.199212,45.805792],[85.200205,45.805322],[85.200702,45.804686],[85.200517,45.804508],[85.199794,45.804381],[85.198274,45.804585],[85.197839,45.804403],[85.197810,45.804227],[85.199298,45.803121],[85.199594,45.802833],[85.199602,45.802616],[85.199358,45.802371],[85.199132,45.802367],[85.198233,45.802881],[85.197829,45.802858],[85.197207,45.802557],[85.196154,45.802701],[85.195637,45.802468],[85.194936,45.802416],[85.194743,45.802480],[85.194726,45.802990],[85.195036,45.804472],[85.194860,45.804753],[85.194486,45.804907],[85.194071,45.804834],[85.193258,45.803804],[85.191688,45.803364],[85.191443,45.803185],[85.191446,45.803094],[85.192024,45.802926],[85.193631,45.802949],[85.193826,45.802843],[85.193802,45.802467],[85.193440,45.801861],[85.192708,45.801283],[85.192239,45.801051],[85.191648,45.800909],[85.190904,45.800347],[85.188543,45.800380],[85.188454,45.800229],[85.188675,45.799982],[85.189485,45.799642],[85.189743,45.799379],[85.189752,45.799137],[85.189440,45.798807],[85.189038,45.798709],[85.187584,45.798780],[85.187529,45.798579],[85.187849,45.798291],[85.187855,45.798099],[85.187590,45.797803],[85.186098,45.797164],[85.185412,45.796645],[85.184374,45.794869],[85.183276,45.793810],[85.181990,45.793441],[85.181470,45.792949],[85.180898,45.792206],[85.180190,45.791645],[85.179528,45.791485],[85.177806,45.791344],[85.177240,45.791144],[85.177128,45.790942],[85.177194,45.790743],[85.177580,45.790598],[85.180213,45.790944],[85.182415,45.790992],[85.183210,45.790719],[85.183442,45.790547],[85.183478,45.790172],[85.183123,45.789724],[85.182522,45.789540],[85.181585,45.789410],[85.180704,45.789398],[85.180209,45.789240],[85.179756,45.788507],[85.179260,45.788367],[85.178559,45.788332],[85.177005,45.787775],[85.174406,45.788206],[85.172684,45.788775],[85.171883,45.789231],[85.170744,45.789457],[85.169805,45.789427],[85.169740,45.789201],[85.170258,45.789033],[85.172125,45.788750],[85.172676,45.788315],[85.172616,45.787939],[85.172134,45.787397],[85.170320,45.787130],[85.169969,45.786949],[85.169449,45.786457],[85.169236,45.786429],[85.168657,45.786647],[85.168407,45.786643],[85.168475,45.786377],[85.168998,45.786050],[85.169006,45.785791],[85.168689,45.785653],[85.167960,45.785726],[85.167070,45.786006],[85.165750,45.785937],[85.164970,45.785751],[85.163734,45.784940],[85.163249,45.784490],[85.161778,45.784294],[85.161501,45.784022],[85.161476,45.783688],[85.163474,45.782347],[85.163709,45.782067],[85.163646,45.781799],[85.163254,45.781417],[85.161926,45.781599],[85.161642,45.781553],[85.161675,45.780576],[85.161567,45.780199],[85.160978,45.779639],[85.159539,45.779577],[85.159319,45.779373],[85.159299,45.778914],[85.159095,45.778577],[85.158666,45.778220],[85.157576,45.777712],[85.156425,45.776484],[85.154880,45.776370],[85.154579,45.776123],[85.154515,45.775880],[85.156855,45.774637],[85.159249,45.773895],[85.159955,45.773437],[85.160157,45.773089],[85.160130,45.772822],[85.158747,45.771791],[85.158730,45.771591],[85.158460,45.771102],[85.157229,45.771218],[85.156568,45.771050],[85.155627,45.771062],[85.153784,45.771319],[85.153101,45.771092],[85.153050,45.770840],[85.153401,45.770670],[85.155479,45.770483],[85.156218,45.770118],[85.156256,45.770027],[85.155944,45.769738],[85.155835,45.769445],[85.155997,45.769230],[85.156865,45.768908],[85.156871,45.768733],[85.156498,45.768486],[85.155907,45.768343],[85.153384,45.768290],[85.152856,45.768057],[85.152612,45.767853],[85.152625,45.767477],[85.152997,45.766648],[85.153069,45.766273],[85.152766,45.766068],[85.152048,45.765816],[85.151891,45.764820],[85.151612,45.764590],[85.149910,45.764565],[85.149380,45.764382],[85.149229,45.764271],[85.149329,45.764114],[85.149910,45.763839],[85.149752,45.763569],[85.149543,45.763416],[85.148532,45.763376],[85.148063,45.763169],[85.147991,45.762817],[85.148627,45.762292],[85.149780,45.762000],[85.149915,45.761517],[85.149421,45.761335],[85.146337,45.761331],[85.146018,45.761243],[85.145838,45.760931],[85.146452,45.759654],[85.146431,45.759195],[85.146229,45.758833],[85.145822,45.758518],[85.145421,45.758403],[85.144505,45.758390],[85.143708,45.758712],[85.141837,45.760162],[85.141550,45.760200],[85.141233,45.760061],[85.141244,45.759736],[85.142185,45.759015],[85.142451,45.758535],[85.142435,45.758292],[85.142252,45.758089],[85.140928,45.758136],[85.140218,45.758351],[85.139453,45.758782],[85.138636,45.759714],[85.138007,45.759637],[85.137859,45.759418],[85.138030,45.758953],[85.139490,45.757656],[85.140353,45.757159],[85.141435,45.756841],[85.142054,45.756500],[85.143140,45.755013],[85.143096,45.754544],[85.142761,45.754214],[85.141871,45.754109],[85.141424,45.754302],[85.140813,45.754778],[85.140051,45.755117],[85.139633,45.755161],[85.139282,45.755331],[85.138881,45.755918],[85.138605,45.755981],[85.138071,45.755931],[85.137413,45.755637],[85.137170,45.755433],[85.137532,45.754929],[85.138711,45.754596],[85.138934,45.754332],[85.139074,45.754042],[85.139047,45.753783],[85.138624,45.753267],[85.138262,45.753036],[85.136821,45.753390],[85.136452,45.753385],[85.135887,45.753184],[85.135462,45.752710],[85.135107,45.751911],[85.134748,45.751597],[85.133249,45.751173],[85.133034,45.750836],[85.132987,45.750460],[85.132769,45.750197],[85.131985,45.750135],[85.131648,45.749888],[85.131755,45.749539],[85.131980,45.749208],[85.131872,45.748881],[85.131352,45.748380],[85.130854,45.748331],[85.130278,45.748431],[85.128806,45.748984],[85.127984,45.748972],[85.127969,45.748729],[85.128445,45.748386],[85.129668,45.747787],[85.130510,45.747199],[85.130625,45.746607],[85.130508,45.746205],[85.129961,45.745445],[85.129752,45.745291],[85.129217,45.745258],[85.128544,45.745423],[85.127394,45.745230],[85.126853,45.745397],[85.125976,45.745960],[85.125246,45.746032],[85.125158,45.745838],[85.125905,45.745232],[85.125822,45.744872],[85.125900,45.744656],[85.125588,45.744384],[85.125245,45.744287],[85.124760,45.744288],[85.123946,45.744291],[85.122855,45.744124],[85.122033,45.744111],[85.121822,45.744016],[85.121948,45.743801],[85.122936,45.743482],[85.123386,45.743222],[85.123399,45.742822],[85.123099,45.742533],[85.121815,45.742095],[85.121009,45.742659],[85.120570,45.742602],[85.120457,45.742425],[85.120936,45.741990],[85.121284,45.741202],[85.121296,45.740868],[85.121133,45.740732],[85.120512,45.740789],[85.119837,45.741004],[85.119166,45.741102],[85.119021,45.740815],[85.119256,45.740552],[85.119229,45.740284],[85.119045,45.740106],[85.118028,45.740199],[85.117876,45.740113],[85.117740,45.739551],[85.117344,45.739261],[85.116304,45.739002],[85.115396,45.739054],[85.114328,45.738904],[85.112449,45.737345],[85.112165,45.737282],[85.111694,45.737450],[85.110937,45.738340],[85.110459,45.738374],[85.110152,45.738260],[85.110099,45.737708],[85.110650,45.736590],[85.110593,45.736171],[85.110238,45.735723],[85.109093,45.735729],[85.108586,45.735913],[85.107229,45.736885],[85.106981,45.736797],[85.106861,45.736486],[85.106984,45.735670],[85.106617,45.735221],[85.106279,45.734999],[85.104713,45.734722],[85.103356,45.734658],[85.103145,45.734546],[85.102877,45.733991],[85.102573,45.733810],[85.101967,45.733750],[85.101019,45.733893],[85.099854,45.733782],[85.099552,45.733534],[85.099144,45.732200],[85.098467,45.731729],[85.095569,45.731680],[85.094637,45.732065],[85.094021,45.732606],[85.093637,45.732683],[85.093198,45.732609],[85.093174,45.732257],[85.093327,45.731617],[85.093754,45.730990],[85.093744,45.730589],[85.093524,45.730384],[85.093084,45.730335],[85.092831,45.730414],[85.091575,45.731195],[85.091098,45.731161],[85.090506,45.729982],[85.087951,45.728209],[85.087250,45.727404],[85.086033,45.727032],[85.085602,45.726715],[85.084472,45.725526],[85.083913,45.725116],[85.083307,45.724328],[85.083027,45.724123],[85.082530,45.724006],[85.082249,45.723825],[85.081719,45.722931],[85.080971,45.722433],[85.080304,45.721695],[85.076791,45.721699],[85.076604,45.721579],[85.076713,45.721205],[85.076949,45.720925],[85.076957,45.720683],[85.076718,45.720345],[85.074319,45.719225],[85.072657,45.718902],[85.071240,45.718768],[85.070144,45.718305],[85.069158,45.717427],[85.067451,45.716669],[85.066588,45.716052],[85.064919,45.715579],[85.064166,45.715548],[85.063886,45.715359],[85.064085,45.714110],[85.063696,45.713593],[85.063054,45.713840],[85.062853,45.714129],[85.062112,45.714466],[85.059885,45.713163],[85.059502,45.713156],[85.059186,45.713309],[85.059173,45.713684],[85.058871,45.714121],[85.058518,45.714290],[85.058038,45.714348],[85.057396,45.714578],[85.056855,45.714634],[85.055627,45.714519],[85.055406,45.714340],[85.055564,45.713590],[85.055251,45.713301],[85.054980,45.713187],[85.054593,45.713314],[85.054196,45.713724],[85.053779,45.714000],[85.052990,45.713985],[85.052426,45.713690],[85.051987,45.713590],[85.051541,45.713673],[85.051377,45.713937],[85.051313,45.714729],[85.051527,45.715109],[85.050908,45.715381],[85.048174,45.715863],[85.047038,45.715841],[85.044674,45.716363],[85.043848,45.716372],[85.041986,45.716887],[85.041379,45.717142],[85.039757,45.717311],[85.038343,45.716991],[85.037877,45.716982],[85.036790,45.717912],[85.035600,45.718398],[85.035288,45.718417],[85.034757,45.718181],[85.034126,45.718102],[85.032031,45.718060],[85.031232,45.718311],[85.030453,45.719022],[85.029551,45.719447],[85.026192,45.720290],[85.025041,45.720659],[85.024355,45.721072],[85.023776,45.721194],[85.022700,45.721122],[85.022271,45.720721],[85.022598,45.719617],[85.022315,45.719502],[85.021748,45.719600],[85.021516,45.719728],[85.021110,45.719704],[85.020793,45.719497],[85.020649,45.719185],[85.020278,45.718818],[85.019651,45.718614],[85.018325,45.718495],[85.017785,45.718526],[85.017504,45.718679],[85.017279,45.718607],[85.017353,45.717548],[85.016949,45.717098],[85.016549,45.716889],[85.016662,45.716407],[85.016556,45.715695],[85.016323,45.715181],[85.016046,45.714866],[85.015069,45.714738],[85.013140,45.714740],[85.012172,45.715013],[85.011608,45.715043],[85.011157,45.715235],[85.010173,45.715966],[85.009826,45.715959],[85.009368,45.715682],[85.008850,45.715764],[85.008269,45.716261],[85.007982,45.716915],[85.007944,45.717315],[85.008343,45.717566],[85.009419,45.717629],[85.009663,45.717835],[85.009645,45.718344],[85.009025,45.718924],[85.007332,45.719357],[85.007074,45.719527],[85.006889,45.720008],[85.006387,45.719972],[85.006144,45.719750],[85.006028,45.719305],[85.005624,45.719205],[85.002996,45.719498],[85.002353,45.719385],[85.002246,45.719195],[85.000683,45.718996],[84.999254,45.719100],[84.998215,45.718987],[84.996667,45.718738],[84.996172,45.718511],[84.995117,45.717846],[84.994504,45.717232],[84.993970,45.717088],[84.991953,45.716871],[84.991177,45.716462],[84.990324,45.716219],[84.989293,45.716557],[84.988060,45.716549],[84.987379,45.716159],[84.986917,45.715690],[84.986325,45.715478],[84.984687,45.715402],[84.984403,45.715305],[84.984251,45.714859],[84.984043,45.714654],[84.981356,45.714449],[84.980957,45.714214],[84.979785,45.714150],[84.978242,45.713784],[84.977275,45.713372],[84.975142,45.712751],[84.972707,45.711859],[84.972203,45.711565],[84.971751,45.711155],[84.971725,45.710895],[84.972347,45.710240],[84.972999,45.709769],[84.974232,45.709109],[84.974689,45.708718],[84.974818,45.708478],[84.974704,45.708325],[84.974456,45.708229],[84.973879,45.708284],[84.972764,45.708662],[84.972441,45.708655],[84.972233,45.708451],[84.972180,45.707915],[84.971865,45.707032],[84.971309,45.706861],[84.970642,45.706756],[84.969791,45.706789],[84.969329,45.706980],[84.968853,45.707228],[84.966985,45.708895],[84.964760,45.709819],[84.963712,45.710023],[84.961620,45.709956],[84.961030,45.709727],[84.960578,45.709300],[84.958809,45.708930],[84.958259,45.708585],[84.958175,45.708274],[84.958759,45.707668],[84.959580,45.706182],[84.960244,45.705359],[84.960491,45.704495],[84.959886,45.703048],[84.959550,45.702732],[84.958870,45.703011],[84.958610,45.703248],[84.958547,45.703997],[84.957904,45.705221],[84.957238,45.707061],[84.956672,45.707827],[84.956417,45.707930],[84.956070,45.707923],[84.955787,45.707809],[84.955917,45.707518],[84.956681,45.706590],[84.956742,45.705907],[84.956655,45.705664],[84.956410,45.705500],[84.955653,45.705267],[84.954321,45.704398],[84.952867,45.703592],[84.951918,45.702713],[84.949948,45.701329],[84.949490,45.700769],[84.948297,45.700369],[84.946940,45.698414],[84.946391,45.697258],[84.945790,45.696916],[84.945465,45.696731],[84.944858,45.696009],[84.944442,45.695316],[84.943827,45.694803],[84.943145,45.694497],[84.942742,45.694071],[84.942300,45.693420],[84.942039,45.692730],[84.941814,45.692016],[84.941873,45.691047],[84.941709,45.690318],[84.941048,45.688802],[84.940470,45.687947],[84.938644,45.686900],[84.938132,45.686223],[84.937943,45.685518],[84.937781,45.685356],[84.937569,45.685285],[84.936618,45.685467],[84.936297,45.685435],[84.935635,45.684603],[84.935596,45.684036],[84.935201,45.683401],[84.934993,45.683222],[84.934706,45.683242],[84.934444,45.683545],[84.934014,45.683845],[84.933071,45.683853],[84.931466,45.682668],[84.928545,45.681577],[84.927747,45.680894],[84.927334,45.680752],[84.926645,45.680681],[84.926345,45.680382],[84.925896,45.679623],[84.925627,45.678515],[84.925176,45.677779],[84.925415,45.677142],[84.925411,45.676606],[84.922931,45.674288],[84.922475,45.673986],[84.922547,45.672684],[84.922078,45.671815],[84.920900,45.670448],[84.919709,45.669432],[84.919510,45.668677],[84.919558,45.668112],[84.919821,45.667530],[84.919978,45.666840],[84.919953,45.666217],[84.918943,45.665325],[84.918414,45.665098],[84.918083,45.664716],[84.917952,45.664046],[84.918077,45.663255],[84.916734,45.661860],[84.916211,45.661474],[84.915619,45.661355],[84.915380,45.661058],[84.915309,45.657833],[84.915127,45.656635],[84.914490,45.654527],[84.914192,45.653903],[84.913040,45.652821],[84.912526,45.652210],[84.912005,45.651783],[84.911756,45.651444],[84.911453,45.651247],[84.909946,45.651060],[84.909474,45.650943],[84.909136,45.650736],[84.909061,45.650208],[84.909167,45.649918],[84.909400,45.649722],[84.909830,45.649555],[84.910119,45.649297],[84.910240,45.649099],[84.910228,45.648936],[84.909063,45.648075],[84.908531,45.647159],[84.907871,45.647113],[84.907264,45.647256],[84.906942,45.647426],[84.906424,45.647404],[84.906000,45.646966],[84.905822,45.646633],[84.905594,45.646507],[84.905213,45.646500],[84.904686,45.646733],[84.904370,45.646748],[84.902987,45.646138],[84.901908,45.646018],[84.901218,45.645817],[84.900741,45.645533],[84.900074,45.645354],[84.899299,45.645398],[84.898444,45.645967],[84.897985,45.645971],[84.897274,45.645558],[84.896744,45.645418],[84.895723,45.645333],[84.893018,45.644453],[84.891718,45.644188],[84.889041,45.642595],[84.888589,45.642090],[84.886658,45.641082],[84.886426,45.640911],[84.886077,45.641038],[84.885476,45.641512],[84.885159,45.641540],[84.884883,45.641447],[84.884858,45.641171],[84.885191,45.640380],[84.885106,45.640115],[84.884845,45.639922],[84.883954,45.639740],[84.882311,45.638671],[84.880578,45.638732],[84.879851,45.638297],[84.878947,45.638139],[84.877651,45.637494],[84.876394,45.637410],[84.875493,45.637481],[84.873053,45.638023],[84.871887,45.638533],[84.871236,45.638589],[84.870807,45.638326],[84.870676,45.637994],[84.870266,45.637687],[84.870077,45.637662],[84.869329,45.637937],[84.868022,45.637931],[84.867296,45.637326],[84.866922,45.637144],[84.865413,45.637143],[84.864773,45.637416],[84.864394,45.637363],[84.864016,45.637311],[84.863747,45.637197],[84.863204,45.636478],[84.862984,45.636324],[84.862806,45.636321],[84.862127,45.636660],[84.860493,45.636498],[84.859789,45.636269],[84.859102,45.635906],[84.858894,45.634817],[84.858861,45.634106],[84.858555,45.633725],[84.857331,45.633729],[84.856206,45.632883],[84.855194,45.632122],[84.853739,45.631638],[84.851048,45.631191],[84.847680,45.631350],[84.846315,45.631636],[84.845398,45.631963],[84.842871,45.632863],[84.842460,45.633056],[84.842192,45.633536],[84.840752,45.634221],[84.840247,45.634405],[84.839295,45.634438],[84.838592,45.633875],[84.838362,45.633378],[84.838376,45.633003],[84.837902,45.632360],[84.837613,45.631537],[84.836355,45.630897],[84.835464,45.629353],[84.834223,45.628271],[84.833590,45.627960],[84.831010,45.630007],[84.826863,45.633360],[84.827307,45.636996],[84.827212,45.639455],[84.827475,45.644346],[84.827636,45.644805],[84.828088,45.645353],[84.829756,45.646609],[84.829656,45.647259],[84.826495,45.648516],[84.824386,45.649599],[84.822866,45.650508],[84.821856,45.650816],[84.821321,45.650832],[84.819593,45.650643],[84.817904,45.651324],[84.817304,45.651472],[84.816453,45.651340],[84.814352,45.651304],[84.813252,45.651176],[84.812853,45.651035],[84.811154,45.651031],[84.806863,45.652283],[84.803982,45.653643],[84.803712,45.654165],[84.803511,45.656859],[84.803181,45.658022],[84.800900,45.659201],[84.797516,45.660619],[84.796652,45.661714],[84.794823,45.662583],[84.793662,45.663380],[84.792889,45.663676],[84.792066,45.663753],[84.788688,45.663466],[84.786960,45.662349],[84.785536,45.661045],[84.785458,45.660601],[84.785679,45.659828],[84.786270,45.658428],[84.785914,45.657803],[84.784660,45.656102],[84.783412,45.655177],[84.780946,45.653778],[84.778984,45.652548],[84.776136,45.651167],[84.773892,45.650732],[84.772743,45.650310],[84.772196,45.649706],[84.772142,45.648662],[84.772851,45.646094],[84.773767,45.643389],[84.773981,45.642182],[84.773956,45.641029],[84.773607,45.640513],[84.773205,45.640155],[84.773097,45.639886],[84.773325,45.639539],[84.773680,45.639279],[84.776138,45.639375],[84.777445,45.639725],[84.778191,45.639806],[84.778865,45.639618],[84.788363,45.634848],[84.790946,45.633835],[84.792232,45.633173],[84.793685,45.631278],[84.800542,45.623977],[84.802024,45.623118],[84.803371,45.621789],[84.803906,45.620855],[84.803919,45.620546],[84.803404,45.620027],[84.803319,45.619783],[84.803467,45.619343],[84.804205,45.618672],[84.805033,45.616941],[84.804833,45.615676],[84.804874,45.614616],[84.805204,45.614071],[84.805455,45.613432],[84.806077,45.612692],[84.806252,45.612160],[84.806089,45.611631],[84.806127,45.610968],[84.805963,45.610756],[84.805672,45.610605],[84.805602,45.610407],[84.805939,45.610159],[84.806526,45.609242],[84.806469,45.608731],[84.806273,45.608440],[84.805970,45.608272],[84.805716,45.608242],[84.805197,45.608321],[84.804257,45.608672],[84.803382,45.608865],[84.802972,45.608870],[84.802821,45.608788],[84.802694,45.608080],[84.802193,45.607541],[84.802191,45.606058],[84.801450,45.605586],[84.800580,45.604752],[84.799369,45.603812],[84.798451,45.602856],[84.797197,45.601969],[84.795302,45.601363],[84.794537,45.600894],[84.794124,45.600511],[84.793681,45.600306],[84.792787,45.600244],[84.792336,45.600082],[84.792170,45.599924],[84.792171,45.599118],[84.792007,45.598915],[84.791605,45.598711],[84.791027,45.598613],[84.790127,45.598705],[84.789784,45.598653],[84.788063,45.597574],[84.787289,45.597318],[84.785090,45.597641],[84.783618,45.597593],[84.783240,45.597243],[84.783256,45.596834],[84.783117,45.596301],[84.780917,45.594219],[84.780773,45.593949],[84.780778,45.593373],[84.780678,45.593196],[84.779810,45.592925],[84.779463,45.592534],[84.779627,45.591994],[84.780522,45.591589],[84.780522,45.591117],[84.779935,45.590488],[84.779506,45.590226],[84.778960,45.590060],[84.777710,45.589971],[84.777000,45.590033],[84.775983,45.589914],[84.775752,45.589746],[84.775837,45.589539],[84.776463,45.589183],[84.776470,45.589008],[84.776322,45.588851],[84.776057,45.588792],[84.775616,45.588817],[84.774497,45.589314],[84.773788,45.589221],[84.773782,45.589058],[84.774251,45.588791],[84.774804,45.588622],[84.775310,45.588155],[84.775337,45.587893],[84.775158,45.587635],[84.775197,45.587406],[84.775412,45.587222],[84.775827,45.587084],[84.776599,45.586956],[84.777099,45.586623],[84.777268,45.586413],[84.777279,45.586138],[84.777008,45.585769],[84.776612,45.585432],[84.774689,45.584766],[84.774587,45.584630],[84.774455,45.583909],[84.774095,45.583560],[84.773862,45.583447],[84.772204,45.583579],[84.771850,45.583376],[84.771731,45.583227],[84.771852,45.582988],[84.772316,45.582708],[84.772358,45.582554],[84.772161,45.582275],[84.770510,45.581183],[84.769743,45.581060],[84.769461,45.580975],[84.769329,45.580839],[84.769290,45.580630],[84.769662,45.580248],[84.769897,45.579856],[84.769623,45.578970],[84.771489,45.578241],[84.772102,45.577910],[84.772398,45.577486],[84.772180,45.577106],[84.771868,45.577033],[84.771013,45.577192],[84.769569,45.577941],[84.768937,45.578005],[84.768814,45.577948],[84.768786,45.577760],[84.770028,45.576998],[84.770326,45.576674],[84.770352,45.576332],[84.770280,45.576197],[84.769679,45.575910],[84.769734,45.575731],[84.771338,45.574814],[84.771460,45.574595],[84.771483,45.574019],[84.771348,45.573841],[84.771195,45.573792],[84.770814,45.573818],[84.770113,45.574106],[84.769561,45.574083],[84.769336,45.573924],[84.768036,45.571790],[84.767696,45.570732],[84.766030,45.568424],[84.764438,45.566869],[84.761397,45.565031],[84.759978,45.564419],[84.759947,45.564298],[84.760047,45.564166],[84.760525,45.564088],[84.761376,45.563640],[84.761534,45.563255],[84.761544,45.562992],[84.761216,45.562564],[84.760837,45.562502],[84.760272,45.562558],[84.759580,45.562908],[84.757992,45.564126],[84.757517,45.565002],[84.757010,45.565489],[84.756252,45.565850],[84.755721,45.565760],[84.755541,45.565193],[84.755168,45.564722],[84.755011,45.564335],[84.756446,45.563390],[84.756705,45.563153],[84.756778,45.562920],[84.755830,45.562714],[84.755773,45.562525],[84.755852,45.562184],[84.756112,45.561914],[84.756168,45.561672],[84.755870,45.561266],[84.754285,45.561192],[84.754196,45.561070],[84.754330,45.560818],[84.754830,45.560527],[84.754932,45.560354],[84.754379,45.559604],[84.754028,45.559309],[84.753665,45.559301],[84.752735,45.559350],[84.752566,45.559292],[84.752419,45.559110],[84.752538,45.558795],[84.754093,45.557355],[84.755863,45.555941],[84.757119,45.555147],[84.757562,45.554759],[84.757566,45.554638],[84.757399,45.554501],[84.757164,45.554463],[84.756275,45.554680],[84.755816,45.554712],[84.755695,45.554622],[84.755781,45.554415],[84.756673,45.553802],[84.756694,45.553539],[84.756509,45.553147],[84.755342,45.552110],[84.755028,45.551957],[84.754797,45.551953],[84.754109,45.552194],[84.753872,45.552189],[84.753598,45.552042],[84.753513,45.551786],[84.753500,45.550900],[84.752842,45.549993],[84.752145,45.549698],[84.751039,45.548801],[84.750575,45.548525],[84.750324,45.548407],[84.749526,45.548316],[84.748094,45.547247],[84.747624,45.547096],[84.747399,45.546933],[84.747466,45.546404],[84.747761,45.546059],[84.747533,45.545048],[84.746969,45.544586],[84.745837,45.544195],[84.745153,45.544061],[84.744789,45.543623],[84.744711,45.543212],[84.744276,45.542773],[84.743698,45.542628],[84.743095,45.542729],[84.742585,45.543249],[84.741831,45.543234],[84.738598,45.542713],[84.738056,45.542447],[84.737681,45.541988],[84.736939,45.541672],[84.735535,45.541347],[84.734845,45.540481],[84.734910,45.539280],[84.734766,45.538600],[84.734431,45.537908],[84.734317,45.536749],[84.734620,45.535837],[84.735454,45.534660],[84.735815,45.534379],[84.736459,45.534061],[84.736976,45.533609],[84.737164,45.533225],[84.737177,45.532907],[84.736975,45.532461],[84.736153,45.531746],[84.735301,45.531353],[84.735007,45.530971],[84.734894,45.530500],[84.734454,45.529924],[84.734405,45.529371],[84.734992,45.528958],[84.736778,45.528360],[84.737137,45.528162],[84.737381,45.527858],[84.737432,45.527442],[84.737309,45.527263],[84.736436,45.527078],[84.735232,45.526975],[84.735153,45.526886],[84.735339,45.526560],[84.735362,45.526005],[84.735133,45.525461],[84.734877,45.524429],[84.734511,45.524066],[84.733735,45.523850],[84.733503,45.523690],[84.733483,45.523448],[84.735063,45.523359],[84.736536,45.523101],[84.737336,45.522753],[84.737810,45.522355],[84.738543,45.521267],[84.739200,45.521047],[84.739479,45.520756],[84.739508,45.520334],[84.739405,45.519802],[84.738789,45.519460],[84.738765,45.519292],[84.738901,45.519007],[84.739229,45.518704],[84.740033,45.518211],[84.740177,45.517763],[84.739747,45.517189],[84.739278,45.517026],[84.738327,45.516853],[84.736570,45.516771],[84.736405,45.516604],[84.736334,45.516281],[84.736382,45.515994],[84.737247,45.515461],[84.737627,45.514750],[84.737530,45.514339],[84.736975,45.514127],[84.736809,45.513936],[84.736846,45.513749],[84.738107,45.512860],[84.738120,45.512538],[84.737705,45.512362],[84.736264,45.512267],[84.736140,45.512089],[84.736327,45.511883],[84.737125,45.511536],[84.737456,45.511188],[84.737426,45.511021],[84.737276,45.510909],[84.736372,45.510744],[84.735671,45.510885],[84.734741,45.511375],[84.734523,45.511337],[84.734418,45.511135],[84.734882,45.510241],[84.734724,45.509737],[84.734900,45.508625],[84.736655,45.506808],[84.736729,45.506453],[84.736678,45.506232],[84.736526,45.506062],[84.736041,45.505956],[84.733620,45.506282],[84.731960,45.506168],[84.731774,45.506043],[84.731292,45.505181],[84.730600,45.505079],[84.729595,45.505079],[84.729206,45.504984],[84.728792,45.504766],[84.728691,45.504508],[84.728966,45.504293],[84.730085,45.503832],[84.730236,45.503193],[84.730711,45.502321],[84.730718,45.502167],[84.730477,45.501915],[84.729675,45.501899],[84.729573,45.501788],[84.729584,45.501513],[84.729939,45.501253],[84.729979,45.500701],[84.729796,45.500522],[84.729312,45.500446],[84.729155,45.500343],[84.729202,45.500056],[84.729690,45.499622],[84.730540,45.498449],[84.730928,45.498103],[84.731714,45.497789],[84.731950,45.497394],[84.731960,45.497151],[84.731872,45.496962],[84.731675,45.496848],[84.731407,45.496844],[84.729756,45.497227],[84.729523,45.497122],[84.729342,45.496889],[84.729326,45.496545],[84.729554,45.495598],[84.729572,45.495168],[84.728835,45.493516],[84.728728,45.493075],[84.728814,45.491252],[84.729020,45.490107],[84.729023,45.489590],[84.728662,45.489268],[84.727931,45.489400],[84.727647,45.489374],[84.727357,45.489188],[84.727306,45.488836],[84.727476,45.488176],[84.727542,45.486940],[84.726930,45.485766],[84.726839,45.485209],[84.726875,45.484329],[84.726733,45.484004],[84.726026,45.483547],[84.725929,45.483148],[84.725917,45.482718],[84.726330,45.482195],[84.727292,45.481343],[84.727577,45.480769],[84.726604,45.479692],[84.726237,45.479509],[84.725722,45.479451],[84.723986,45.479871],[84.723737,45.479865],[84.723570,45.479728],[84.723641,45.479433],[84.723888,45.479205],[84.723863,45.478660],[84.723674,45.477871],[84.723755,45.477498],[84.724092,45.476953],[84.724145,45.476383],[84.723946,45.475857],[84.723780,45.475697],[84.723401,45.475669],[84.723052,45.475750],[84.722701,45.475917],[84.722173,45.476471],[84.722024,45.476468],[84.721876,45.476464],[84.721291,45.476067],[84.720251,45.475770],[84.718681,45.475624],[84.717261,45.474996],[84.716215,45.474833],[84.716172,45.474719],[84.716370,45.474514],[84.716699,45.474466],[84.717763,45.474632],[84.717969,45.474548],[84.718659,45.473944],[84.718930,45.473871],[84.719607,45.474198],[84.720065,45.474195],[84.720653,45.474054],[84.722083,45.473244],[84.722753,45.472715],[84.722841,45.472454],[84.721649,45.471181],[84.720345,45.470355],[84.719811,45.470310],[84.719148,45.470383],[84.718576,45.470573],[84.717420,45.471499],[84.717196,45.471592],[84.716815,45.471608],[84.716487,45.471191],[84.716605,45.469900],[84.716575,45.469026],[84.716417,45.468216],[84.716107,45.467349],[84.715884,45.465520],[84.715736,45.465221],[84.715598,45.465084],[84.714739,45.465011],[84.714554,45.464886],[84.714441,45.464153],[84.714277,45.463940],[84.713504,45.463649],[84.712409,45.463062],[84.711908,45.462661],[84.711701,45.462348],[84.711465,45.460388],[84.711148,45.459980],[84.711036,45.459669],[84.711013,45.458787],[84.710596,45.457329],[84.710618,45.456779],[84.710830,45.456252],[84.711922,45.454982],[84.711897,45.454727],[84.711221,45.453650],[84.711259,45.452725],[84.710725,45.451794],[84.709501,45.451050],[84.709133,45.450725],[84.708791,45.450228],[84.708109,45.450039],[84.706619,45.450260],[84.706375,45.450109],[84.706257,45.449931],[84.706258,45.449488],[84.705687,45.448749],[84.705713,45.448538],[84.706384,45.448289],[84.706583,45.448072],[84.706662,45.447287],[84.706542,45.446742],[84.706310,45.446287],[84.705961,45.445958],[84.705319,45.445801],[84.704350,45.446076],[84.703719,45.446552],[84.703217,45.447180],[84.702782,45.447944],[84.702443,45.448091],[84.701863,45.448015],[84.701665,45.447897],[84.702579,45.446340],[84.702579,45.445917],[84.702229,45.445601],[84.701683,45.445556],[84.701432,45.445449],[84.701315,45.445259],[84.701326,45.444976],[84.702562,45.443686],[84.702836,45.443104],[84.702848,45.442807],[84.702436,45.442402],[84.699869,45.442501],[84.698693,45.442751],[84.698176,45.442739],[84.697435,45.442393],[84.697231,45.442422],[84.697033,45.442613],[84.696508,45.443522],[84.695993,45.443752],[84.695502,45.443841],[84.693646,45.443391],[84.692951,45.442779],[84.692568,45.442561],[84.692485,45.442259],[84.692772,45.441360],[84.692713,45.440465],[84.692414,45.439772],[84.692008,45.439220],[84.691288,45.438795],[84.690383,45.438533],[84.689525,45.438714],[84.688372,45.439275],[84.687551,45.439268],[84.687139,45.439004],[84.686793,45.438601],[84.686834,45.436876],[84.686057,45.435798],[84.685463,45.435785],[84.684703,45.436187],[84.684560,45.436182],[84.684336,45.435981],[84.684233,45.435745],[84.684462,45.435245],[84.684772,45.433781],[84.684724,45.433070],[84.685473,45.430180],[84.685596,45.429060],[84.685239,45.428496],[84.684723,45.428012],[84.683543,45.426175],[84.683147,45.425388],[84.683134,45.424991],[84.682990,45.424578],[84.683059,45.424062],[84.683351,45.423902],[84.684496,45.423684],[84.684678,45.423467],[84.684688,45.423204],[84.684489,45.422979],[84.682538,45.422259],[84.682234,45.421989],[84.681133,45.421588],[84.680154,45.420957],[84.679608,45.420495],[84.679428,45.420222],[84.679321,45.419791],[84.679113,45.419509],[84.678829,45.419470],[84.678443,45.419603],[84.677630,45.420704],[84.676841,45.420808],[84.675128,45.420657],[84.675089,45.420460],[84.675383,45.420245],[84.675973,45.420070],[84.676167,45.419853],[84.676413,45.418932],[84.677169,45.418472],[84.677965,45.418202],[84.678084,45.418050],[84.677995,45.417484],[84.676484,45.417208],[84.675777,45.417180],[84.674605,45.417333],[84.672126,45.417896],[84.670861,45.417714],[84.669942,45.417794],[84.669858,45.417745],[84.669761,45.417689],[84.669727,45.417379],[84.671213,45.416098],[84.671334,45.415757],[84.671328,45.415469],[84.670957,45.415374],[84.670026,45.415452],[84.669760,45.415413],[84.669388,45.415205],[84.668577,45.413970],[84.667720,45.413421],[84.666500,45.412863],[84.666208,45.412590],[84.665272,45.412063],[84.665232,45.411895],[84.665360,45.411638],[84.666939,45.411419],[84.667689,45.411093],[84.668768,45.410165],[84.668823,45.409991],[84.668680,45.409712],[84.667969,45.409353],[84.667885,45.409097],[84.668855,45.407627],[84.669082,45.406747],[84.668765,45.406506],[84.668462,45.406499],[84.667332,45.406942],[84.666201,45.406816],[84.665519,45.406634],[84.664855,45.406310],[84.664602,45.405950],[84.664496,45.405496],[84.664221,45.405235],[84.663463,45.404876],[84.663596,45.404403],[84.664051,45.404028],[84.664575,45.403155],[84.664905,45.402364],[84.664921,45.401713],[84.664084,45.401377],[84.663639,45.401054],[84.660928,45.400058],[84.660536,45.400049],[84.660333,45.400065],[84.660136,45.400228],[84.659835,45.401069],[84.659466,45.401625],[84.658724,45.402030],[84.658357,45.402130],[84.657721,45.401995],[84.657469,45.401614],[84.656575,45.400666],[84.655917,45.400631],[84.655467,45.400884],[84.654941,45.400388],[84.654334,45.400107],[84.654004,45.399757],[84.653775,45.399255],[84.653627,45.398245],[84.653258,45.396817],[84.652973,45.396251],[84.652751,45.396162],[84.651538,45.396728],[84.651004,45.396716],[84.650923,45.396405],[84.651776,45.395589],[84.652882,45.393868],[84.653604,45.392531],[84.654928,45.390664],[84.655364,45.390181],[84.657177,45.388876],[84.657378,45.388613],[84.657386,45.388421],[84.657263,45.388235],[84.656895,45.388227],[84.655272,45.388683],[84.654392,45.389257],[84.653400,45.389678],[84.652921,45.389775],[84.652303,45.389762],[84.651710,45.389464],[84.650218,45.389030],[84.649220,45.389033],[84.647584,45.388086],[84.646164,45.386797],[84.644956,45.386428],[84.644810,45.386082],[84.644973,45.385159],[84.645218,45.384567],[84.645532,45.384286],[84.645684,45.383926],[84.645622,45.383273],[84.645349,45.382966],[84.645250,45.382642],[84.645310,45.382347],[84.645573,45.382165],[84.647041,45.381579],[84.647351,45.381285],[84.647426,45.381036],[84.647549,45.379932],[84.647404,45.379277],[84.647186,45.379227],[84.646100,45.379624],[84.645864,45.379586],[84.645719,45.379361],[84.646209,45.378875],[84.647004,45.378316],[84.647368,45.377564],[84.647224,45.377172],[84.646794,45.376941],[84.645970,45.376790],[84.644294,45.376644],[84.644220,45.376421],[84.644347,45.376094],[84.645123,45.375138],[84.645017,45.374705],[84.644792,45.374533],[84.643789,45.374820],[84.642760,45.374985],[84.640417,45.375054],[84.639956,45.375144],[84.639446,45.375012],[84.639468,45.374770],[84.639733,45.374529],[84.640624,45.374219],[84.640775,45.374014],[84.640788,45.372840],[84.640977,45.372159],[84.641068,45.370253],[84.641256,45.368887],[84.641169,45.368287],[84.640653,45.366693],[84.640556,45.366039],[84.639564,45.364175],[84.639012,45.363762],[84.637362,45.363450],[84.637069,45.363364],[84.636889,45.363164],[84.636737,45.362638],[84.636735,45.361268],[84.636658,45.360836],[84.635665,45.359035],[84.635465,45.358855],[84.633170,45.358529],[84.632810,45.358220],[84.632799,45.358032],[84.633078,45.357729],[84.634497,45.356900],[84.634631,45.356661],[84.634497,45.356457],[84.634282,45.356344],[84.632795,45.356729],[84.632413,45.356741],[84.632276,45.356694],[84.632138,45.356648],[84.631626,45.356127],[84.630275,45.353524],[84.629897,45.353065],[84.628701,45.352007],[84.628287,45.351137],[84.627910,45.350786],[84.627088,45.349311],[84.626896,45.349064],[84.626303,45.348650],[84.625750,45.347577],[84.624988,45.347043],[84.624172,45.346273],[84.624166,45.345997],[84.624417,45.345238],[84.624350,45.344731],[84.623848,45.344244],[84.623318,45.343878],[84.622916,45.343694],[84.622217,45.343565],[84.621769,45.343339],[84.620701,45.342229],[84.620001,45.341805],[84.618818,45.340743],[84.617212,45.339756],[84.616766,45.339216],[84.615654,45.338728],[84.614864,45.338214],[84.614184,45.337615],[84.613802,45.336997],[84.613464,45.336835],[84.612501,45.336626],[84.611918,45.336321],[84.611756,45.335750],[84.611554,45.335612],[84.610812,45.335395],[84.610298,45.334912],[84.610171,45.334659],[84.608585,45.333817],[84.608254,45.333371],[84.605027,45.330791],[84.598435,45.326857],[84.597610,45.326468],[84.595911,45.325876],[84.595500,45.325517],[84.595031,45.324709],[84.594858,45.324074],[84.594343,45.323633],[84.594201,45.323333],[84.594096,45.322742],[84.593886,45.322528],[84.592840,45.322076],[84.592248,45.321379],[84.591939,45.321259],[84.590885,45.321283],[84.589848,45.321019],[84.589855,45.320852],[84.590910,45.319980],[84.590914,45.319612],[84.590734,45.319412],[84.590331,45.319270],[84.588663,45.319102],[84.587731,45.318907],[84.587654,45.318220],[84.587428,45.317981],[84.587043,45.317811],[84.586790,45.317517],[84.586715,45.317052],[84.586797,45.315812],[84.586685,45.315513],[84.586355,45.315210],[84.585948,45.315210],[84.584626,45.315671],[84.583924,45.315624],[84.583904,45.315410],[84.584450,45.315091],[84.585085,45.314883],[84.585264,45.314719],[84.585302,45.314503],[84.585219,45.314233],[84.583592,45.313118],[84.582019,45.312576],[84.581070,45.312092],[84.580550,45.311518],[84.579300,45.310740],[84.580617,45.298815],[84.581370,45.293615],[84.581700,45.290465],[84.581873,45.288814],[84.581893,45.288655],[84.583729,45.274264],[84.585991,45.259935],[84.587351,45.252114],[84.588880,45.241430],[84.593049,45.237495],[84.595234,45.236056],[84.596042,45.235391],[84.596581,45.234764],[84.597916,45.231504],[84.598392,45.230944],[84.600232,45.229542],[84.601654,45.228864],[84.602614,45.228107],[84.603672,45.227603],[84.609166,45.223000],[84.610646,45.221521],[84.612645,45.220192],[84.614728,45.219140],[84.615587,45.218503],[84.616466,45.217038],[84.618008,45.214076],[84.619816,45.212631],[84.621316,45.210653],[84.622429,45.207418],[84.623131,45.206334],[84.624846,45.203087],[84.626572,45.200328],[84.626698,45.199566],[84.627370,45.198077],[84.628761,45.195650],[84.630363,45.193303],[84.631059,45.191595],[84.631324,45.190608],[84.631871,45.189134],[84.632311,45.188116],[84.632791,45.187327],[84.632741,45.187003],[84.633285,45.185936],[84.633982,45.185013],[84.634920,45.184108],[84.635691,45.183538],[84.636500,45.183086],[84.638872,45.182092],[84.639615,45.181694],[84.640722,45.180939],[84.642572,45.179483],[84.644259,45.178380],[84.647498,45.175575],[84.650337,45.173349],[84.653053,45.170648],[84.656051,45.168088],[84.659964,45.165405],[84.663004,45.163111],[84.665751,45.161415],[84.666865,45.160103],[84.668894,45.158546],[84.668625,45.154298],[84.667501,45.147594],[84.666849,45.141640],[84.661586,45.102329],[84.661570,45.102214],[84.657399,45.063472],[84.656437,45.055772],[84.653769,45.034423],[84.651920,45.019628],[84.650606,45.009105],[84.642366,45.003279],[84.651636,45.000123],[84.647673,44.967719],[84.642963,44.929192],[84.635663,44.930232],[84.634382,44.908382],[84.634008,44.906009],[84.633950,44.905129],[84.634331,44.901016],[84.634429,44.898059],[84.634648,44.895139],[84.634729,44.894057],[84.635799,44.879768],[84.636122,44.877217],[84.636116,44.876643],[84.635529,44.871854],[84.635266,44.868529],[84.635019,44.867664],[84.635062,44.867464],[84.635274,44.867237],[84.635634,44.867073],[84.648424,44.866724],[84.648629,44.866326],[84.649099,44.857979],[84.649382,44.850177],[84.650086,44.835602],[84.650094,44.835428],[84.651010,44.816472],[84.651255,44.811387],[84.652485,44.791034],[84.640506,44.791777],[84.630276,44.792410],[84.629526,44.792448],[84.627917,44.792339],[84.627881,44.792381],[84.627784,44.792315],[84.626002,44.791772],[84.626424,44.784236],[84.628155,44.783790],[84.631462,44.782164],[84.634611,44.779902],[84.636454,44.778988],[84.637168,44.779097],[84.643083,44.775259],[84.644525,44.774213],[84.645267,44.773108],[84.647955,44.766689],[84.648371,44.765999],[84.648762,44.765546],[84.649307,44.765173],[84.651599,44.763973],[84.656981,44.761954],[84.673661,44.755259],[84.673993,44.754364],[84.674213,44.752916],[84.674249,44.752572],[84.674052,44.752129],[84.674418,44.751924],[84.674513,44.750624],[84.674778,44.750283],[84.675544,44.750009],[84.676149,44.749463],[84.676421,44.749412],[84.677489,44.748794],[84.678277,44.748112],[84.678217,44.747489],[84.677795,44.746779],[84.678357,44.746109],[84.677402,44.745347],[84.675364,44.744141],[84.673525,44.743619],[84.673095,44.743694],[84.672752,44.743162],[84.672936,44.741871],[84.673930,44.740723],[84.675537,44.740859],[84.677334,44.739846],[84.680953,44.739827],[84.683171,44.740532],[84.686591,44.740510],[84.690614,44.739240],[84.693980,44.737180],[84.694775,44.736461],[84.694752,44.734886],[84.695555,44.734453],[84.701375,44.734275],[84.702576,44.733554],[84.703173,44.733549],[84.703601,44.735259],[84.704006,44.735547],[84.705620,44.735680],[84.706415,44.735382],[84.708403,44.733797],[84.708403,44.733518],[84.710574,44.731216],[84.712531,44.727190],[84.708663,44.723931],[84.707630,44.721641],[84.707607,44.719931],[84.708379,44.717923],[84.711353,44.715188],[84.714581,44.714928],[84.715884,44.715030],[84.716726,44.715361],[84.717598,44.716550],[84.718078,44.716873],[84.718644,44.716959],[84.719044,44.716654],[84.719520,44.715761],[84.719863,44.715575],[84.721334,44.715417],[84.724428,44.714722],[84.728107,44.712652],[84.729627,44.711172],[84.730692,44.711074],[84.732432,44.711230],[84.733352,44.711517],[84.734616,44.711634],[84.735600,44.711609],[84.737427,44.712180],[84.737808,44.712041],[84.738346,44.711499],[84.738930,44.710461],[84.738960,44.709677],[84.739081,44.709247],[84.739502,44.709052],[84.740257,44.708930],[84.740744,44.708719],[84.740901,44.708326],[84.740919,44.707004],[84.741899,44.703956],[84.742949,44.703350],[84.744395,44.702942],[84.745016,44.702586],[84.745027,44.702365],[84.744615,44.701601],[84.744695,44.701215],[84.746013,44.699896],[84.746990,44.698700],[84.746876,44.696799],[84.747578,44.694901],[84.748762,44.693602],[84.751158,44.693011],[84.754134,44.690982],[84.754713,44.689553],[84.754294,44.687980],[84.754271,44.686404],[84.755324,44.686472],[84.760441,44.683706],[84.760359,44.683192],[84.762751,44.680619],[84.764462,44.679911],[84.764486,44.679270],[84.763921,44.678638],[84.763905,44.677616],[84.764006,44.676761],[84.764264,44.676691],[84.764811,44.676723],[84.766411,44.677124],[84.767155,44.677053],[84.767282,44.676833],[84.766908,44.676519],[84.768369,44.674998],[84.770078,44.674304],[84.770744,44.674232],[84.771283,44.674411],[84.772872,44.675695],[84.773841,44.676131],[84.775131,44.676126],[84.775661,44.675845],[84.776840,44.674355],[84.777475,44.672619],[84.780171,44.670971],[84.781911,44.669628],[84.782677,44.669187],[84.783706,44.668869],[84.785088,44.668621],[84.787860,44.668587],[84.788285,44.668648],[84.789414,44.669584],[84.792799,44.672048],[84.793781,44.672561],[84.794600,44.672723],[84.795145,44.672732],[84.795699,44.672511],[84.796239,44.672468],[84.796804,44.673941],[84.798373,44.680282],[84.798832,44.681266],[84.799205,44.681775],[84.801935,44.683390],[84.803963,44.683307],[84.805007,44.683060],[84.805481,44.682774],[84.808970,44.683014],[84.814328,44.683620],[84.827029,44.684220],[84.854176,44.685682],[84.850732,44.692229],[84.846902,44.699509],[84.844367,44.704551],[84.844323,44.704639],[84.844093,44.705096],[84.839956,44.713330],[84.834886,44.723258],[84.834568,44.723853],[84.834329,44.724302],[84.833707,44.725464],[84.832012,44.728637],[84.830664,44.731163],[84.827312,44.737436],[84.827266,44.737522],[84.825890,44.740098],[84.823488,44.744594],[84.819735,44.751617],[84.819073,44.752856],[84.818650,44.753684],[84.816924,44.757060],[84.813223,44.764301],[84.804500,44.781361],[84.793111,44.802800],[84.792700,44.803742],[84.792358,44.805540],[84.792271,44.807951],[84.792252,44.808488],[84.797185,44.809062],[84.801437,44.809945],[84.807038,44.811108],[84.811057,44.811783],[84.812349,44.812319],[84.820131,44.815550],[84.823754,44.816800],[84.832423,44.820423],[84.833633,44.820840],[84.836678,44.823385],[84.838086,44.823652],[84.839882,44.823350],[84.846322,44.825000],[84.848510,44.825788],[84.848924,44.826098],[84.849167,44.826405],[84.849445,44.826488],[84.851074,44.826329],[84.855525,44.824625],[84.857646,44.823057],[84.858940,44.822448],[84.860933,44.821312],[84.866397,44.818720],[84.868138,44.817756],[84.878609,44.812640],[84.883730,44.810043],[84.888863,44.807615],[84.894707,44.804674],[84.898242,44.802894],[84.899398,44.802723],[84.907716,44.802132],[84.911469,44.801968],[84.915147,44.801627],[84.916810,44.801625],[84.920389,44.802445],[84.930981,44.804460],[84.937379,44.805846],[84.937929,44.805769],[84.938309,44.805509],[84.940354,44.803297],[84.941218,44.802504],[84.941321,44.802409],[84.942386,44.801774],[84.943337,44.801341],[84.944358,44.801085],[84.946548,44.800753],[84.951335,44.800580],[84.952734,44.800332],[84.953901,44.799959],[84.956859,44.797761],[84.957072,44.797402],[84.957776,44.795151],[84.958662,44.793430],[84.959205,44.792735],[84.960275,44.788443],[84.960865,44.787582],[84.961687,44.786834],[84.963977,44.783353],[84.965005,44.782116],[84.965182,44.781931],[84.965606,44.781760],[84.966677,44.781452],[84.967586,44.780906],[84.968870,44.779427],[84.971216,44.777377],[84.973021,44.776118],[84.974924,44.775296],[84.976346,44.774239],[84.977015,44.773467],[84.978810,44.772003],[84.979267,44.771402],[84.979994,44.769846],[84.980278,44.769643],[84.981954,44.769059],[84.984138,44.768088],[84.987479,44.767095],[84.987957,44.767247],[84.988361,44.767665],[84.989213,44.768221],[84.990063,44.768519],[84.991571,44.768725],[84.992330,44.768762],[84.992898,44.768673],[84.994711,44.768071],[84.998676,44.765732],[85.000337,44.764893],[85.002150,44.763459],[85.002461,44.763131],[85.003469,44.761438],[85.004701,44.760059],[85.005053,44.759757],[85.005609,44.759535],[85.006399,44.758844],[85.007994,44.756854],[85.008398,44.756420],[85.008984,44.756168],[85.009307,44.755853],[85.009619,44.755342],[85.009918,44.755222],[85.010403,44.755283],[85.010856,44.754854],[85.012936,44.754010],[85.015326,44.752852],[85.019371,44.751548],[85.021954,44.750606],[85.023985,44.749693],[85.026679,44.748397],[85.031624,44.745585],[85.035508,44.744528],[85.038746,44.743350],[85.041371,44.742551],[85.046596,44.740205],[85.047629,44.739195],[85.049385,44.736003],[85.050844,44.732733],[85.053245,44.726642],[85.053518,44.724483],[85.054406,44.723351],[85.054792,44.723165],[85.054130,44.718957],[85.054008,44.718185],[85.053116,44.717064],[85.052654,44.716137],[85.052025,44.714299],[85.051897,44.713341],[85.050676,44.713225],[85.050493,44.713131],[85.050423,44.712878],[85.052348,44.701721],[85.052880,44.698130],[85.045317,44.696576],[85.043487,44.696058],[85.041838,44.695915],[85.039937,44.695185],[85.037886,44.694735],[85.033308,44.693531],[85.030225,44.692450],[85.028989,44.691688],[85.027517,44.690473],[85.026816,44.689256],[85.026042,44.688199],[85.025342,44.686690],[85.025452,44.685603],[85.025102,44.682601],[85.025254,44.681588],[85.024998,44.678793],[85.024834,44.678200],[85.024615,44.675593],[85.024406,44.674495],[85.024220,44.670030],[85.023852,44.668079],[85.023623,44.666221],[85.023643,44.665647],[85.022113,44.653035],[85.021783,44.650311],[85.019509,44.632371],[85.018256,44.619649],[85.046780,44.623117],[85.055088,44.624382],[85.065200,44.625716],[85.068360,44.626379],[85.010296,44.574837],[84.943356,44.565107],[84.901129,44.558965],[84.900269,44.558840],[84.853844,44.552091],[84.855923,44.545343],[84.857301,44.544188],[84.858277,44.542542],[84.857855,44.540468],[84.858432,44.539758],[84.858239,44.538907],[84.855154,44.535334],[84.855133,44.533601],[84.856267,44.529615],[84.855629,44.527467],[84.851935,44.521493],[84.852300,44.518644],[84.853818,44.514324],[84.854789,44.512761],[84.854930,44.509750],[84.855315,44.508736],[84.859035,44.504269],[84.858617,44.502851],[84.858984,44.500962],[84.861117,44.498363],[84.861069,44.495592],[84.856958,44.487426],[84.856120,44.486224],[84.850476,44.480184],[84.844470,44.474113],[84.837721,44.468012],[84.833754,44.465946],[84.829329,44.464535],[84.826605,44.462975],[84.825886,44.462563],[84.825623,44.461838],[84.825474,44.461711],[84.824074,44.460324],[84.822429,44.458697],[84.814750,44.451099],[84.812930,44.449115],[84.805873,44.443468],[84.802462,44.441923],[84.797428,44.438118],[84.797017,44.437265],[84.794958,44.434761],[84.794748,44.434513],[84.794541,44.434253],[84.793679,44.433205],[84.792348,44.431586],[84.791518,44.429736],[84.791313,44.429021],[84.790893,44.428017],[84.790475,44.427017],[84.788806,44.423023],[84.788425,44.422762],[84.787192,44.420194],[84.787374,44.419189],[84.787354,44.417632],[84.787351,44.417336],[84.787504,44.414757],[84.787633,44.410037],[84.788196,44.408032],[84.787960,44.405311],[84.788120,44.403020],[84.788205,44.395447],[84.787999,44.395012],[84.786392,44.393885],[84.784593,44.393474],[84.779999,44.392661],[84.778200,44.391962],[84.778187,44.391120],[84.778183,44.390869],[84.778156,44.389137],[84.777918,44.386676],[84.777644,44.381815],[84.777422,44.380244],[84.777369,44.376807],[84.777499,44.372375],[84.778002,44.366079],[84.777918,44.360501],[84.778649,44.356494],[84.779221,44.354624],[84.779000,44.353199],[84.778961,44.350769],[84.778534,44.349196],[84.778649,44.343622],[84.779777,44.339037],[84.781102,44.334591],[84.781064,44.332153],[84.782565,44.326280],[84.784715,44.324115],[84.785498,44.323104],[84.786596,44.317943],[84.786557,44.316390],[84.785905,44.314435],[84.784783,44.311936],[84.784059,44.309836],[84.783770,44.308133],[84.784313,44.306792],[84.786195,44.305051],[84.791442,44.300117],[84.792636,44.297942],[84.793504,44.295550],[84.793577,44.292579],[84.793908,44.287978],[84.795567,44.280679],[84.795743,44.279099],[84.796497,44.276378],[84.796672,44.274798],[84.796223,44.271660],[84.795606,44.270237],[84.795766,44.267802],[84.798248,44.261343],[84.798203,44.258770],[84.796535,44.253353],[84.795286,44.249644],[84.793381,44.242234],[84.791880,44.235093],[84.791469,44.233808],[84.791637,44.231949],[84.791766,44.227373],[84.791721,44.224656],[84.791088,44.222522],[84.785779,44.212703],[84.783958,44.210286],[84.780438,44.201029],[84.776986,44.195767],[84.773700,44.188942],[84.772038,44.184090],[84.768783,44.178398],[84.764528,44.173145],[84.762294,44.169595],[84.759663,44.166468],[84.753819,44.160653],[84.746141,44.151857],[84.739896,44.146182],[84.738881,44.144327],[84.737838,44.141798],[84.735758,44.137209],[84.733194,44.132039],[84.732903,44.130831],[84.731819,44.128561],[84.733327,44.128022],[84.734489,44.127394],[84.735691,44.126492],[84.737154,44.126033],[84.737980,44.126171],[84.739752,44.127214],[84.740785,44.128270],[84.742542,44.129701],[84.746018,44.131274],[84.748445,44.132484],[84.752200,44.134146],[84.757995,44.136974],[84.761242,44.139468],[84.764666,44.141589],[84.766058,44.142208],[84.768360,44.143605],[84.769829,44.144627],[84.780047,44.150448],[84.782004,44.151461],[84.785960,44.153831],[84.787178,44.154739],[84.788218,44.155769],[84.789412,44.156676],[84.790856,44.158055],[84.791967,44.158710],[84.794507,44.159909],[84.797325,44.161421],[84.802599,44.162325],[84.804240,44.162755],[84.806191,44.162948],[84.807675,44.163543],[84.811463,44.163851],[84.813575,44.163780],[84.816911,44.163153],[84.820691,44.161163],[84.822781,44.160381],[84.823796,44.160181],[84.824876,44.160108],[84.825732,44.160148],[84.826491,44.160294],[84.826886,44.160251],[84.827945,44.159810],[84.828777,44.159849],[84.830503,44.160163],[84.832266,44.160719],[84.832899,44.161258],[84.832045,44.163815],[84.834912,44.164007],[84.835861,44.164565],[84.836181,44.165185],[84.836353,44.166695],[84.836611,44.167234],[84.837374,44.168217],[84.837625,44.168891],[84.838044,44.169482],[84.838494,44.170043],[84.839443,44.170868],[84.840033,44.171146],[84.841012,44.171409],[84.843255,44.171271],[84.844526,44.171338],[84.845129,44.171761],[84.845963,44.172173],[84.848811,44.173108],[84.850536,44.173864],[84.850993,44.173851],[84.852014,44.173285],[84.853415,44.173550],[84.854612,44.173088],[84.855437,44.172968],[84.856213,44.172997],[84.857029,44.173130],[84.857409,44.173283],[84.859801,44.170537],[84.860917,44.169503],[84.861435,44.169111],[84.862161,44.168723],[84.862563,44.168649],[84.864497,44.168682],[84.866612,44.168852],[84.868331,44.168765],[84.871141,44.168973],[84.873738,44.169302],[84.876219,44.170298],[84.877493,44.170671],[84.881573,44.170768],[84.884226,44.170548],[84.887608,44.171051],[84.888928,44.171099],[84.891098,44.171472],[84.893216,44.171636],[84.895731,44.172416],[84.897359,44.173331],[84.902280,44.176645],[84.903876,44.177535],[84.905427,44.177981],[84.906283,44.178131],[84.909873,44.178464],[84.914258,44.178705],[84.916375,44.178987],[84.917341,44.179288],[84.917669,44.179562],[84.918056,44.180121],[84.918538,44.181283],[84.918924,44.182543],[84.920113,44.184445],[84.922699,44.187738],[84.924854,44.190318],[84.926108,44.192046],[84.927720,44.194525],[84.928821,44.195674],[84.929393,44.196921],[84.929859,44.197573],[84.930669,44.198366],[84.931997,44.200664],[84.932833,44.203378],[84.933089,44.204728],[84.933590,44.206200],[84.934059,44.206948],[84.934718,44.207416],[84.934861,44.207661],[84.935413,44.211352],[84.935345,44.213272],[84.934984,44.214756],[84.935112,44.215602],[84.935582,44.217466],[84.935238,44.218157],[84.935225,44.219029],[84.935137,44.219202],[84.935024,44.220273],[84.935024,44.222086],[84.935292,44.223241],[84.935294,44.224026],[84.935124,44.225059],[84.935166,44.225502],[84.937159,44.227971],[84.937169,44.228206],[84.937021,44.228424],[84.936994,44.229197],[84.936627,44.229853],[84.936681,44.230164],[84.936792,44.230487],[84.937239,44.231013],[84.937292,44.231182],[84.937087,44.231708],[84.937093,44.232026],[84.937197,44.232228],[84.937682,44.232339],[84.937938,44.232518],[84.937994,44.232741],[84.937605,44.233210],[84.937966,44.234365],[84.937814,44.234725],[84.937802,44.235081],[84.937929,44.235438],[84.938163,44.235739],[84.938172,44.235994],[84.937968,44.236144],[84.937896,44.236377],[84.937934,44.236607],[84.938231,44.236968],[84.938289,44.237458],[84.938581,44.238124],[84.938751,44.239255],[84.938740,44.240559],[84.938563,44.241281],[84.938009,44.242114],[84.937843,44.243197],[84.937836,44.244134],[84.937550,44.244680],[84.937348,44.244823],[84.937291,44.245084],[84.937690,44.246032],[84.938521,44.246920],[84.938791,44.247523],[84.938857,44.248773],[84.939382,44.249568],[84.939422,44.251422],[84.939344,44.252030],[84.939437,44.252320],[84.939645,44.252554],[84.940053,44.253380],[84.941913,44.255162],[84.942371,44.255405],[84.944603,44.255921],[84.945587,44.256437],[84.946316,44.257261],[84.948139,44.258809],[84.949512,44.259245],[84.950678,44.259920],[84.952145,44.261152],[84.954091,44.262032],[84.955675,44.263219],[84.956512,44.264318],[84.957110,44.266602],[84.957403,44.267235],[84.957619,44.268074],[84.958088,44.268685],[84.958705,44.269734],[84.959139,44.270695],[84.959095,44.272615],[84.959339,44.274650],[84.959952,44.278689],[84.960272,44.279723],[84.960490,44.280179],[84.962527,44.282885],[84.962720,44.283540],[84.963565,44.285446],[84.964404,44.287021],[84.967303,44.289490],[84.968438,44.291969],[84.968420,44.292474],[84.968064,44.293803],[84.967554,44.295221],[84.967469,44.295805],[84.967723,44.296562],[84.968546,44.297263],[84.969085,44.297394],[84.974891,44.297944],[84.975884,44.298298],[84.976684,44.298478],[84.978026,44.299048],[84.984211,44.302236],[84.986326,44.303596],[84.986935,44.304268],[84.988030,44.305752],[84.991418,44.308583],[84.993118,44.309469],[84.996152,44.310681],[84.999449,44.311555],[85.002212,44.311816],[85.005042,44.312334],[85.014524,44.314639],[85.017603,44.315228],[85.019674,44.315872],[85.020661,44.316088],[85.023883,44.316417],[85.025562,44.316759],[85.033107,44.316813],[85.038608,44.317273],[85.042004,44.317420],[85.042966,44.317284],[85.045372,44.316633],[85.046566,44.316568],[85.049708,44.316737],[85.052031,44.317171],[85.053771,44.317324],[85.060154,44.317324],[85.062834,44.317442],[85.065403,44.317281],[85.066334,44.317163],[85.066913,44.316962],[85.068622,44.316630],[85.069985,44.316533],[85.073047,44.315850],[85.075074,44.315752],[85.076656,44.315350],[85.081431,44.314629],[85.085444,44.313694],[85.087025,44.313467],[85.088944,44.313049],[85.095402,44.312228],[85.098705,44.311678],[85.102104,44.311347],[85.106765,44.310154],[85.107839,44.309695],[85.108537,44.309531],[85.109658,44.309555],[85.109790,44.308386],[85.110330,44.307052],[85.110338,44.306538],[85.110608,44.305479],[85.111321,44.304863],[85.111626,44.304444],[85.111985,44.303115],[85.112390,44.302498],[85.112270,44.301315],[85.111953,44.300643],[85.111960,44.300431],[85.112320,44.299754],[85.112309,44.299422],[85.112051,44.299058],[85.112031,44.298880],[85.112282,44.298137],[85.112088,44.297928],[85.112018,44.297570],[85.112084,44.296968],[85.111985,44.295800],[85.112037,44.295218],[85.112497,44.294651],[85.112552,44.294381],[85.112383,44.293932],[85.112391,44.293681],[85.112760,44.292838],[85.112680,44.292139],[85.112421,44.291680],[85.112256,44.290536],[85.112487,44.289363],[85.112451,44.288606],[85.112238,44.288292],[85.112135,44.287257],[85.111797,44.286846],[85.111779,44.286609],[85.111278,44.285672],[85.110066,44.285019],[85.109647,44.284647],[85.109164,44.284445],[85.107807,44.283372],[85.107590,44.282676],[85.107536,44.280880],[85.107431,44.280690],[85.107597,44.279481],[85.107780,44.278223],[85.107510,44.274601],[85.107251,44.270974],[85.106989,44.267352],[85.106721,44.263730],[85.106703,44.263531],[85.106660,44.259908],[85.106616,44.256277],[85.106614,44.256120],[85.106480,44.255725],[85.106386,44.254899],[85.106049,44.253550],[85.105376,44.251578],[85.104934,44.250892],[85.105034,44.250579],[85.105376,44.250178],[85.105402,44.249915],[85.105287,44.249778],[85.104484,44.249392],[85.104652,44.248685],[85.104173,44.247061],[85.103892,44.246647],[85.103222,44.246042],[85.103039,44.245333],[85.102050,44.244412],[85.101989,44.244183],[85.102185,44.243831],[85.101664,44.243106],[85.102024,44.241777],[85.101324,44.240659],[85.101184,44.239292],[85.100883,44.237725],[85.100900,44.236935],[85.100641,44.235434],[85.100375,44.234925],[85.100365,44.234568],[85.100645,44.233580],[85.100361,44.231924],[85.100662,44.231327],[85.100655,44.230856],[85.100248,44.230099],[85.100458,44.229544],[85.100716,44.229237],[85.100691,44.228945],[85.099850,44.228239],[85.099811,44.228051],[85.100144,44.227688],[85.100192,44.227276],[85.099779,44.226725],[85.099898,44.226211],[85.099324,44.225749],[85.099338,44.225473],[85.099175,44.225320],[85.098894,44.224709],[85.098532,44.224305],[85.097801,44.222788],[85.097575,44.222117],[85.096461,44.220829],[85.096370,44.220446],[85.095618,44.219588],[85.095522,44.219374],[85.095546,44.218643],[85.095352,44.218329],[85.095479,44.216892],[85.095347,44.216361],[85.095119,44.216139],[85.095175,44.215448],[85.094905,44.214946],[85.094702,44.213928],[85.094405,44.213336],[85.094365,44.212831],[85.094565,44.211801],[85.095031,44.210767],[85.095024,44.210589],[85.094853,44.210318],[85.095116,44.209859],[85.095051,44.209353],[85.095440,44.209246],[85.095547,44.209100],[85.095534,44.208842],[85.095162,44.208012],[85.095148,44.207809],[85.095305,44.207461],[85.094945,44.207089],[85.094679,44.204050],[85.094488,44.203739],[85.094372,44.202689],[85.094100,44.202365],[85.094069,44.202008],[85.094112,44.201732],[85.094523,44.201210],[85.094739,44.200660],[85.094595,44.199691],[85.094772,44.198985],[85.094514,44.198571],[85.093792,44.197940],[85.093577,44.197574],[85.093536,44.197257],[85.093643,44.195519],[85.093425,44.194603],[85.093765,44.193868],[85.093877,44.192321],[85.093911,44.192138],[85.094217,44.191796],[85.094219,44.191400],[85.093195,44.189934],[85.093052,44.189445],[85.092998,44.188343],[85.092834,44.187805],[85.092453,44.187201],[85.092380,44.186826],[85.092522,44.186080],[85.092235,44.185551],[85.092105,44.184275],[85.091792,44.183497],[85.091495,44.183165],[85.091359,44.182871],[85.091348,44.182563],[85.091141,44.181943],[85.090070,44.180403],[85.090054,44.180091],[85.089874,44.179722],[85.089545,44.179416],[85.089104,44.178394],[85.088648,44.177808],[85.087848,44.176192],[85.087705,44.175065],[85.087745,44.173853],[85.087625,44.173708],[85.087581,44.171915],[85.088599,44.170211],[85.088653,44.169991],[85.088558,44.169761],[85.088577,44.169430],[85.088728,44.168993],[85.089078,44.168442],[85.089126,44.167775],[85.089041,44.166972],[85.088483,44.165091],[85.088054,44.164702],[85.087852,44.164234],[85.087842,44.163884],[85.088674,44.161971],[85.089092,44.161335],[85.090762,44.160113],[85.090967,44.159717],[85.090913,44.159276],[85.090578,44.159037],[85.090373,44.158763],[85.090313,44.157852],[85.090828,44.156991],[85.091080,44.156220],[85.091319,44.154795],[85.091147,44.154156],[85.092210,44.153021],[85.092393,44.152658],[85.092340,44.152178],[85.092127,44.151741],[85.092099,44.151295],[85.092357,44.149920],[85.092709,44.149556],[85.092835,44.149277],[85.092762,44.148959],[85.091799,44.147880],[85.092366,44.144361],[85.092445,44.142306],[85.092759,44.139984],[85.094015,44.136052],[85.094830,44.132503],[85.095357,44.128089],[85.095884,44.125137],[85.095940,44.123395],[85.096588,44.116567],[85.096698,44.112056],[85.096569,44.110116],[85.096270,44.108935],[85.096191,44.107783],[85.095923,44.106301],[85.095511,44.101975],[85.095499,44.100892],[85.095638,44.099773],[85.095685,44.097932],[85.095611,44.097052],[85.095468,44.096501],[85.094010,44.095338],[85.089145,44.090389],[85.079686,44.084188],[85.078685,44.083919],[85.072463,44.080974],[85.072057,44.080409],[85.070245,44.079279],[85.067653,44.079015],[85.063851,44.077767],[85.056391,44.072977],[85.052182,44.071152],[85.051960,44.070150],[85.051148,44.069298],[85.047948,44.068616],[85.046746,44.067909],[85.046325,44.066912],[85.045322,44.066353],[85.043124,44.065941],[85.041509,44.064668],[85.041470,44.063094],[85.040850,44.061814],[85.040812,44.059951],[85.041194,44.059230],[85.042757,44.057363],[85.042542,44.056648],[85.039510,44.054242],[85.036293,44.052694],[85.034095,44.052282],[85.031491,44.051160],[85.028104,44.051192],[85.025889,44.049915],[85.025476,44.049062],[85.023867,44.048220],[85.022473,44.048372],[85.021883,44.048666],[85.020487,44.048530],[85.016648,44.045700],[85.013997,44.042435],[85.010165,44.040028],[85.006762,44.039050],[85.001190,44.039233],[84.999397,44.038819],[84.992553,44.035009],[84.990714,44.032597],[84.988713,44.031891],[84.986522,44.032052],[84.984728,44.031926],[84.979103,44.029104],[84.974638,44.024129],[84.969750,44.018022],[84.965691,44.013901],[84.963830,44.010060],[84.960392,44.006941],[84.959986,44.006367],[84.959940,44.004081],[84.959061,44.002078],[84.958571,44.001213],[84.958347,44.000572],[84.958060,43.998692],[84.958371,43.997432],[84.958278,43.996798],[84.957880,43.995899],[84.957483,43.993930],[84.957244,43.993335],[84.955858,43.991951],[84.955513,43.991383],[84.953391,43.989291],[84.951847,43.986943],[84.950136,43.985989],[84.949447,43.985221],[84.949130,43.984613],[84.948943,43.983781],[84.948704,43.983278],[84.947466,43.981816],[84.946895,43.980943],[84.946590,43.980124],[84.945675,43.979409],[84.945503,43.979026],[84.945451,43.977982],[84.944906,43.976700],[84.945278,43.974257],[84.945132,43.973517],[84.945252,43.972949],[84.945477,43.970268],[84.945901,43.968750],[84.946325,43.966611],[84.945789,43.965203],[84.945749,43.964688],[84.946067,43.963698],[84.946173,43.962998],[84.945934,43.961558],[84.945895,43.960593],[84.946107,43.959564],[84.946186,43.958058],[84.946107,43.956776],[84.945232,43.955375],[84.945139,43.955005],[84.945126,43.954199],[84.945324,43.953341],[84.945430,43.951756],[84.945112,43.950936],[84.945112,43.950580],[84.945947,43.948785],[84.946385,43.947108],[84.946809,43.946462],[84.947737,43.945446],[84.948081,43.944839],[84.950706,43.942850],[84.955460,43.937332],[84.956096,43.936449],[84.956362,43.935974],[84.956481,43.935300],[84.956468,43.934310],[84.956348,43.933451],[84.956408,43.932929],[84.956846,43.932428],[84.957403,43.932113],[84.960665,43.931434],[84.961436,43.931051],[84.961899,43.930697],[84.962709,43.930474],[84.963134,43.930197],[84.963293,43.929776],[84.963306,43.928138],[84.963525,43.927616],[84.965209,43.925639],[84.965595,43.924874],[84.965740,43.924016],[84.965661,43.923144],[84.965196,43.922245],[84.963856,43.920841],[84.962570,43.920072],[84.962065,43.919648],[84.961986,43.919357],[84.962065,43.919014],[84.962397,43.918539],[84.962517,43.918183],[84.962450,43.917839],[84.961986,43.917112],[84.962039,43.916874],[84.962450,43.916413],[84.962834,43.916136],[84.962888,43.915859],[84.962702,43.915674],[84.961455,43.915050],[84.961376,43.914759],[84.962172,43.913242],[84.962371,43.912608],[84.962291,43.912225],[84.961959,43.911907],[84.960692,43.911079],[84.960228,43.909823],[84.960241,43.909479],[84.960825,43.908715],[84.960971,43.908213],[84.960772,43.906839],[84.960759,43.906007],[84.960440,43.904936],[84.960334,43.904130],[84.960202,43.903720],[84.959764,43.903111],[84.959658,43.902741],[84.959777,43.902279],[84.960652,43.901000],[84.960785,43.899957],[84.960745,43.899098],[84.960440,43.898516],[84.959923,43.898158],[84.958570,43.897653],[84.957575,43.897387],[84.956978,43.897082],[84.955878,43.896141],[84.955215,43.895902],[84.953716,43.895661],[84.952695,43.895395],[84.951064,43.894441],[84.949871,43.894002],[84.948890,43.893749],[84.947352,43.893614],[84.946305,43.893361],[84.944065,43.892169],[84.943535,43.891983],[84.942925,43.891942],[84.941865,43.892046],[84.941401,43.891979],[84.941163,43.891767],[84.941017,43.891265],[84.940977,43.890591],[84.940368,43.889296],[84.939997,43.888925],[84.937174,43.887627],[84.937188,43.887283],[84.937386,43.886900],[84.937930,43.886307],[84.938088,43.885937],[84.938062,43.885554],[84.936883,43.884165],[84.936697,43.883676],[84.936790,43.883254],[84.937267,43.882554],[84.938088,43.881710],[84.938287,43.881301],[84.938274,43.880839],[84.938035,43.880495],[84.937134,43.879860],[84.936631,43.879304],[84.936538,43.878802],[84.936591,43.877904],[84.936459,43.877481],[84.935849,43.876661],[84.935518,43.875921],[84.935439,43.874798],[84.935518,43.873966],[84.935863,43.872474],[84.936339,43.871021],[84.936710,43.870599],[84.937811,43.869782],[84.938500,43.868515],[84.939294,43.867565],[84.939692,43.866205],[84.939943,43.865888],[84.940380,43.865559],[84.941758,43.864717],[84.942394,43.864017],[84.942846,43.862551],[84.943204,43.862222],[84.943309,43.861866],[84.943720,43.861126],[84.944092,43.860810],[84.945377,43.860165],[84.945802,43.859743],[84.947047,43.857778],[84.947684,43.857065],[84.948306,43.856605],[84.948824,43.856473],[84.950660,43.856364],[84.952291,43.855549],[84.954664,43.854788],[84.956461,43.853385],[84.957416,43.852555],[84.958557,43.851382],[84.960042,43.850183],[84.960055,43.849853],[84.959419,43.848676],[84.959299,43.847315],[84.959604,43.846312],[84.959909,43.845837],[84.961236,43.845391],[84.961660,43.845115],[84.961704,43.844302],[84.962060,43.842654],[84.961940,43.841788],[84.961207,43.841305],[84.959521,43.840984],[84.958575,43.840929],[84.956124,43.841095],[84.955584,43.840832],[84.955054,43.840282],[84.954913,43.840027],[84.954693,43.838960],[84.953510,43.837301],[84.953096,43.836285],[84.952384,43.835227],[84.952027,43.834211],[84.951902,43.832346],[84.951618,43.831345],[84.951621,43.830776],[84.951395,43.830285],[84.950841,43.829925],[84.949968,43.829568],[84.948817,43.828753],[84.948477,43.828355],[84.947777,43.826527],[84.947539,43.826199],[84.946663,43.825570],[84.945734,43.825048],[84.944264,43.823967],[84.942366,43.822236],[84.940029,43.820591],[84.938590,43.819692],[84.938419,43.819104],[84.938662,43.818531],[84.938713,43.818098],[84.938609,43.817901],[84.937781,43.817124],[84.936914,43.816554],[84.935887,43.816069],[84.935622,43.815704],[84.933733,43.813889],[84.932527,43.813137],[84.931086,43.812472],[84.931024,43.812351],[84.931076,43.811823],[84.930131,43.811240],[84.929913,43.810819],[84.929765,43.809959],[84.929092,43.809210],[84.927929,43.808226],[84.927712,43.807789],[84.927626,43.807051],[84.926777,43.805657],[84.926391,43.805257],[84.925891,43.804959],[84.925581,43.804657],[84.925355,43.803835],[84.925398,43.802875],[84.925321,43.802565],[84.923591,43.800690],[84.923340,43.799916],[84.923075,43.799583],[84.920970,43.797597],[84.920782,43.797261],[84.920457,43.796454],[84.920389,43.795499],[84.920477,43.795245],[84.921168,43.794375],[84.921096,43.793546],[84.921140,43.793343],[84.921307,43.793190],[84.921382,43.792472],[84.921219,43.792023],[84.921053,43.791058],[84.921185,43.790444],[84.922005,43.789515],[84.922444,43.788330],[84.922899,43.787713],[84.923272,43.787496],[84.924312,43.787228],[84.924586,43.786977],[84.924686,43.786650],[84.924860,43.786429],[84.924666,43.785329],[84.924484,43.784804],[84.924437,43.784266],[84.924562,43.783844],[84.924723,43.783671],[84.924712,43.783359],[84.923881,43.782058],[84.923862,43.780703],[84.923217,43.779810],[84.923052,43.779442],[84.923035,43.779315],[84.923437,43.778568],[84.923546,43.777613],[84.923460,43.777180],[84.923465,43.775518],[84.923395,43.775312],[84.923054,43.774921],[84.922996,43.774680],[84.923015,43.774447],[84.923203,43.774132],[84.924830,43.772658],[84.925252,43.771983],[84.925337,43.770984],[84.925680,43.770101],[84.925527,43.768986],[84.925558,43.768245],[84.926153,43.766986],[84.926130,43.766377],[84.925110,43.764488],[84.924685,43.762990],[84.924645,43.761271],[84.925258,43.760202],[84.925280,43.759882],[84.925148,43.759230],[84.925340,43.758784],[84.925342,43.758409],[84.925198,43.757453],[84.924946,43.756751],[84.925063,43.756111],[84.925017,43.755593],[84.924844,43.755030],[84.924391,43.754401],[84.924315,43.754045],[84.924481,43.753457],[84.925471,43.751300],[84.925704,43.750502],[84.925736,43.749902],[84.925480,43.748992],[84.924956,43.748453],[84.923994,43.747802],[84.923692,43.747220],[84.922724,43.746736],[84.921639,43.746683],[84.920380,43.746833],[84.918309,43.746600],[84.916427,43.746309],[84.914996,43.745777],[84.914561,43.745541],[84.914178,43.744844],[84.913991,43.744696],[84.911465,43.743433],[84.910225,43.742506],[84.909854,43.741582],[84.909784,43.740856],[84.909653,43.740493],[84.908451,43.739074],[84.907174,43.737251],[84.906236,43.735523],[84.906160,43.735162],[84.905791,43.734469],[84.905736,43.734200],[84.904585,43.732955],[84.904323,43.732546],[84.903946,43.731544],[84.902900,43.729600],[84.902150,43.728601],[84.901907,43.727968],[84.901472,43.727447],[84.901149,43.726880],[84.900901,43.726308],[84.900774,43.725694],[84.900135,43.724605],[84.899971,43.723561],[84.898450,43.722593],[84.897879,43.721899],[84.897856,43.721662],[84.898131,43.720667],[84.898166,43.719256],[84.897987,43.717848],[84.898019,43.717455],[84.898749,43.715867],[84.898875,43.715128],[84.898816,43.714286],[84.898721,43.713859],[84.898512,43.713503],[84.897019,43.712457],[84.896592,43.711910],[84.896454,43.711583],[84.896472,43.711080],[84.896815,43.709888],[84.896356,43.708703],[84.896372,43.708273],[84.896659,43.707105],[84.896625,43.706693],[84.896536,43.706404],[84.895194,43.704206],[84.895086,43.703912],[84.895122,43.703365],[84.894146,43.702407],[84.894066,43.702249],[84.894031,43.701430],[84.893914,43.701121],[84.893443,43.700531],[84.893133,43.700023],[84.893021,43.699665],[84.892909,43.696852],[84.892734,43.696074],[84.892885,43.693645],[84.892226,43.692598],[84.891668,43.691946],[84.891509,43.691595],[84.891415,43.691088],[84.891579,43.689987],[84.891538,43.689777],[84.891079,43.688825],[84.890936,43.688035],[84.890375,43.687013],[84.890524,43.686082],[84.890452,43.685892],[84.889972,43.685555],[84.889930,43.685401],[84.890004,43.684934],[84.889865,43.684225],[84.890002,43.682411],[84.889778,43.680946],[84.889557,43.680552],[84.888387,43.679164],[84.886883,43.677630],[84.886139,43.677201],[84.883939,43.674985],[84.883121,43.673950],[84.882807,43.673301],[84.882937,43.672346],[84.882796,43.672017],[84.882281,43.671479],[84.882244,43.670844],[84.881787,43.670312],[84.881723,43.669922],[84.881418,43.669586],[84.881359,43.669275],[84.881036,43.669017],[84.880942,43.668394],[84.880575,43.667858],[84.880398,43.667279],[84.879572,43.666735],[84.879519,43.665901],[84.879373,43.665617],[84.878169,43.664551],[84.878143,43.663821],[84.877910,43.663421],[84.876811,43.662287],[84.875797,43.661549],[84.875187,43.660603],[84.874413,43.660086],[84.873850,43.659212],[84.872882,43.658689],[84.872671,43.658305],[84.872665,43.657753],[84.872035,43.657271],[84.871349,43.656245],[84.870865,43.655839],[84.870798,43.655611],[84.870988,43.655030],[84.870968,43.654712],[84.870558,43.654326],[84.870286,43.653645],[84.870095,43.653462],[84.868824,43.653168],[84.867539,43.652413],[84.866693,43.652387],[84.865823,43.652116],[84.865072,43.652092],[84.864638,43.652177],[84.863977,43.652084],[84.863518,43.651290],[84.862494,43.650629],[84.862202,43.649960],[84.861701,43.649546],[84.861268,43.648416],[84.861034,43.648052],[84.860068,43.647424],[84.858949,43.646901],[84.857128,43.646258],[84.856641,43.645994],[84.855924,43.645439],[84.854653,43.643912],[84.854078,43.643486],[84.852817,43.643021],[84.852475,43.642737],[84.852128,43.642162],[84.851849,43.641913],[84.850161,43.641315],[84.849420,43.640908],[84.849006,43.640037],[84.847656,43.638837],[84.847500,43.637925],[84.847277,43.637590],[84.847154,43.636534],[84.845833,43.635734],[84.845769,43.635616],[84.845549,43.634877],[84.845504,43.634055],[84.844740,43.631983],[84.844701,43.631542],[84.844869,43.630772],[84.844848,43.630369],[84.844328,43.628556],[84.843856,43.627832],[84.843985,43.627726],[84.844024,43.627328],[84.843874,43.626817],[84.844149,43.626201],[84.843612,43.625084],[84.843197,43.624498],[84.843700,43.623574],[84.843566,43.623122],[84.843816,43.621911],[84.843344,43.621337],[84.843175,43.620626],[84.843044,43.618850],[84.843491,43.618184],[84.843611,43.617062],[84.844003,43.616686],[84.844045,43.616511],[84.843608,43.615611],[84.843545,43.615374],[84.843595,43.614355],[84.843237,43.613598],[84.843212,43.613233],[84.843519,43.612306],[84.843429,43.610672],[84.843517,43.610116],[84.843422,43.609823],[84.843073,43.609417],[84.843091,43.608926],[84.843442,43.607750],[84.843191,43.606780],[84.843232,43.605725],[84.843034,43.604367],[84.843049,43.603440],[84.843198,43.602597],[84.843847,43.601517],[84.844414,43.600777],[84.846690,43.598408],[84.847451,43.596801],[84.848465,43.595707],[84.849838,43.593887],[84.850919,43.591054],[84.851686,43.590172],[84.852295,43.589111],[84.852653,43.588227],[84.852773,43.587158],[84.852715,43.586500],[84.852977,43.586033],[84.853655,43.585329],[84.853971,43.584456],[84.853985,43.584047],[84.853879,43.583707],[84.853607,43.583286],[84.853124,43.582861],[84.850507,43.581700],[84.847262,43.581330],[84.845020,43.580618],[84.843767,43.579936],[84.842913,43.579627],[84.841647,43.579336],[84.839055,43.579078],[84.838579,43.578907],[84.834877,43.578578],[84.828682,43.579496],[84.825613,43.580073],[84.824013,43.580505],[84.823008,43.580678],[84.822297,43.580754],[84.821520,43.580724],[84.820985,43.581070],[84.821155,43.581323],[84.821743,43.582575],[84.821694,43.584577],[84.821240,43.587158],[84.821256,43.587483],[84.821305,43.588043],[84.822150,43.589296],[84.822336,43.589810],[84.822487,43.590673],[84.822475,43.591490],[84.822419,43.591715],[84.821721,43.592815],[84.821249,43.593362],[84.821096,43.595180],[84.820374,43.597192],[84.819443,43.598892],[84.818614,43.600065],[84.818200,43.600390],[84.817710,43.600610],[84.817113,43.601190],[84.816729,43.601716],[84.816340,43.604278],[84.815952,43.605036],[84.815604,43.606344],[84.815142,43.607052],[84.813591,43.608918],[84.812761,43.610449],[84.812734,43.612308],[84.811555,43.614146],[84.811335,43.615025],[84.811127,43.615325],[84.811120,43.615671],[84.812172,43.616159],[84.812340,43.616402],[84.812407,43.616880],[84.812345,43.617499],[84.812710,43.618492],[84.812645,43.619152],[84.812399,43.619643],[84.812085,43.620056],[84.809637,43.621441],[84.808778,43.621731],[84.805943,43.622120],[84.805074,43.622728],[84.804035,43.623611],[84.802799,43.624251],[84.800018,43.624641],[84.798337,43.624757],[84.797824,43.624887],[84.797233,43.625744],[84.796753,43.626640],[84.796307,43.627091],[84.793403,43.629285],[84.793192,43.629585],[84.792515,43.631727],[84.792179,43.632525],[84.791776,43.633202],[84.791103,43.634015],[84.790997,43.634515],[84.791151,43.635366],[84.791016,43.635556],[84.790464,43.635792],[84.789495,43.636636],[84.788490,43.637256],[84.788308,43.637539],[84.788219,43.638082],[84.787868,43.639044],[84.787196,43.640106],[84.787149,43.641052],[84.786765,43.641879],[84.785598,43.642324],[84.784239,43.642405],[84.783695,43.642629],[84.783531,43.642877],[84.783458,43.643308],[84.783092,43.643765],[84.781944,43.644592],[84.780962,43.644917],[84.780363,43.644991],[84.779209,43.644912],[84.778676,43.644779],[84.777973,43.644498],[84.777577,43.644234],[84.776016,43.642963],[84.774967,43.641943],[84.773210,43.640675],[84.772081,43.640028],[84.771820,43.639801],[84.771619,43.639239],[84.770699,43.637979],[84.770113,43.637475],[84.759010,43.637131],[84.747368,43.634703],[84.734459,43.632714],[84.721213,43.631166],[84.708541,43.631683],[84.698954,43.635672],[84.690305,43.639670],[84.667562,43.649639],[84.658269,43.654082],[84.643625,43.656842],[84.635416,43.656041],[84.619568,43.656965],[84.605245,43.661118],[84.597754,43.669486],[84.597797,43.680015],[84.603204,43.690613],[84.606126,43.693651],[84.606493,43.693732],[84.607189,43.694007],[84.610806,43.695861],[84.612654,43.696986],[84.613171,43.697638],[84.613621,43.698649],[84.614347,43.699710],[84.614335,43.701227],[84.614473,43.701574],[84.615390,43.702520],[84.616402,43.703009],[84.617163,43.703783],[84.617577,43.704356],[84.618034,43.705500],[84.618364,43.705987],[84.618491,43.706416],[84.618332,43.707116],[84.618127,43.707509],[84.618055,43.708500],[84.618501,43.709902],[84.618459,43.710541],[84.618848,43.711466],[84.619127,43.711863],[84.619877,43.712576],[84.620448,43.712939],[84.622058,43.713862],[84.623672,43.714570],[84.624873,43.714714],[84.626462,43.714455],[84.629140,43.714541],[84.630901,43.715187],[84.631431,43.715617],[84.631941,43.716253],[84.631813,43.717502],[84.632220,43.718388],[84.633080,43.718845],[84.634443,43.719404],[84.634830,43.719699],[84.634797,43.720164],[84.634299,43.722161],[84.634260,43.722785],[84.634393,43.723421],[84.634404,43.724125],[84.634534,43.724679],[84.635098,43.725298],[84.635781,43.725763],[84.634079,43.726051],[84.633587,43.726271],[84.633096,43.726653],[84.632667,43.727440],[84.630203,43.729440],[84.629004,43.729801],[84.628404,43.729816],[84.626738,43.729473],[84.624524,43.728710],[84.622354,43.727627],[84.621955,43.727603],[84.620156,43.729312],[84.618988,43.730263],[84.618214,43.730480],[84.617785,43.730739],[84.616958,43.730945],[84.616380,43.731266],[84.612693,43.732251],[84.611461,43.732370],[84.609098,43.732215],[84.607941,43.732026],[84.606281,43.730820],[84.605506,43.730812],[84.604736,43.730929],[84.601652,43.731831],[84.598669,43.732234],[84.596338,43.732300],[84.595668,43.732444],[84.593723,43.733307],[84.593055,43.733991],[84.592266,43.734280],[84.590640,43.734683],[84.589913,43.734969],[84.588018,43.735250],[84.584679,43.736335],[84.582771,43.736212],[84.581498,43.736243],[84.578432,43.736588],[84.577065,43.736879],[84.576252,43.737219],[84.575546,43.737787],[84.574848,43.738505],[84.574350,43.738774],[84.573547,43.739586],[84.573446,43.739857],[84.572952,43.740489],[84.572192,43.741237],[84.571061,43.741616],[84.569154,43.742512],[84.568494,43.743090],[84.567914,43.743860],[84.567683,43.744730],[84.567682,43.745233],[84.567389,43.745624],[84.565880,43.746348],[84.563770,43.746874],[84.563101,43.746942],[84.560444,43.746939],[84.556768,43.747233],[84.555668,43.747422],[84.554664,43.748027],[84.553961,43.748754],[84.553782,43.749284],[84.553392,43.749985],[84.553221,43.750980],[84.552979,43.751077],[84.552543,43.751064],[84.551375,43.750644],[84.549235,43.750116],[84.547344,43.750025],[84.546402,43.750100],[84.545154,43.749852],[84.544020,43.749558],[84.543416,43.749317],[84.542786,43.748908],[84.539147,43.747571],[84.536274,43.747339],[84.534909,43.747599],[84.533730,43.747970],[84.533248,43.748323],[84.532581,43.748465],[84.532096,43.748758],[84.530704,43.749256],[84.530047,43.749294],[84.529588,43.749155],[84.528858,43.749101],[84.527772,43.749184],[84.527342,43.749065],[84.526763,43.749039],[84.526073,43.749157],[84.525333,43.749491],[84.523539,43.749766],[84.522851,43.749659],[84.521749,43.749176],[84.520576,43.748948],[84.518953,43.749607],[84.517080,43.750149],[84.515398,43.750508],[84.514740,43.750803],[84.513622,43.751233],[84.512190,43.752185],[84.511306,43.752218],[84.508485,43.751641],[84.507217,43.751245],[84.504558,43.750187],[84.503709,43.749701],[84.503288,43.749180],[84.502756,43.748711],[84.501443,43.747852],[84.501232,43.747567],[84.501256,43.747129],[84.502019,43.746588],[84.502739,43.745925],[84.503055,43.745391],[84.503186,43.744913],[84.502819,43.744239],[84.500416,43.741976],[84.499904,43.741015],[84.499938,43.740511],[84.500203,43.739948],[84.500231,43.739721],[84.500114,43.739546],[84.499786,43.739405],[84.498788,43.739335],[84.495924,43.737890],[84.493932,43.736574],[84.492161,43.734686],[84.490150,43.734890],[84.487836,43.734790],[84.486960,43.734847],[84.486812,43.735221],[84.486753,43.736408],[84.486499,43.736894],[84.486222,43.736990],[84.485817,43.736969],[84.484589,43.736328],[84.483933,43.736290],[84.483081,43.736450],[84.481933,43.737113],[84.481714,43.737134],[84.481605,43.737145],[84.480899,43.737018],[84.479344,43.736475],[84.478153,43.735944],[84.475261,43.735064],[84.473690,43.735009],[84.471682,43.735588],[84.471238,43.735634],[84.470062,43.735493],[84.467837,43.734827],[84.466817,43.734725],[84.459368,43.735749],[84.458235,43.735804],[84.456032,43.735580],[84.453609,43.735119],[84.451073,43.734344],[84.450073,43.733732],[84.449508,43.733551],[84.449001,43.733519],[84.446164,43.734901],[84.443812,43.736383],[84.443361,43.736767],[84.442755,43.737530],[84.442287,43.737862],[84.440854,43.738431],[84.440438,43.738402],[84.439862,43.738259],[84.438828,43.737764],[84.436016,43.736772],[84.435142,43.736353],[84.434055,43.735661],[84.432671,43.734324],[84.431812,43.733691],[84.430630,43.733054],[84.428927,43.732495],[84.427494,43.732394],[84.424412,43.732622],[84.422920,43.732628],[84.417988,43.732465],[84.416528,43.732232],[84.414065,43.731622],[84.412040,43.731528],[84.408210,43.731741],[84.406102,43.731624],[84.405244,43.731419],[84.404115,43.731053],[84.403861,43.730927],[84.403662,43.730689],[84.403455,43.729958],[84.403611,43.728802],[84.403476,43.727881],[84.401863,43.725941],[84.401053,43.725599],[84.398285,43.725335],[84.396692,43.724849],[84.395121,43.724668],[84.394133,43.724675],[84.393467,43.724831],[84.391663,43.726149],[84.390585,43.726703],[84.389339,43.726955],[84.387631,43.727046],[84.386148,43.727785],[84.385163,43.728432],[84.384022,43.729343],[84.383049,43.730433],[84.382707,43.731285],[84.382619,43.731915],[84.382667,43.733302],[84.382409,43.733983],[84.382107,43.734205],[84.380673,43.734825],[84.375968,43.736287],[84.375082,43.736702],[84.373177,43.737903],[84.370610,43.738507],[84.368414,43.739331],[84.367270,43.739882],[84.366637,43.740276],[84.366268,43.740639],[84.365591,43.741635],[84.365003,43.742804],[84.364358,43.743403],[84.363916,43.743442],[84.361871,43.742517],[84.359044,43.740799],[84.357561,43.739584],[84.357158,43.739348],[84.356026,43.738867],[84.354260,43.738554],[84.353277,43.738155],[84.352976,43.737894],[84.352805,43.737418],[84.352174,43.736352],[84.351704,43.736007],[84.349050,43.734845],[84.345029,43.733432],[84.343324,43.732917],[84.342589,43.732549],[84.342224,43.732219],[84.341970,43.731804],[84.341447,43.730357],[84.340742,43.729199],[84.340438,43.728081],[84.340181,43.726631],[84.340036,43.726391],[84.339683,43.726251],[84.338973,43.726162],[84.337415,43.726142],[84.335088,43.726255],[84.334386,43.726170],[84.333547,43.725924],[84.332944,43.725616],[84.332271,43.724928],[84.331771,43.724595],[84.331441,43.724500],[84.326075,43.723905],[84.323735,43.723413],[84.322631,43.722711],[84.321583,43.721806],[84.321003,43.721572],[84.320541,43.721560],[84.319796,43.721681],[84.318655,43.722023],[84.317673,43.722843],[84.317046,43.723165],[84.316022,43.723496],[84.315163,43.724207],[84.314079,43.726364],[84.313207,43.728680],[84.312577,43.731642],[84.312259,43.731743],[84.311392,43.731776],[84.308781,43.731490],[84.307562,43.731528],[84.306296,43.731951],[84.305161,43.732555],[84.304120,43.732723],[84.298796,43.731677],[84.294990,43.730298],[84.293968,43.730094],[84.292053,43.730091],[84.290395,43.730264],[84.288515,43.730635],[84.287853,43.730876],[84.287789,43.731305],[84.287923,43.731606],[84.288587,43.732575],[84.289657,43.734450],[84.290310,43.735859],[84.290386,43.736437],[84.290265,43.737372],[84.289965,43.737797],[84.289494,43.738139],[84.287109,43.739229],[84.286401,43.739478],[84.283525,43.739864],[84.282051,43.740213],[84.281517,43.740462],[84.281219,43.740965],[84.281326,43.741697],[84.282504,43.745340],[84.282511,43.745700],[84.280750,43.747364],[84.279371,43.749199],[84.279467,43.749668],[84.279950,43.750395],[84.280876,43.751624],[84.282088,43.752826],[84.282338,43.753227],[84.282437,43.753942],[84.282461,43.754326],[84.282243,43.755124],[84.280794,43.757270],[84.280001,43.758873],[84.280099,43.759185],[84.280727,43.759575],[84.281018,43.759891],[84.281273,43.760583],[84.281439,43.762167],[84.281416,43.763063],[84.281558,43.764246],[84.281567,43.765259],[84.281521,43.765817],[84.281159,43.766519],[84.279771,43.768231],[84.278671,43.769065],[84.277794,43.769539],[84.276834,43.769891],[84.275181,43.770378],[84.274098,43.770552],[84.272050,43.770242],[84.270480,43.769862],[84.268317,43.770410],[84.266558,43.771101],[84.266198,43.771422],[84.265671,43.772270],[84.265356,43.773999],[84.264699,43.775380],[84.264177,43.776167],[84.263695,43.776560],[84.262234,43.777295],[84.260345,43.778044],[84.258665,43.778483],[84.257628,43.778898],[84.257016,43.779244],[84.256676,43.779545],[84.255832,43.780671],[84.255012,43.782404],[84.254402,43.784506],[84.254137,43.784984],[84.253844,43.785273],[84.251548,43.786049],[84.249866,43.786325],[84.246514,43.786424],[84.243416,43.786234],[84.242886,43.786071],[84.242620,43.785695],[84.241487,43.783280],[84.240678,43.780916],[84.240075,43.779827],[84.238550,43.778895],[84.237546,43.778471],[84.234602,43.777549],[84.233153,43.777004],[84.230826,43.775458],[84.229523,43.774271],[84.226729,43.773919],[84.225335,43.773569],[84.224464,43.773556],[84.222917,43.775421],[84.221876,43.776246],[84.220641,43.776990],[84.218926,43.777569],[84.217313,43.777894],[84.215588,43.778615],[84.212777,43.779510],[84.210408,43.780062],[84.209671,43.780015],[84.208660,43.779637],[84.208475,43.779426],[84.208539,43.778574],[84.208348,43.778285],[84.206251,43.777655],[84.204662,43.777339],[84.203955,43.777338],[84.201560,43.777732],[84.198958,43.777696],[84.198308,43.777766],[84.197842,43.777884],[84.193137,43.779925],[84.192349,43.780139],[84.191292,43.780245],[84.189972,43.780054],[84.188654,43.780045],[84.184144,43.782157],[84.184413,43.784714],[84.184259,43.784844],[84.179980,43.786281],[84.177516,43.787715],[84.177209,43.787991],[84.175791,43.789862],[84.175141,43.791044],[84.174138,43.792555],[84.173906,43.792774],[84.173600,43.793539],[84.173492,43.794602],[84.173321,43.795099],[84.173261,43.795227],[84.173006,43.795333],[84.169645,43.795777],[84.163736,43.795714],[84.162041,43.796261],[84.159526,43.797808],[84.158552,43.798147],[84.155631,43.798500],[84.154768,43.798667],[84.154310,43.798883],[84.153741,43.799005],[84.152155,43.799679],[84.149268,43.801259],[84.146881,43.801670],[84.144252,43.801787],[84.143319,43.802032],[84.142541,43.802452],[84.141822,43.803220],[84.141161,43.804212],[84.140144,43.805161],[84.139229,43.805831],[84.137104,43.807020],[84.135018,43.807854],[84.134326,43.808052],[84.132856,43.808125],[84.131508,43.808038],[84.130681,43.807719],[84.129288,43.805179],[84.128515,43.804184],[84.127949,43.803521],[84.127266,43.802925],[84.126503,43.802483],[84.125503,43.802255],[84.123505,43.802067],[84.122620,43.801828],[84.121606,43.801851],[84.121115,43.802310],[84.120825,43.802909],[84.120056,43.803938],[84.119056,43.804807],[84.118325,43.805303],[84.117764,43.805491],[84.117143,43.805512],[84.115670,43.805097],[84.114734,43.804983],[84.113841,43.805454],[84.112292,43.806944],[84.112126,43.807233],[84.112100,43.807470],[84.112087,43.807749],[84.112189,43.808009],[84.113385,43.809124],[84.114049,43.811070],[84.114310,43.812224],[84.114447,43.814080],[84.113907,43.814240],[84.112155,43.814370],[84.111230,43.814717],[84.107957,43.815563],[84.106995,43.815959],[84.106105,43.816208],[84.104957,43.816235],[84.104110,43.816088],[84.103686,43.816015],[84.103469,43.815866],[84.102582,43.815895],[84.102124,43.816224],[84.100273,43.816903],[84.098430,43.817282],[84.097549,43.817323],[84.095877,43.817623],[84.094903,43.817658],[84.093868,43.817905],[84.092986,43.818003],[84.089265,43.819560],[84.089216,43.819722],[84.089696,43.820378],[84.089798,43.821135],[84.089709,43.821697],[84.088675,43.822815],[84.087540,43.823641],[84.085004,43.825038],[84.084446,43.825564],[84.084122,43.826625],[84.084219,43.826979],[84.084435,43.827233],[84.085758,43.828218],[84.088294,43.829784],[84.089131,43.830467],[84.089685,43.831446],[84.089998,43.832349],[84.090627,43.833014],[84.092002,43.833515],[84.096066,43.834216],[84.098854,43.835305],[84.101253,43.836358],[84.104505,43.837621],[84.104869,43.837910],[84.104854,43.838301],[84.104647,43.838743],[84.103807,43.839755],[84.101020,43.841313],[84.100912,43.841605],[84.102861,43.843572],[84.104010,43.844265],[84.105731,43.844823],[84.106346,43.845164],[84.108083,43.846684],[84.109400,43.848008],[84.110978,43.848981],[84.111531,43.849250],[84.112152,43.849421],[84.113588,43.849461],[84.114124,43.849561],[84.114255,43.849790],[84.114189,43.851623],[84.114347,43.853576],[84.114811,43.854333],[84.114801,43.854552],[84.114434,43.854740],[84.113717,43.854851],[84.112658,43.854693],[84.111602,43.854812],[84.109565,43.855292],[84.107190,43.856150],[84.106388,43.856330],[84.105624,43.856385],[84.103061,43.856456],[84.099088,43.855777],[84.098243,43.855754],[84.096691,43.855496],[84.095321,43.855497],[84.093417,43.855840],[84.090628,43.855650],[84.089527,43.855704],[84.088984,43.855897],[84.088821,43.856052],[84.088087,43.857801],[84.087841,43.859052],[84.087540,43.859672],[84.086041,43.862192],[84.085578,43.862783],[84.085007,43.863217],[84.084825,43.863531],[84.084848,43.864953],[84.083870,43.867436],[84.082872,43.868857],[84.082451,43.869230],[84.082150,43.869729],[84.081069,43.870586],[84.080505,43.870826],[84.080001,43.871220],[84.080913,43.871753],[84.081752,43.872609],[84.083273,43.874709],[84.082816,43.875362],[84.082065,43.876011],[84.080877,43.876449],[84.079036,43.877310],[84.078363,43.877444],[84.077033,43.877884],[84.075251,43.878825],[84.074731,43.879371],[84.074540,43.879703],[84.074099,43.881095],[84.073704,43.881677],[84.073204,43.882128],[84.072126,43.882549],[84.070869,43.882718],[84.069091,43.883284],[84.067867,43.883530],[84.067502,43.883701],[84.066072,43.884828],[84.064416,43.885749],[84.061594,43.886272],[84.059356,43.886153],[84.058529,43.885387],[84.057053,43.884582],[84.055678,43.884069],[84.055020,43.884056],[84.043981,43.881546],[84.036731,43.879797],[84.030037,43.879888],[84.026790,43.881879],[84.017681,43.887643],[84.002954,43.892171],[84.000472,43.893308],[83.997912,43.895968],[83.996283,43.898575],[83.996170,43.898722],[83.993801,43.901920],[83.993444,43.902240],[83.990326,43.905085],[83.987322,43.907379],[83.983873,43.910019],[83.980834,43.911329],[83.980138,43.911423],[83.975184,43.912099],[83.972555,43.912005],[83.967515,43.911831],[83.965174,43.910819],[83.962702,43.908666],[83.962624,43.908579],[83.959779,43.905580],[83.956934,43.902576],[83.953584,43.901823],[83.948775,43.900742],[83.944637,43.901177],[83.939663,43.901702],[83.939038,43.901905],[83.934440,43.903373],[83.931191,43.904727],[83.926848,43.906548],[83.926631,43.906730],[83.923357,43.909490],[83.921603,43.910512],[83.917687,43.912786],[83.914589,43.914841],[83.910883,43.917294],[83.908038,43.920204],[83.907483,43.920898],[83.904967,43.924043],[83.904594,43.924997],[83.903232,43.928488],[83.903024,43.929330],[83.902703,43.930616],[83.905698,43.931076],[83.909346,43.932450],[83.910746,43.933098],[83.912485,43.934072],[83.912776,43.934675],[83.912728,43.934938],[83.912466,43.935338],[83.911807,43.935863],[83.911080,43.936230],[83.908855,43.936817],[83.908289,43.937118],[83.906648,43.939452],[83.906173,43.940011],[83.905747,43.940357],[83.904520,43.940766],[83.903343,43.940970],[83.902816,43.941318],[83.902493,43.941905],[83.902279,43.943097],[83.901876,43.944577],[83.902000,43.946018],[83.902185,43.946761],[83.900460,43.947227],[83.899357,43.947658],[83.897595,43.947928],[83.895916,43.947922],[83.895069,43.947732],[83.894256,43.947913],[83.893599,43.948258],[83.893261,43.948339],[83.892578,43.948312],[83.891785,43.948406],[83.890889,43.948726],[83.888290,43.950159],[83.887897,43.950470],[83.886954,43.951541],[83.886168,43.952760],[83.885996,43.952882],[83.885743,43.952782],[83.885490,43.952307],[83.885076,43.952069],[83.884501,43.951794],[83.883360,43.951490],[83.881807,43.951334],[83.880592,43.951532],[83.879097,43.951271],[83.877346,43.951108],[83.876177,43.950882],[83.873478,43.949924],[83.872529,43.949833],[83.870464,43.949917],[83.869070,43.950172],[83.865702,43.951148],[83.864428,43.951792],[83.862220,43.952244],[83.858753,43.953133],[83.857967,43.953078],[83.857131,43.952760],[83.854719,43.951380],[83.853844,43.950998],[83.853224,43.950548],[83.852892,43.950069],[83.853191,43.949033],[83.853046,43.947665],[83.852798,43.947089],[83.852470,43.946549],[83.851884,43.946056],[83.850981,43.945644],[83.850453,43.945527],[83.849773,43.945574],[83.849224,43.945851],[83.848399,43.947065],[83.848148,43.947597],[83.847562,43.948193],[83.844354,43.949382],[83.843478,43.949596],[83.842942,43.949821],[83.842099,43.949989],[83.841356,43.949675],[83.839010,43.947835],[83.836323,43.945570],[83.834375,43.943606],[83.833174,43.942835],[83.831289,43.941401],[83.829098,43.940063],[83.828130,43.939298],[83.827843,43.939263],[83.822895,43.938673],[83.820274,43.938591],[83.815265,43.938436],[83.813022,43.938566],[83.808022,43.938860],[83.804638,43.939742],[83.803487,43.940243],[83.799194,43.942115],[83.794977,43.944194],[83.794095,43.944785],[83.790398,43.947245],[83.786708,43.949704],[83.785834,43.950213],[83.781937,43.952494],[83.778800,43.952905],[83.775578,43.952404],[83.771886,43.950551],[83.769529,43.949316],[83.767128,43.947622],[83.763504,43.946453],[83.760209,43.945265],[83.759038,43.945110],[83.754086,43.944468],[83.749349,43.944732],[83.748620,43.944858],[83.743743,43.945733],[83.743118,43.945928],[83.738517,43.947392],[83.735036,43.949289],[83.731007,43.951468],[83.729921,43.952387],[83.726646,43.955142],[83.725587,43.956650],[83.723337,43.959897],[83.720469,43.962799],[83.718453,43.964229],[83.714856,43.966765],[83.711831,43.968305],[83.708206,43.970100],[83.704772,43.970745],[83.702686,43.971999],[83.698399,43.973601],[83.696294,43.974547],[83.692016,43.976466],[83.691741,43.976511],[83.691465,43.976748],[83.690349,43.978030],[83.689859,43.978419],[83.689009,43.979339],[83.688568,43.980330],[83.688257,43.981506],[83.688035,43.981711],[83.687654,43.981846],[83.687187,43.981822],[83.686816,43.981652],[83.686500,43.981166],[83.686159,43.980227],[83.685688,43.979337],[83.685356,43.978930],[83.682744,43.976452],[83.681468,43.974979],[83.679590,43.973091],[83.677811,43.972351],[83.677311,43.972253],[83.676982,43.972275],[83.676273,43.972555],[83.674918,43.972863],[83.672087,43.973306],[83.670796,43.972730],[83.669506,43.972154],[83.667913,43.971111],[83.666437,43.970385],[83.666049,43.970103],[83.665334,43.969205],[83.665001,43.968968],[83.662755,43.968521],[83.662227,43.968244],[83.660486,43.967615],[83.659850,43.967239],[83.659404,43.967174],[83.658376,43.967544],[83.654991,43.967896],[83.651536,43.967593],[83.649444,43.967261],[83.648740,43.967227],[83.648225,43.967075],[83.646990,43.966326],[83.646458,43.966271],[83.642420,43.969026],[83.640372,43.970871],[83.640088,43.971035],[83.639822,43.971062],[83.636568,43.969434],[83.634752,43.968858],[83.633251,43.968946],[83.631736,43.968688],[83.630821,43.968809],[83.630109,43.968684],[83.628697,43.968013],[83.626008,43.966191],[83.624418,43.965458],[83.623714,43.965270],[83.621140,43.965603],[83.619638,43.966279],[83.615373,43.968206],[83.614514,43.968709],[83.610588,43.970979],[83.608175,43.972254],[83.605909,43.974157],[83.602629,43.976911],[83.601275,43.978559],[83.598716,43.981686],[83.596157,43.984810],[83.594231,43.987178],[83.591673,43.990306],[83.589123,43.993439],[83.587649,43.995808],[83.585595,43.999122],[83.584875,44.001044],[83.580334,44.005515],[83.577422,44.007283],[83.574832,44.008834],[83.571912,44.010373],[83.568725,44.010998],[83.563028,44.011119],[83.557644,44.011016],[83.550738,44.009743],[83.545169,44.009320],[83.543902,44.009415],[83.542122,44.009299],[83.541801,44.009147],[83.540907,44.008289],[83.540637,44.008149],[83.539977,44.007987],[83.539112,44.007983],[83.537895,44.007774],[83.534893,44.006859],[83.533078,44.005911],[83.531963,44.005044],[83.530897,44.004390],[83.529994,44.004054],[83.526431,44.002207],[83.525702,44.001933],[83.524976,44.001819],[83.521853,44.002020],[83.521111,44.001924],[83.520067,44.001935],[83.519437,44.002194],[83.518501,44.003136],[83.518128,44.003358],[83.517749,44.003416],[83.516864,44.003251],[83.516338,44.003270],[83.515250,44.003851],[83.514843,44.003861],[83.514322,44.003745],[83.512336,44.002362],[83.510761,44.002242],[83.509524,44.002285],[83.508981,44.002372],[83.508437,44.002460],[83.507540,44.002328],[83.506526,44.002010],[83.505847,44.001582],[83.505276,44.001087],[83.502868,44.001007],[83.500506,44.001641],[83.500178,44.001805],[83.500063,44.002087],[83.499993,44.004681],[83.499654,44.005935],[83.499702,44.006533],[83.499867,44.007051],[83.500220,44.007700],[83.501072,44.008848],[83.501678,44.009250],[83.502061,44.009803],[83.502418,44.010532],[83.502506,44.011108],[83.502362,44.011615],[83.502330,44.012179],[83.501980,44.012873],[83.502526,44.014110],[83.502498,44.015070],[83.502665,44.016025],[83.502631,44.017243],[83.502755,44.018168],[83.502735,44.022349],[83.502355,44.023011],[83.501804,44.023538],[83.500983,44.023794],[83.499369,44.024068],[83.497781,44.024582],[83.496256,44.025155],[83.495536,44.025605],[83.493299,44.026408],[83.492321,44.026634],[83.491180,44.027275],[83.491048,44.028219],[83.490678,44.029397],[83.490157,44.030356],[83.489281,44.030913],[83.487160,44.031984],[83.485645,44.032514],[83.485102,44.032933],[83.484047,44.034246],[83.482681,44.035020],[83.480761,44.035761],[83.479230,44.036090],[83.476947,44.036779],[83.474223,44.036733],[83.468898,44.036907],[83.468934,44.037776],[83.469098,44.038668],[83.469119,44.038685],[83.470117,44.039580],[83.471876,44.042146],[83.471845,44.042836],[83.471011,44.043667],[83.470921,44.044071],[83.471753,44.045554],[83.471823,44.046397],[83.471626,44.046715],[83.470353,44.048114],[83.469810,44.049377],[83.469120,44.050492],[83.468471,44.051343],[83.467872,44.051765],[83.467156,44.051810],[83.464799,44.052211],[83.464199,44.052373],[83.463890,44.052658],[83.463656,44.055041],[83.463696,44.055446],[83.463470,44.055899],[83.463425,44.056238],[83.463504,44.057283],[83.463934,44.058101],[83.463842,44.058973],[83.463604,44.059713],[83.463639,44.061386],[83.463477,44.062850],[83.463510,44.063652],[83.464403,44.064906],[83.464798,44.066282],[83.464429,44.066957],[83.464361,44.067814],[83.464412,44.069644],[83.464195,44.070342],[83.463246,44.071412],[83.462850,44.072125],[83.461628,44.072427],[83.460640,44.072521],[83.459619,44.072926],[83.458262,44.073196],[83.456504,44.073717],[83.455360,44.074286],[83.453982,44.074631],[83.452614,44.075177],[83.449830,44.075994],[83.448502,44.076490],[83.448416,44.078630],[83.447541,44.084547],[83.448580,44.090279],[83.448277,44.097805],[83.447740,44.103280],[83.447204,44.108746],[83.445965,44.115800],[83.445411,44.121730],[83.443627,44.126491],[83.442207,44.130341],[83.439765,44.136005],[83.434783,44.141382],[83.430130,44.146536],[83.424826,44.151911],[83.420525,44.155926],[83.413803,44.164921],[83.412042,44.168991],[83.411842,44.174012],[83.411998,44.177899],[83.413109,44.181802],[83.415729,44.187796],[83.419927,44.194053],[83.423248,44.198466],[83.427504,44.203121],[83.432365,44.208702],[83.435277,44.215383],[83.437876,44.221834],[83.438637,44.226422],[83.437840,44.230514],[83.437381,44.233928],[83.434392,44.237068],[83.431160,44.241388],[83.428903,44.241927],[83.426210,44.242966],[83.422425,44.246023],[83.421645,44.246759],[83.421444,44.247295],[83.421531,44.247698],[83.422816,44.248675],[83.424871,44.249526],[83.426619,44.249775],[83.429605,44.250713],[83.430378,44.251236],[83.430836,44.251826],[83.432608,44.252656],[83.435346,44.252729],[83.440177,44.251792],[83.440663,44.251628],[83.442123,44.251477],[83.445331,44.252459],[83.446568,44.253165],[83.448428,44.253882],[83.448843,44.254278],[83.449052,44.254788],[83.448453,44.255334],[83.447606,44.257297],[83.447055,44.258991],[83.446560,44.259779],[83.444510,44.261280],[83.443824,44.261988],[83.442261,44.263080],[83.441393,44.263945],[83.440519,44.266085],[83.440311,44.267011],[83.440297,44.268371],[83.440046,44.269678],[83.439443,44.270156],[83.437415,44.274494],[83.437363,44.274706],[83.437713,44.274994],[83.438711,44.275740],[83.441004,44.276963],[83.441425,44.277511],[83.441606,44.278199],[83.441460,44.279191],[83.440096,44.281410],[83.439827,44.282259],[83.439900,44.282639],[83.441058,44.283685],[83.442518,44.285197],[83.443964,44.285802],[83.444947,44.285878],[83.445650,44.286028],[83.447327,44.286564],[83.448116,44.287718],[83.448384,44.287993],[83.449300,44.288596],[83.452567,44.289567],[83.453550,44.290034],[83.454152,44.290155],[83.455949,44.290206],[83.456108,44.290354],[83.456457,44.291131],[83.456699,44.291886],[83.456728,44.293136],[83.456866,44.293648],[83.457485,44.294148],[83.458467,44.294615],[83.459783,44.294964],[83.460444,44.295328],[83.461550,44.295699],[83.463989,44.296249],[83.464673,44.296900],[83.465435,44.298022],[83.466743,44.299021],[83.468089,44.299233],[83.469669,44.299170],[83.470069,44.299211],[83.470546,44.299393],[83.471842,44.301791],[83.472229,44.302208],[83.473242,44.302314],[83.473752,44.302602],[83.474788,44.303539],[83.474953,44.303848],[83.474965,44.304118],[83.474325,44.305097],[83.474265,44.305901],[83.474657,44.307141],[83.475719,44.308163],[83.477136,44.309227],[83.477734,44.309508],[83.479624,44.309571],[83.479946,44.309673],[83.480104,44.309830],[83.480184,44.310917],[83.480273,44.311050],[83.480496,44.311070],[83.481858,44.310276],[83.482760,44.310254],[83.483606,44.310588],[83.484645,44.311609],[83.484954,44.312278],[83.486481,44.314006],[83.486861,44.314976],[83.486882,44.315465],[83.486785,44.315941],[83.486606,44.316149],[83.486386,44.316778],[83.486316,44.317339],[83.486159,44.317502],[83.483934,44.318403],[83.483400,44.318821],[83.482311,44.320251],[83.480942,44.320866],[83.478992,44.321902],[83.478093,44.322566],[83.476805,44.323722],[83.476309,44.324494],[83.476307,44.325001],[83.476616,44.325939],[83.477372,44.326901],[83.477938,44.327825],[83.478860,44.328961],[83.480651,44.330419],[83.481886,44.331678],[83.483665,44.333166],[83.485595,44.334940],[83.487686,44.336400],[83.489071,44.337179],[83.489865,44.337774],[83.490845,44.338789],[83.491406,44.339553],[83.491801,44.340596],[83.491890,44.341313],[83.491867,44.342159],[83.491720,44.342837],[83.491271,44.343312],[83.489344,44.344748],[83.487797,44.346527],[83.487455,44.347333],[83.486973,44.349791],[83.486537,44.351086],[83.486084,44.351981],[83.485753,44.354100],[83.485570,44.354526],[83.485543,44.354899],[83.486443,44.355794],[83.486494,44.355894],[83.486000,44.356247],[83.486532,44.356432],[83.486934,44.356908],[83.487208,44.357853],[83.487535,44.362613],[83.487938,44.363079],[83.489974,44.367347],[83.492244,44.369710],[83.494135,44.372550],[83.496536,44.374335],[83.497341,44.375286],[83.497349,44.375763],[83.498686,44.377178],[83.502666,44.378382],[83.505750,44.381688],[83.505758,44.382164],[83.506418,44.382534],[83.508310,44.389611],[83.508720,44.390636],[83.509548,44.391928],[83.512047,44.394870],[83.512942,44.395809],[83.517644,44.399532],[83.523243,44.405239],[83.528235,44.408668],[83.528918,44.409218],[83.530727,44.411071],[83.530864,44.411544],[83.531267,44.412020],[83.531571,44.414873],[83.529755,44.419596],[83.529131,44.420511],[83.527977,44.423427],[83.526463,44.425885],[83.524899,44.428722],[83.524579,44.429619],[83.522687,44.433518],[83.519710,44.437828],[83.518790,44.442538],[83.517347,44.444913],[83.516558,44.449683],[83.515919,44.451669],[83.515630,44.455859],[83.515895,44.459766],[83.516860,44.462611],[83.517646,44.467553],[83.521533,44.466860],[83.526855,44.465911],[83.537680,44.463604],[83.545332,44.461520],[83.546999,44.461529],[83.551171,44.462069],[83.555570,44.462498],[83.557337,44.462530],[83.560531,44.462192],[83.569203,44.462099],[83.573485,44.462121],[83.576925,44.462322],[83.581720,44.462375],[83.582180,44.462456],[83.582476,44.462768],[83.587378,44.463746],[83.592216,44.463754],[83.594821,44.463625],[83.598153,44.463155],[83.599463,44.462783],[83.601279,44.462743],[83.602852,44.462912],[83.605445,44.463542],[83.607277,44.464103],[83.608788,44.464361],[83.610933,44.465269],[83.613194,44.465680],[83.616412,44.465789],[83.620040,44.466309],[83.621462,44.466745],[83.624992,44.468073],[83.625728,44.468224],[83.629902,44.468403],[83.630594,44.468821],[83.631740,44.470147],[83.632391,44.471375],[83.633096,44.472330],[83.633906,44.473380],[83.635863,44.475599],[83.635969,44.475864],[83.637049,44.475471],[83.639348,44.474826],[83.644575,44.474201],[83.660006,44.472046],[83.667048,44.471114],[83.683230,44.468971],[83.719299,44.464195],[83.723992,44.463573],[83.730122,44.463228],[83.750052,44.461835],[83.752820,44.461741],[83.755640,44.462036],[83.793340,44.466780],[83.793464,44.475754],[83.793363,44.477572],[83.793419,44.480250],[83.793952,44.482045],[83.794201,44.484057],[83.794767,44.485563],[83.795530,44.487241],[83.796318,44.488691],[83.797922,44.490973],[83.798512,44.492233],[83.798589,44.492612],[83.798101,44.495218],[83.798100,44.495937],[83.797394,44.496935],[83.796280,44.497792],[83.795810,44.498294],[83.794647,44.500135],[83.793994,44.501411],[83.794017,44.503368],[83.793423,44.504457],[83.792633,44.505237],[83.792645,44.506078],[83.792067,44.506728],[83.791992,44.506990],[83.792011,44.507415],[83.792353,44.507864],[83.792135,44.508192],[83.792037,44.508569],[83.791663,44.508922],[83.792076,44.509680],[83.792049,44.510014],[83.791806,44.510405],[83.792012,44.511086],[83.791864,44.511318],[83.791350,44.511498],[83.791630,44.511896],[83.791126,44.512273],[83.791545,44.512543],[83.791594,44.512667],[83.791133,44.513032],[83.791049,44.513398],[83.791181,44.513738],[83.791842,44.514511],[83.791802,44.514887],[83.792220,44.515157],[83.792042,44.515369],[83.792186,44.515949],[83.791925,44.519447],[83.791857,44.520376],[83.790418,44.521816],[83.789102,44.522399],[83.787267,44.523750],[83.784284,44.527586],[83.782967,44.528169],[83.781642,44.528283],[83.779662,44.529062],[83.778231,44.530502],[83.776936,44.532415],[83.775916,44.534807],[83.775809,44.536240],[83.775402,44.536745],[83.775391,44.536963],[83.772993,44.537926],[83.771339,44.538343],[83.768317,44.539955],[83.764826,44.542272],[83.764405,44.542701],[83.759300,44.546116],[83.752695,44.549833],[83.751903,44.550462],[83.748312,44.551078],[83.747517,44.551285],[83.746803,44.551780],[83.745427,44.552950],[83.748646,44.560037],[83.751019,44.565523],[83.752717,44.568947],[83.753114,44.570357],[83.754140,44.577231],[83.754532,44.578269],[83.755186,44.580753],[83.755269,44.581744],[83.755446,44.587498],[83.754966,44.590214],[83.755020,44.591117],[83.755306,44.592534],[83.756283,44.604412],[83.756443,44.612225],[83.757233,44.617437],[83.758223,44.622479],[83.759797,44.633250],[83.760484,44.634183],[83.762242,44.640948],[83.763278,44.643952],[83.763922,44.646161],[83.764454,44.648739],[83.765371,44.651181],[83.766037,44.653645],[83.766706,44.655517],[83.767279,44.656758],[83.767821,44.658363],[83.768224,44.659227],[83.771314,44.667601],[83.771479,44.668238],[83.771362,44.669895],[83.771472,44.672191],[83.772425,44.676570],[83.772919,44.677749],[83.773828,44.678952],[83.774090,44.679991],[83.774850,44.681301],[83.776373,44.684483],[83.777054,44.686359],[83.778537,44.689922],[83.781580,44.695955],[83.781964,44.697306],[83.782565,44.698744],[83.783004,44.699536],[83.785960,44.703737],[83.789852,44.711911],[83.790802,44.713492],[83.793358,44.717230],[83.794473,44.719508],[83.794560,44.721331],[83.795122,44.723176],[83.795965,44.729172],[83.797304,44.732535],[83.798248,44.734344],[83.798942,44.736630],[83.798951,44.737429],[83.798610,44.738679],[83.798378,44.740240],[83.798146,44.745258],[83.797502,44.748089],[83.797357,44.749504],[83.796699,44.752783],[83.796414,44.753456],[83.796308,44.753971],[83.796361,44.754542],[83.796286,44.754995],[83.796007,44.755269],[83.795600,44.755402],[83.795396,44.755569],[83.795366,44.755779],[83.795765,44.756839],[83.795965,44.757118],[83.796715,44.757292],[83.797497,44.757318],[83.797853,44.757601],[83.798086,44.758499],[83.797998,44.759617],[83.797437,44.760012],[83.796830,44.760053],[83.796792,44.758900],[83.796573,44.758648],[83.795853,44.758320],[83.795434,44.758344],[83.795053,44.758523],[83.794874,44.758751],[83.794917,44.759016],[83.795114,44.759214],[83.796040,44.759258],[83.796142,44.759399],[83.796060,44.759659],[83.795802,44.759834],[83.794820,44.759970],[83.792582,44.759558],[83.792082,44.759614],[83.791241,44.760083],[83.790760,44.760176],[83.789807,44.760154],[83.789139,44.760294],[83.788761,44.760561],[83.788117,44.761808],[83.788104,44.762894],[83.788578,44.763283],[83.789255,44.763321],[83.790080,44.763625],[83.790263,44.764110],[83.790214,44.764695],[83.789790,44.764976],[83.788882,44.764674],[83.788204,44.764624],[83.787818,44.764334],[83.787263,44.763630],[83.786498,44.763607],[83.786420,44.763698],[83.786414,44.764547],[83.786186,44.764988],[83.786178,44.765191],[83.786830,44.765699],[83.787858,44.766154],[83.788152,44.766480],[83.788198,44.766703],[83.788083,44.767019],[83.787633,44.767377],[83.787370,44.767451],[83.786450,44.767530],[83.785862,44.767346],[83.785656,44.767005],[83.786257,44.766833],[83.786469,44.766680],[83.786510,44.766544],[83.785741,44.766441],[83.784974,44.766494],[83.784610,44.766427],[83.784402,44.766276],[83.784062,44.765736],[83.784516,44.765078],[83.784482,44.764740],[83.784324,44.764656],[83.783943,44.764855],[83.783498,44.765695],[83.783033,44.765876],[83.782102,44.765955],[83.781805,44.766072],[83.781214,44.767084],[83.781171,44.767778],[83.781375,44.768209],[83.781363,44.768589],[83.781200,44.768762],[83.779683,44.768864],[83.779540,44.769092],[83.779380,44.771289],[83.779215,44.771450],[83.778885,44.771471],[83.778299,44.771350],[83.777996,44.771223],[83.777609,44.770907],[83.777677,44.770115],[83.777531,44.770026],[83.775908,44.770515],[83.774856,44.770689],[83.774228,44.770658],[83.773979,44.770800],[83.773960,44.770999],[83.773663,44.771353],[83.772720,44.771579],[83.772687,44.771893],[83.772807,44.772160],[83.773430,44.772681],[83.773419,44.772825],[83.772061,44.773092],[83.771483,44.773624],[83.770649,44.773933],[83.770605,44.774022],[83.771191,44.774626],[83.771255,44.774979],[83.770873,44.775077],[83.769265,44.774498],[83.768954,44.774494],[83.768649,44.774614],[83.768203,44.775318],[83.767956,44.776290],[83.767967,44.776532],[83.768079,44.776650],[83.768557,44.776839],[83.770490,44.776887],[83.771194,44.777015],[83.771890,44.776931],[83.772296,44.776982],[83.772556,44.777090],[83.772735,44.777290],[83.772763,44.777870],[83.772670,44.778198],[83.772506,44.778307],[83.771370,44.778569],[83.770407,44.778487],[83.770022,44.778540],[83.769690,44.778880],[83.769969,44.779189],[83.771310,44.779452],[83.772059,44.779788],[83.772137,44.780196],[83.772050,44.780353],[83.771810,44.780492],[83.770187,44.780574],[83.769204,44.781384],[83.768427,44.781493],[83.767607,44.781369],[83.767299,44.781229],[83.767177,44.781088],[83.767133,44.780629],[83.766984,44.780229],[83.766473,44.779800],[83.766147,44.779697],[83.765695,44.779775],[83.765601,44.779905],[83.765623,44.780038],[83.766362,44.780738],[83.766377,44.781090],[83.766032,44.781271],[83.765502,44.781317],[83.765392,44.781244],[83.764862,44.780708],[83.764822,44.779859],[83.764073,44.779578],[83.763028,44.779768],[83.762898,44.779907],[83.763146,44.780247],[83.763121,44.780358],[83.762587,44.780341],[83.762322,44.780010],[83.761999,44.779806],[83.761479,44.779718],[83.760501,44.779965],[83.760076,44.780267],[83.759881,44.780517],[83.760130,44.780782],[83.761394,44.781051],[83.762617,44.780843],[83.763051,44.781035],[83.763608,44.781635],[83.763618,44.781856],[83.763091,44.782233],[83.762724,44.782254],[83.761636,44.781956],[83.761306,44.781980],[83.759179,44.782560],[83.758886,44.782402],[83.758876,44.782169],[83.759128,44.781699],[83.758815,44.781276],[83.757368,44.781157],[83.756275,44.781325],[83.755939,44.781617],[83.755391,44.781703],[83.754303,44.781661],[83.753746,44.781779],[83.751375,44.781687],[83.750710,44.781973],[83.750047,44.782079],[83.749384,44.782463],[83.748995,44.782941],[83.749010,44.783894],[83.748369,44.785799],[83.749195,44.786752],[83.751047,44.785969],[83.751589,44.786442],[83.752258,44.786633],[83.753074,44.787198],[83.751885,44.788064],[83.751612,44.787684],[83.750955,44.788167],[83.750285,44.788165],[83.748698,44.789130],[83.748690,44.788653],[83.747608,44.787716],[83.747204,44.787528],[83.746539,44.787724],[83.746142,44.788201],[83.745486,44.788586],[83.746417,44.788393],[83.745495,44.789350],[83.745502,44.789728],[83.744159,44.789166],[83.742695,44.789561],[83.742031,44.790044],[83.741909,44.790515],[83.741520,44.791001],[83.740719,44.791191],[83.740047,44.791198],[83.738727,44.791976],[83.738896,44.793880],[83.737705,44.794645],[83.736369,44.794658],[83.735690,44.794188],[83.735698,44.794566],[83.734363,44.794570],[83.733698,44.794964],[83.733309,44.795441],[83.734248,44.796004],[83.734919,44.796096],[83.735600,44.796566],[83.735720,44.795996],[83.736400,44.796368],[83.737735,44.796453],[83.738416,44.796834],[83.738956,44.797397],[83.738964,44.797874],[83.738705,44.798357],[83.736683,44.797513],[83.734942,44.797427],[83.734019,44.797818],[83.733095,44.798775],[83.732042,44.799546],[83.732187,44.800308],[83.733943,44.801338],[83.732614,44.802017],[83.731134,44.801169],[83.730324,44.801080],[83.729676,44.801941],[83.730371,44.803554],[83.730905,44.803739],[83.731698,44.803163],[83.732638,44.803159],[83.733723,44.804106],[83.732928,44.804494],[83.731860,44.804500],[83.730805,44.805362],[83.729357,44.806898],[83.730852,44.808222],[83.731669,44.809166],[83.731546,44.809646],[83.731822,44.810117],[83.730363,44.810987],[83.729028,44.811000],[83.728371,44.811474],[83.728355,44.810908],[83.727691,44.811193],[83.727027,44.811109],[83.726500,44.811589],[83.725828,44.811775],[83.725301,44.812255],[83.725576,44.812546],[83.725454,44.813017],[83.725859,44.813493],[83.725866,44.813970],[83.726141,44.814441],[83.725759,44.815593],[83.725362,44.815692],[83.723079,44.815321],[83.722675,44.815132],[83.722010,44.815138],[83.721750,44.815621],[83.721079,44.815816],[83.720819,44.816290],[83.720841,44.817243],[83.722476,44.819042],[83.721286,44.820005],[83.720620,44.819912],[83.719957,44.820197],[83.719283,44.820302],[83.717298,44.821553],[83.717176,44.822033],[83.716778,44.822510],[83.716786,44.822986],[83.716526,44.823460],[83.716031,44.825847],[83.715113,44.826804],[83.714036,44.826621],[83.712982,44.827481],[83.712997,44.828435],[83.712616,44.829388],[83.712623,44.829865],[83.712096,44.830345],[83.712104,44.830822],[83.711706,44.831308],[83.711989,44.832255],[83.712402,44.832732],[83.712417,44.833677],[83.711241,44.835116],[83.707252,44.837238],[83.705938,44.838671],[83.705815,44.839151],[83.705419,44.839628],[83.705311,44.841061],[83.705594,44.842009],[83.706832,44.843907],[83.706985,44.844858],[83.706596,44.845811],[83.705541,44.846770],[83.704876,44.847064],[83.703531,44.846788],[83.702193,44.846790],[83.700864,44.847566],[83.700871,44.847845],[83.702224,44.848697],[83.702897,44.848791],[83.704250,44.849544],[83.703859,44.850209],[83.702140,44.851651],[83.701842,44.853998],[83.700512,44.854252],[83.698899,44.854296],[83.697119,44.855253],[83.694436,44.857633],[83.694314,44.860714],[83.693236,44.862933],[83.692740,44.864249],[83.688451,44.865926],[83.687633,44.867006],[83.687296,44.868084],[83.686639,44.869115],[83.684690,44.870354],[83.684514,44.872005],[83.684896,44.873212],[83.682564,44.873307],[83.681188,44.873921],[83.681165,44.875236],[83.682294,44.876014],[83.683126,44.875909],[83.683359,44.876027],[83.684174,44.876276],[83.684351,44.876598],[83.684250,44.876879],[83.683818,44.877328],[83.683296,44.877626],[83.681925,44.877715],[83.681534,44.877377],[83.681236,44.876720],[83.681059,44.876635],[83.680804,44.876653],[83.680519,44.876938],[83.680251,44.877569],[83.680281,44.878207],[83.680080,44.878638],[83.679577,44.878949],[83.677639,44.879662],[83.677176,44.879964],[83.676731,44.880130],[83.675897,44.880114],[83.675577,44.880408],[83.674927,44.880638],[83.673894,44.880837],[83.673216,44.880873],[83.672932,44.880769],[83.672963,44.880409],[83.672892,44.880301],[83.672389,44.880367],[83.671621,44.880104],[83.671132,44.880115],[83.670116,44.880551],[83.669287,44.881025],[83.668630,44.881757],[83.668626,44.882438],[83.668823,44.882590],[83.669171,44.882629],[83.669816,44.882556],[83.670951,44.882612],[83.671073,44.882808],[83.669909,44.883530],[83.668168,44.883365],[83.667805,44.883372],[83.667528,44.883547],[83.667301,44.883806],[83.667334,44.884122],[83.667509,44.884440],[83.667519,44.884642],[83.667355,44.884958],[83.667402,44.885583],[83.667655,44.885903],[83.668190,44.886272],[83.668804,44.886550],[83.668934,44.887038],[83.668735,44.887490],[83.668428,44.887687],[83.668285,44.887677],[83.667762,44.887198],[83.667316,44.887085],[83.666299,44.888277],[83.665972,44.888420],[83.665694,44.888451],[83.665498,44.888320],[83.665160,44.887858],[83.665100,44.887580],[83.665417,44.886969],[83.665528,44.886663],[83.665491,44.886520],[83.665010,44.886285],[83.664572,44.885432],[83.664313,44.885260],[83.664031,44.885199],[83.663575,44.885251],[83.663251,44.885460],[83.662518,44.886617],[83.662287,44.886778],[83.661897,44.886842],[83.661006,44.886637],[83.660235,44.886307],[83.659386,44.886380],[83.659058,44.886501],[83.658100,44.887134],[83.657996,44.887360],[83.658074,44.887629],[83.658781,44.887982],[83.658883,44.888381],[83.658631,44.888733],[83.658243,44.888965],[83.656602,44.889529],[83.656048,44.889541],[83.655448,44.889173],[83.655192,44.888663],[83.655282,44.888293],[83.655792,44.887978],[83.655742,44.887679],[83.655595,44.887594],[83.654602,44.887488],[83.654051,44.887559],[83.652726,44.888395],[83.652059,44.888396],[83.651686,44.888180],[83.651183,44.887215],[83.650732,44.886979],[83.650319,44.886933],[83.649881,44.886998],[83.649420,44.887198],[83.649222,44.887696],[83.649191,44.888052],[83.648860,44.888372],[83.647780,44.888564],[83.646502,44.888490],[83.645424,44.889008],[83.645139,44.889416],[83.645088,44.889987],[83.644951,44.890379],[83.644036,44.891062],[83.643695,44.891146],[83.643171,44.891157],[83.641631,44.891461],[83.640464,44.891452],[83.640079,44.891367],[83.639876,44.891093],[83.639834,44.890828],[83.639500,44.890666],[83.638619,44.890820],[83.637030,44.891467],[83.635554,44.891601],[83.635076,44.891434],[83.634631,44.891084],[83.635138,44.890705],[83.635130,44.890528],[83.634903,44.890376],[83.634641,44.890255],[83.633778,44.890240],[83.633427,44.890117],[83.633080,44.889833],[83.632652,44.889698],[83.632224,44.889708],[83.631528,44.889989],[83.630906,44.889791],[83.630515,44.889821],[83.629877,44.890046],[83.629503,44.890067],[83.628848,44.889925],[83.628049,44.890031],[83.627758,44.890173],[83.627683,44.890880],[83.627132,44.891328],[83.626890,44.891489],[83.625746,44.891591],[83.625077,44.892446],[83.624841,44.892494],[83.623308,44.891623],[83.622800,44.891554],[83.622583,44.891626],[83.622318,44.892080],[83.622411,44.892682],[83.622042,44.893206],[83.621863,44.893848],[83.621515,44.894046],[83.620747,44.894173],[83.619876,44.895029],[83.618321,44.895503],[83.617341,44.895402],[83.616792,44.894696],[83.616550,44.894600],[83.616141,44.894643],[83.615849,44.894505],[83.615634,44.894206],[83.615591,44.893928],[83.615422,44.893742],[83.614548,44.893482],[83.613177,44.892093],[83.612536,44.891849],[83.612093,44.891783],[83.611388,44.891841],[83.610864,44.892089],[83.610378,44.892121],[83.609749,44.891747],[83.609510,44.891727],[83.607640,44.893100],[83.607081,44.893227],[83.606686,44.893176],[83.606023,44.892824],[83.604957,44.892915],[83.604840,44.893087],[83.604829,44.893890],[83.603968,44.893910],[83.603088,44.893651],[83.602550,44.893587],[83.601599,44.893697],[83.600476,44.893968],[83.600295,44.894175],[83.600066,44.895029],[83.600075,44.895498],[83.600281,44.895840],[83.600603,44.896125],[83.600689,44.896592],[83.600534,44.896976],[83.600668,44.897171],[83.601268,44.897563],[83.601602,44.897999],[83.601632,44.898257],[83.601452,44.898876],[83.602084,44.899590],[83.602490,44.900295],[83.602602,44.901053],[83.602476,44.902341],[83.602104,44.903592],[83.601302,44.904916],[83.601156,44.905490],[83.601277,44.906214],[83.602294,44.907019],[83.602338,44.907331],[83.602179,44.907614],[83.600455,44.908794],[83.598951,44.909982],[83.598748,44.910367],[83.599488,44.911491],[83.599588,44.911979],[83.599542,44.912293],[83.598804,44.913050],[83.595762,44.914649],[83.594279,44.914839],[83.593339,44.915220],[83.592794,44.915791],[83.592337,44.916461],[83.591182,44.917316],[83.590061,44.917891],[83.589687,44.917900],[83.589379,44.917793],[83.589077,44.917288],[83.588638,44.917041],[83.587877,44.917160],[83.587533,44.917299],[83.586427,44.917134],[83.585989,44.917178],[83.585622,44.917322],[83.585347,44.917552],[83.585192,44.917949],[83.585224,44.919051],[83.585147,44.919459],[83.584770,44.920059],[83.583028,44.921609],[83.582358,44.922419],[83.581401,44.923862],[83.581417,44.924229],[83.581867,44.925114],[83.581793,44.925598],[83.581493,44.925930],[83.581088,44.926037],[83.580742,44.926003],[83.580005,44.925708],[83.579652,44.925792],[83.579366,44.926166],[83.579199,44.927603],[83.578923,44.927821],[83.578766,44.927831],[83.578610,44.927841],[83.577567,44.927363],[83.577425,44.927387],[83.577344,44.927693],[83.577271,44.929516],[83.576818,44.929874],[83.575499,44.930252],[83.574567,44.930924],[83.573955,44.931184],[83.572890,44.931243],[83.572395,44.930807],[83.572300,44.930002],[83.572088,44.929897],[83.571569,44.929842],[83.571134,44.929941],[83.570762,44.930385],[83.570361,44.930577],[83.569799,44.930624],[83.568225,44.930201],[83.568039,44.930273],[83.567970,44.930452],[83.567994,44.931001],[83.567924,44.931159],[83.566158,44.931358],[83.566030,44.931333],[83.565901,44.931309],[83.565880,44.931098],[83.566010,44.930968],[83.566771,44.930717],[83.567303,44.930278],[83.567122,44.930084],[83.566809,44.930100],[83.566328,44.930234],[83.565358,44.930718],[83.563960,44.930751],[83.561618,44.931738],[83.561247,44.931789],[83.560402,44.931463],[83.559929,44.931495],[83.558005,44.932662],[83.557552,44.932753],[83.554834,44.932312],[83.553924,44.931988],[83.553144,44.931373],[83.553008,44.931118],[83.552668,44.930937],[83.552386,44.930855],[83.551930,44.930874],[83.551590,44.930963],[83.551363,44.931180],[83.551080,44.932159],[83.551187,44.932583],[83.551370,44.932701],[83.551908,44.932510],[83.552362,44.932466],[83.552504,44.932851],[83.552458,44.933558],[83.552173,44.933823],[83.551655,44.933903],[83.551421,44.933849],[83.550902,44.933507],[83.550122,44.933560],[83.549826,44.933711],[83.549619,44.933995],[83.549663,44.934184],[83.550171,44.934417],[83.550165,44.934544],[83.549257,44.935323],[83.549230,44.935805],[83.548979,44.936158],[83.548701,44.936300],[83.547615,44.936550],[83.546107,44.936507],[83.545440,44.936714],[83.543816,44.936851],[83.543499,44.937260],[83.543777,44.937706],[83.543788,44.937963],[83.543654,44.938144],[83.543034,44.938341],[83.542673,44.938350],[83.541535,44.938099],[83.540428,44.937590],[83.540099,44.937518],[83.539699,44.938119],[83.539353,44.938343],[83.538660,44.938348],[83.537039,44.937484],[83.536242,44.936865],[83.535794,44.936652],[83.534879,44.936464],[83.534567,44.936514],[83.534461,44.936673],[83.534295,44.937070],[83.534236,44.937629],[83.534016,44.937880],[83.533548,44.938006],[83.531780,44.937691],[83.531010,44.937710],[83.529761,44.938142],[83.529040,44.937780],[83.528657,44.937692],[83.528441,44.937753],[83.527874,44.938337],[83.526518,44.938494],[83.526211,44.938658],[83.526020,44.939030],[83.526051,44.939342],[83.526278,44.939527],[83.527042,44.939787],[83.527253,44.939997],[83.527212,44.941228],[83.527082,44.941776],[83.526953,44.942084],[83.526390,44.942499],[83.525907,44.942558],[83.525200,44.942787],[83.524622,44.942835],[83.524409,44.942726],[83.524206,44.942275],[83.523979,44.942090],[83.523673,44.942009],[83.522319,44.942200],[83.520978,44.941608],[83.520105,44.941427],[83.519281,44.941549],[83.518467,44.941903],[83.517307,44.942625],[83.516903,44.942724],[83.516115,44.942321],[83.514907,44.941916],[83.514741,44.941650],[83.514607,44.940068],[83.514522,44.939880],[83.514244,44.939586],[83.513550,44.939332],[83.513339,44.939312],[83.512093,44.939873],[83.510131,44.940527],[83.509695,44.940572],[83.509482,44.940721],[83.509541,44.941391],[83.509237,44.942045],[83.509059,44.943001],[83.508267,44.943447],[83.506925,44.943925],[83.506833,44.945062],[83.506545,44.945261],[83.506111,44.945394],[83.503806,44.945121],[83.502880,44.945205],[83.500025,44.947009],[83.499949,44.947989],[83.499584,44.948492],[83.498883,44.948726],[83.497888,44.948894],[83.497754,44.949066],[83.497783,44.949265],[83.498589,44.949558],[83.498830,44.949775],[83.499056,44.950103],[83.499032,44.950426],[83.501688,44.952804],[83.502083,44.953256],[83.502359,44.953736],[83.502480,44.954560],[83.502252,44.955412],[83.502261,44.955668],[83.502075,44.955881],[83.501051,44.956434],[83.499629,44.957543],[83.498745,44.958748],[83.497599,44.960763],[83.496998,44.961387],[83.495902,44.961800],[83.494291,44.962160],[83.489837,44.962862],[83.488358,44.962899],[83.485279,44.963799],[83.483422,44.964692],[83.479370,44.967706],[83.478891,44.968428],[83.478086,44.970168],[83.477033,44.972910],[83.475891,44.974520],[83.474631,44.975827],[83.474063,44.976108],[83.470403,44.977916],[83.464641,44.979957],[83.459798,44.980479],[83.457986,44.980851],[83.452337,44.981703],[83.450437,44.982018],[83.445772,44.982347],[83.439614,44.981686],[83.435689,44.981040],[83.434008,44.980917],[83.424901,44.980343],[83.412260,44.979899],[83.399774,44.980567],[83.394798,44.980644],[83.391591,44.980840],[83.390978,44.981060],[83.386916,44.981962],[83.383852,44.982809],[83.379597,44.983722],[83.370296,44.986076],[83.360283,44.988364],[83.355820,44.989548],[83.353122,44.990131],[83.352347,44.990441],[83.349992,44.990797],[83.350439,44.991264],[83.350121,44.991596],[83.350164,44.991759],[83.350442,44.991824],[83.350424,44.991926],[83.349880,44.992059],[83.349496,44.992404],[83.348745,44.992628],[83.348342,44.993075],[83.348017,44.993157],[83.347560,44.993104],[83.346826,44.992801],[83.346186,44.992993],[83.345937,44.992968],[83.345040,44.992550],[83.344486,44.991810],[83.344180,44.991751],[83.343434,44.991885],[83.343095,44.991854],[83.342190,44.991501],[83.339979,44.991591],[83.338205,44.991842],[83.336917,44.992326],[83.335801,44.991808],[83.334970,44.991594],[83.334420,44.991349],[83.333621,44.991208],[83.332965,44.990939],[83.332506,44.991045],[83.331334,44.990897],[83.330383,44.991039],[83.328932,44.991620],[83.327962,44.992215],[83.322740,44.992621],[83.313376,44.993173],[83.308569,44.993574],[83.301159,44.993956],[83.298542,44.994182],[83.295333,44.994512],[83.290158,44.995234],[83.285407,44.995771],[83.283456,44.995901],[83.280824,44.996331],[83.272977,44.997258],[83.265258,44.998327],[83.263651,44.998375],[83.252786,45.000511],[83.247153,45.001410],[83.236489,45.003039],[83.224628,45.005005],[83.212161,45.006790],[83.205423,45.007904],[83.198162,45.008926],[83.193510,45.009767],[83.189254,45.010389],[83.174937,45.012769],[83.150784,45.017006],[83.143164,45.018553],[83.137692,45.019664],[83.121702,45.023022],[83.115416,45.024409],[83.096548,45.028573],[83.094415,45.028925],[83.076258,45.033383],[83.068176,45.035176],[83.044211,45.040968],[83.029390,45.044351],[83.025810,45.045168],[83.002598,45.050702],[82.992540,45.053960],[82.979744,45.057922],[82.977548,45.058486],[82.974674,45.059492],[82.973414,45.059755],[82.970261,45.061035],[82.969167,45.061583],[82.967263,45.062262],[82.965296,45.063204],[82.963958,45.063984],[82.961683,45.065007],[82.959943,45.065903],[82.955826,45.067638],[82.950519,45.069196],[82.947704,45.070151],[82.943535,45.071339],[82.942105,45.071851],[82.940125,45.072355],[82.937902,45.073082],[82.933449,45.074335],[82.926950,45.076516],[82.918812,45.078928],[82.917101,45.079530],[82.915183,45.080036],[82.913472,45.080646],[82.907221,45.082558],[82.887153,45.089676],[82.878212,45.092942],[82.875121,45.093909],[82.865656,45.097431],[82.861624,45.098729],[82.858860,45.099792],[82.855475,45.100907],[82.843129,45.108324],[82.835776,45.112995],[82.833762,45.114105],[82.830298,45.116413],[82.827897,45.117250],[82.818908,45.120862],[82.816826,45.121566],[82.813294,45.123260],[82.811420,45.123877],[82.808342,45.125249],[82.804484,45.126812],[82.800074,45.129104],[82.797221,45.130471],[82.792288,45.133308],[82.789062,45.134904],[82.784933,45.137095],[82.780656,45.139542],[82.779604,45.140252],[82.776468,45.141825],[82.771211,45.144725],[82.767956,45.146367],[82.757845,45.152162],[82.752611,45.153032],[82.742751,45.155330],[82.733385,45.157204],[82.721004,45.160030],[82.719473,45.160243],[82.717051,45.159913],[82.712557,45.159125],[82.708576,45.158338],[82.683121,45.153828],[82.681783,45.153554],[82.675609,45.156911],[82.674319,45.157810],[82.670448,45.159803],[82.667626,45.161440],[82.665783,45.162313],[82.661605,45.164635],[82.660216,45.165524],[82.658222,45.166513],[82.655568,45.168024],[82.653689,45.169220],[82.648754,45.171886],[82.646653,45.173210],[82.640604,45.177742],[82.638220,45.179379],[82.632606,45.183610],[82.625931,45.188397],[82.622772,45.190940],[82.617239,45.195849],[82.612010,45.200078],[82.611772,45.200546],[82.610685,45.204415],[82.610342,45.204994],[82.600494,45.210074],[82.598696,45.211486],[82.593454,45.215093],[82.590347,45.217454],[82.582862,45.219299],[82.587476,45.223905],[82.601014,45.346210],[82.564667,45.399534],[82.547201,45.425238],[82.546751,45.425873],[82.448000,45.461357],[82.282035,45.538896],[82.282001,45.542305],[82.281879,45.554502],[82.266753,45.620153],[82.279587,45.639378],[82.285828,45.647273],[82.288558,45.655417],[82.289116,45.697476],[82.290090,45.716443],[82.295760,45.727134],[82.304093,45.735586],[82.340270,45.772534],[82.341810,45.780416],[82.345162,45.807422],[82.348034,45.813541],[82.349618,45.823002],[82.348026,45.846302],[82.345354,45.853695],[82.338749,45.863956],[82.335869,45.873708],[82.336043,45.882221],[82.344059,45.894471],[82.344825,45.905540],[82.345391,45.912466],[82.344294,45.923853],[82.342676,45.935121],[82.346131,45.943740],[82.357208,45.951213],[82.389528,45.965692],[82.401289,45.972227],[82.423466,45.971006],[82.435612,45.968940],[82.443460,45.973154],[82.461516,45.979995],[82.462284,45.982343],[82.481993,46.042635],[82.506105,46.116424],[82.518326,46.153824],[82.556353,46.213276],[82.578351,46.247641],[82.608739,46.295069],[82.614903,46.305502],[82.726772,46.494703],[82.727235,46.495487],[82.774208,46.600108],[82.788883,46.677843],[82.790698,46.682050],[82.812598,46.732823],[82.829778,46.772665],[82.878488,46.797233],[82.876385,46.822892],[82.876303,46.823887],[82.892631,46.861944],[82.903134,46.886411],[82.923538,46.932061],[82.927712,46.945270],[82.934629,46.968110],[82.935804,46.980987],[82.937877,47.014057],[82.939600,47.016278],[82.948724,47.020979],[82.967021,47.035797],[82.980299,47.050197],[82.988018,47.058786],[82.992941,47.065111],[82.993181,47.065419],[82.995850,47.072227],[83.000961,47.094763],[83.009510,47.104455],[83.013305,47.123069],[83.022411,47.132939],[83.023170,47.141305],[83.023441,47.150220],[83.028569,47.159475],[83.031673,47.168276],[83.031142,47.175782],[83.030323,47.181885],[83.029451,47.188891],[83.029269,47.195065],[83.027369,47.215423],[83.029959,47.219573],[83.035748,47.219506],[83.052914,47.215994],[83.062598,47.219899],[83.075512,47.225101],[83.093317,47.225615],[83.108340,47.222107],[83.120843,47.224562],[83.134387,47.229733],[83.144119,47.235759],[83.154817,47.236089],[83.162949,47.230161],[83.170482,47.223034],[83.174404,47.218472],[83.188735,47.215419],[83.206940,47.213695],[83.210700,47.208757],[83.215977,47.202167],[83.219408,47.189128],[83.222095,47.186915],[83.237903,47.186332],[83.247786,47.175877],[83.257818,47.173229],[83.276464,47.174229],[83.294657,47.176430],[83.306395,47.179700],[83.316386,47.174156],[83.324482,47.168005],[83.332368,47.167868],[83.349300,47.172624],[83.370452,47.178563],[83.371738,47.168669],[83.371920,47.163333],[83.387012,47.155263],[83.391860,47.148372],[83.395005,47.145859],[83.398939,47.140941],[83.408209,47.132414],[83.418827,47.118832],[83.430591,47.118271],[83.442675,47.125272],[83.453011,47.129148],[83.463280,47.132074],[83.469593,47.128767],[83.472999,47.122367],[83.484218,47.118172],[83.487631,47.112200],[83.493084,47.107668],[83.511548,47.108490],[83.517337,47.104239],[83.522616,47.098740],[83.529729,47.092875],[83.534509,47.087521],[83.538528,47.083816],[83.546302,47.080502],[83.566966,47.080619],[83.573665,47.075728],[83.573344,47.068781],[83.570451,47.062827],[83.571161,47.060568],[83.576133,47.059233],[83.603367,47.058947],[83.610936,47.052110],[83.612505,47.051219],[83.618134,47.048028],[83.631028,47.047289],[83.641938,47.045372],[83.649399,47.044063],[83.665108,47.043427],[83.689622,47.035188],[83.700572,47.032155],[83.702772,47.026778],[83.699354,47.015626],[83.708015,47.013850],[83.713024,47.016690],[83.726692,47.024435],[83.741567,47.026317],[83.750393,47.027379],[83.766540,47.027003],[83.780170,47.022877],[83.789618,47.018225],[83.798629,47.014204],[83.816497,47.012173],[83.827310,47.007450],[83.841746,47.001722],[83.851980,46.994817],[83.874976,46.994232],[83.883470,46.989829],[83.883957,46.989577],[83.885863,46.981941],[83.893714,46.982375],[83.907744,46.985825],[83.913470,46.980629],[83.915900,46.972649],[83.924772,46.969911],[83.932973,46.969998],[83.937900,46.977738],[83.951535,46.987246],[83.963569,46.989501],[83.978778,46.981863],[83.991233,46.989889],[84.002738,46.990609],[84.013001,46.982104],[84.020178,46.979724],[84.038516,46.973525],[84.054188,46.969996],[84.066119,46.967655],[84.075096,46.966382],[84.086447,46.965212],[84.103565,46.965935],[84.115563,46.966830],[84.128773,46.970016],[84.132731,46.970971],[84.136991,46.973063],[84.150276,46.977333],[84.158582,46.982218],[84.170676,46.988609],[84.178798,46.993740],[84.195106,47.003512],[84.200012,47.004155],[84.215279,46.998809],[84.226009,46.997703],[84.236346,47.001934],[84.242508,46.996893],[84.250382,46.995033],[84.259310,47.000102],[84.268207,47.003484],[84.278784,46.998642],[84.283552,46.996852],[84.289141,46.994755],[84.297721,46.993985],[84.305399,46.995313],[84.314566,46.997222],[84.323778,47.001278],[84.330355,47.004661],[84.336514,47.005402],[84.341621,47.002173],[84.348797,46.996280],[84.359825,46.994006],[84.371501,46.993337],[84.377846,46.994428],[84.382998,46.995313],[84.393603,46.998838],[84.425430,47.008864],[84.438544,47.009266],[84.449554,47.006416],[84.454519,47.001265],[84.458697,46.996614],[84.464508,46.992901],[84.471442,46.990621],[84.484163,46.984711],[84.496865,46.979159],[84.506507,46.973068],[84.517204,46.974430],[84.548796,46.986460],[84.563129,46.991644],[84.581496,46.994306],[84.588381,46.995569],[84.603028,46.996539],[84.628762,46.994151],[84.639241,46.993947],[84.649751,46.999579],[84.662188,46.999436],[84.668690,46.994872],[84.679781,47.004564],[84.680329,47.004600],[84.693264,47.007108],[84.699565,47.008469],[84.711389,47.008058],[84.748027,47.009848],[84.759946,47.000103],[84.765646,46.993605],[84.781724,46.980088],[84.795312,46.972533]]
裕民县	[[82.952829,45.884405],[82.951048,45.882880],[82.950534,45.882594],[82.950250,45.882142],[82.948958,45.881825],[82.946247,45.881580],[82.945980,45.881449],[82.945557,45.880935],[82.945283,45.880231],[82.944942,45.880009],[82.944250,45.879804],[82.936733,45.878560],[82.935559,45.878176],[82.933711,45.877126],[82.933167,45.876618],[82.932751,45.875591],[82.932590,45.874805],[82.932189,45.874112],[82.931632,45.873445],[82.928923,45.872078],[82.926268,45.871314],[82.926097,45.871139],[82.926114,45.869087],[82.926954,45.867428],[82.927141,45.866856],[82.927243,45.866137],[82.929318,45.861940],[82.929893,45.860962],[82.930658,45.859225],[82.931242,45.858133],[82.932597,45.856172],[82.932794,45.855137],[82.932819,45.850800],[82.932700,45.850054],[82.931822,45.848619],[82.931678,45.848166],[82.931615,45.847767],[82.932027,45.846038],[82.931987,45.844626],[82.931363,45.842154],[82.931350,45.841773],[82.931431,45.841580],[82.934497,45.838639],[82.935909,45.836861],[82.937845,45.834634],[82.935772,45.833821],[82.935003,45.833008],[82.934344,45.832493],[82.933364,45.831981],[82.933132,45.831636],[82.933454,45.830436],[82.933995,45.829533],[82.934574,45.829058],[82.935693,45.828365],[82.935917,45.828078],[82.936024,45.827735],[82.935989,45.827329],[82.934993,45.825302],[82.934951,45.824797],[82.935298,45.824357],[82.936058,45.824032],[82.937835,45.822791],[82.938327,45.822339],[82.938717,45.821695],[82.938382,45.820894],[82.937780,45.819871],[82.937215,45.819113],[82.935230,45.817339],[82.934913,45.815913],[82.935327,45.813462],[82.936136,45.812435],[82.936540,45.812121],[82.937076,45.811860],[82.938811,45.811361],[82.939284,45.811147],[82.939437,45.811044],[82.939278,45.810739],[82.937974,45.810054],[82.936828,45.809153],[82.935376,45.808822],[82.935287,45.808627],[82.935195,45.807429],[82.934947,45.806519],[82.933792,45.805375],[82.932840,45.805135],[82.930649,45.805018],[82.929643,45.804618],[82.928959,45.804581],[82.927214,45.804677],[82.925637,45.804935],[82.924895,45.804696],[82.923299,45.803264],[82.922077,45.802959],[82.918596,45.803212],[82.917505,45.802713],[82.916796,45.802252],[82.914817,45.801571],[82.914422,45.801317],[82.913868,45.800603],[82.913542,45.799757],[82.913254,45.799323],[82.912104,45.798215],[82.910157,45.797856],[82.906225,45.797949],[82.905530,45.797764],[82.903896,45.797024],[82.903317,45.796422],[82.902648,45.795522],[82.900589,45.795523],[82.896638,45.795762],[82.895397,45.795497],[82.893509,45.794841],[82.892355,45.794752],[82.891861,45.794572],[82.890804,45.793795],[82.890866,45.793439],[82.890807,45.792984],[82.890240,45.792468],[82.888850,45.791976],[82.888422,45.791720],[82.887844,45.790455],[82.887182,45.790112],[82.886244,45.790159],[82.885764,45.790076],[82.885366,45.789860],[82.884474,45.789127],[82.883591,45.787787],[82.882650,45.786902],[82.882296,45.786686],[82.881866,45.786542],[82.881158,45.786493],[82.879528,45.786977],[82.878687,45.787077],[82.877870,45.786992],[82.876446,45.786700],[82.873366,45.786406],[82.872073,45.786124],[82.870694,45.785287],[82.870110,45.784700],[82.869770,45.784221],[82.869084,45.782744],[82.868343,45.781996],[82.866805,45.781133],[82.865507,45.780088],[82.865042,45.779562],[82.864443,45.778542],[82.864369,45.778228],[82.865087,45.776515],[82.865323,45.775542],[82.865659,45.774844],[82.866527,45.774001],[82.867912,45.773014],[82.868435,45.772777],[82.867798,45.770395],[82.867422,45.769518],[82.867102,45.769219],[82.861713,45.767150],[82.861370,45.766627],[82.859078,45.764758],[82.858613,45.763958],[82.858596,45.763652],[82.858839,45.762729],[82.859496,45.761605],[82.860115,45.760187],[82.860146,45.759926],[82.860033,45.759396],[82.863374,45.756662],[82.863792,45.756644],[82.864999,45.756504],[82.865454,45.756650],[82.865988,45.757085],[82.867401,45.757878],[82.867857,45.758299],[82.874226,45.755803],[82.876257,45.755093],[82.877781,45.754439],[82.881129,45.753335],[82.883302,45.752464],[82.885490,45.751691],[82.887058,45.751484],[82.887678,45.751248],[82.889577,45.750187],[82.890884,45.749651],[82.892096,45.749390],[82.896488,45.748864],[82.896831,45.748714],[82.897377,45.748247],[82.898019,45.747467],[82.898665,45.746959],[82.902569,45.744782],[82.906410,45.743314],[82.907461,45.742817],[82.907811,45.742437],[82.910274,45.741554],[82.911291,45.740660],[82.912065,45.739671],[82.912294,45.738380],[82.912351,45.735448],[82.912630,45.731974],[82.912517,45.731039],[82.912019,45.729926],[82.910308,45.728918],[82.911444,45.728930],[82.912335,45.729112],[82.914767,45.729097],[82.916714,45.728820],[82.918027,45.728497],[82.919605,45.727976],[82.925030,45.727321],[82.926731,45.727279],[82.931038,45.725639],[82.933459,45.723860],[82.933773,45.723488],[82.935124,45.722350],[82.935433,45.721804],[82.935296,45.720584],[82.934179,45.719501],[82.934191,45.719333],[82.934690,45.718955],[82.935971,45.718389],[82.936270,45.718171],[82.936536,45.717844],[82.936851,45.717067],[82.937532,45.715958],[82.937802,45.713333],[82.938026,45.712686],[82.938312,45.712306],[82.939845,45.705081],[82.939731,45.704080],[82.939487,45.703139],[82.939125,45.702477],[82.937474,45.700551],[82.936575,45.699782],[82.935765,45.698876],[82.934322,45.696611],[82.934228,45.696174],[82.934300,45.695594],[82.934889,45.694779],[82.935794,45.693998],[82.936069,45.692922],[82.936395,45.692144],[82.936821,45.691737],[82.937966,45.691135],[82.938439,45.690669],[82.938788,45.690071],[82.939839,45.689406],[82.940324,45.688943],[82.941067,45.687903],[82.942662,45.686538],[82.943117,45.685934],[82.943560,45.685260],[82.944464,45.683025],[82.945531,45.680910],[82.946123,45.680234],[82.946747,45.679052],[82.949361,45.676229],[82.954940,45.671162],[82.957777,45.668923],[82.957173,45.668021],[82.957285,45.667689],[82.957779,45.667227],[82.958814,45.666726],[82.960442,45.666223],[82.960536,45.665738],[82.960309,45.665040],[82.960055,45.664583],[82.959575,45.662948],[82.958796,45.661552],[82.958539,45.660804],[82.958567,45.659849],[82.958318,45.657864],[82.957860,45.657079],[82.956621,45.655890],[82.955040,45.654551],[82.952601,45.653069],[82.951600,45.652322],[82.950973,45.651590],[82.949679,45.650452],[82.947917,45.649257],[82.945955,45.648044],[82.941899,45.647821],[82.939499,45.646785],[82.938069,45.646437],[82.936898,45.645498],[82.935816,45.644852],[82.934332,45.644205],[82.932432,45.644339],[82.931801,45.643990],[82.931117,45.644067],[82.928504,45.643912],[82.927677,45.643743],[82.926365,45.643148],[82.926889,45.641130],[82.926403,45.639886],[82.925508,45.638387],[82.924819,45.637525],[82.922460,45.635069],[82.921577,45.634341],[82.917923,45.631674],[82.917031,45.631077],[82.915811,45.630465],[82.915059,45.629885],[82.914518,45.627907],[82.913905,45.626650],[82.913008,45.625574],[82.911766,45.623780],[82.911074,45.622635],[82.910298,45.620981],[82.909153,45.619008],[82.908159,45.618022],[82.905195,45.615817],[82.904165,45.614890],[82.900418,45.611017],[82.898571,45.608884],[82.897553,45.607932],[82.896096,45.606164],[82.895843,45.605292],[82.895580,45.603735],[82.895455,45.601695],[82.895220,45.599919],[82.895156,45.597642],[82.895062,45.597327],[82.893242,45.595568],[82.892805,45.594933],[82.892516,45.594271],[82.892326,45.593453],[82.892434,45.592489],[82.892260,45.591867],[82.892697,45.591460],[82.893723,45.590840],[82.896671,45.589287],[82.897709,45.588771],[82.898922,45.588394],[82.900426,45.586210],[82.901851,45.584575],[82.903366,45.583264],[82.907122,45.580570],[82.908451,45.579423],[82.909195,45.578428],[82.909121,45.578101],[82.908792,45.577677],[82.908647,45.577224],[82.908528,45.572075],[82.908381,45.571583],[82.908069,45.571107],[82.907601,45.570711],[82.903527,45.569166],[82.901644,45.568068],[82.898953,45.566745],[82.896544,45.565068],[82.895455,45.563786],[82.894250,45.562102],[82.893219,45.560910],[82.892631,45.560491],[82.891897,45.560139],[82.890536,45.559304],[82.889908,45.558781],[82.889265,45.557817],[82.888976,45.557163],[82.883256,45.555105],[82.882578,45.554983],[82.880193,45.554809],[82.879573,45.554659],[82.879530,45.554515],[82.879850,45.553837],[82.880556,45.553119],[82.881152,45.552886],[82.882130,45.552701],[82.883022,45.552284],[82.884313,45.551011],[82.885130,45.550511],[82.886103,45.549679],[82.886545,45.549125],[82.886636,45.547800],[82.886890,45.547327],[82.888563,45.546539],[82.890273,45.545426],[82.890557,45.544832],[82.891783,45.543503],[82.892731,45.542895],[82.894219,45.542264],[82.895279,45.541450],[82.895318,45.540049],[82.895013,45.539350],[82.894678,45.539024],[82.893834,45.538414],[82.892716,45.537926],[82.892314,45.537640],[82.891386,45.536752],[82.890724,45.535918],[82.890409,45.535331],[82.888360,45.533675],[82.886275,45.531779],[82.883909,45.530019],[82.882225,45.528461],[82.877602,45.525686],[82.876133,45.524456],[82.875295,45.523996],[82.873283,45.522568],[82.871991,45.521765],[82.871254,45.521160],[82.870872,45.520703],[82.870618,45.520085],[82.870336,45.518112],[82.870208,45.517887],[82.869263,45.517383],[82.869128,45.517216],[82.869085,45.517035],[82.869685,45.516042],[82.869662,45.515620],[82.868872,45.513656],[82.868823,45.512864],[82.868489,45.512558],[82.867834,45.512289],[82.867717,45.512129],[82.867778,45.511289],[82.868716,45.509646],[82.868819,45.509390],[82.868789,45.509027],[82.868392,45.508774],[82.866641,45.508167],[82.865342,45.507462],[82.864776,45.507348],[82.863889,45.507527],[82.863206,45.507526],[82.861347,45.507176],[82.860700,45.506895],[82.860243,45.506473],[82.860180,45.506201],[82.860273,45.505139],[82.859996,45.504584],[82.858837,45.503850],[82.856969,45.503181],[82.855803,45.502591],[82.855219,45.502186],[82.854741,45.501699],[82.854173,45.500492],[82.852685,45.499628],[82.852064,45.499175],[82.850875,45.497976],[82.850537,45.497456],[82.849770,45.496972],[82.848077,45.496382],[82.847287,45.495667],[82.846544,45.495302],[82.846205,45.495284],[82.845621,45.495445],[82.844125,45.496025],[82.842892,45.495947],[82.842349,45.495704],[82.841964,45.495361],[82.841578,45.494463],[82.841416,45.494403],[82.840546,45.494532],[82.840112,45.494338],[82.839574,45.493431],[82.839116,45.493037],[82.837005,45.492246],[82.836566,45.492193],[82.834865,45.492774],[82.833213,45.492980],[82.832733,45.493554],[82.832383,45.493748],[82.830271,45.494603],[82.828457,45.495578],[82.826936,45.495944],[82.824864,45.496911],[82.823953,45.496864],[82.822945,45.496556],[82.822408,45.496515],[82.820223,45.496742],[82.817479,45.496791],[82.817082,45.496660],[82.816662,45.496353],[82.816286,45.496297],[82.812776,45.496636],[82.810223,45.497108],[82.808953,45.497151],[82.808631,45.497005],[82.807773,45.496966],[82.807062,45.496646],[82.805888,45.497062],[82.805002,45.497008],[82.804479,45.497354],[82.803905,45.497469],[82.802800,45.497495],[82.802413,45.497197],[82.802210,45.496918],[82.801991,45.496227],[82.801984,45.495169],[82.801852,45.494877],[82.801596,45.494623],[82.801010,45.494446],[82.801181,45.493581],[82.801124,45.493411],[82.800420,45.492692],[82.799751,45.492258],[82.799032,45.491992],[82.798761,45.491627],[82.797699,45.491935],[82.797344,45.491949],[82.797188,45.491873],[82.797082,45.491484],[82.796777,45.491266],[82.795626,45.490789],[82.795055,45.490683],[82.794086,45.490781],[82.793182,45.491130],[82.792736,45.491176],[82.792584,45.491111],[82.792333,45.490536],[82.791909,45.490385],[82.791286,45.490412],[82.790788,45.490080],[82.790458,45.490081],[82.789672,45.490324],[82.788440,45.490428],[82.788197,45.490378],[82.788020,45.490007],[82.788303,45.489438],[82.788324,45.488916],[82.787911,45.487151],[82.787058,45.486982],[82.786747,45.486711],[82.786312,45.486579],[82.785507,45.486669],[82.784820,45.487090],[82.784319,45.487086],[82.783386,45.486752],[82.783114,45.486565],[82.782777,45.485995],[82.782836,45.485850],[82.783336,45.485624],[82.783854,45.485818],[82.784367,45.485559],[82.784492,45.484408],[82.784762,45.483713],[82.784629,45.483554],[82.784014,45.483483],[82.782601,45.483641],[82.781546,45.483434],[82.779361,45.483376],[82.778917,45.483513],[82.778193,45.483914],[82.777541,45.483932],[82.777382,45.483742],[82.777378,45.483018],[82.776982,45.482529],[82.775715,45.482064],[82.773874,45.481644],[82.772418,45.480819],[82.771411,45.480127],[82.769946,45.480304],[82.769070,45.480036],[82.768594,45.479983],[82.768280,45.480169],[82.767656,45.480997],[82.767372,45.481004],[82.766728,45.480672],[82.766307,45.480185],[82.765973,45.479990],[82.763831,45.479263],[82.762528,45.478560],[82.761118,45.478465],[82.760447,45.477862],[82.760123,45.477725],[82.759131,45.477497],[82.757814,45.477036],[82.757419,45.477061],[82.757132,45.477367],[82.756117,45.477173],[82.756046,45.477004],[82.756124,45.476404],[82.753465,45.475536],[82.753034,45.475135],[82.752224,45.475040],[82.751154,45.474732],[82.750183,45.473955],[82.748129,45.473752],[82.746980,45.473419],[82.746523,45.473102],[82.744983,45.472963],[82.742089,45.471987],[82.741236,45.471840],[82.740961,45.471852],[82.740224,45.472159],[82.738766,45.472064],[82.737719,45.470677],[82.737204,45.470443],[82.733964,45.470249],[82.731905,45.470527],[82.730520,45.470940],[82.729370,45.471076],[82.726840,45.470958],[82.726584,45.470843],[82.723368,45.470466],[82.721467,45.470893],[82.721241,45.470809],[82.721034,45.470439],[82.721095,45.469923],[82.720840,45.469727],[82.720477,45.469736],[82.719952,45.469950],[82.719385,45.469949],[82.718700,45.469575],[82.717473,45.469542],[82.715268,45.469128],[82.714238,45.469088],[82.711854,45.469322],[82.709191,45.468962],[82.707976,45.469147],[82.705698,45.470002],[82.705218,45.470085],[82.704961,45.470028],[82.704013,45.469534],[82.703640,45.469464],[82.703008,45.469790],[82.701396,45.469919],[82.698644,45.470802],[82.695294,45.471080],[82.692632,45.471878],[82.690880,45.471631],[82.688203,45.471505],[82.686925,45.471144],[82.683738,45.471223],[82.681944,45.471035],[82.680426,45.470462],[82.679340,45.470188],[82.678319,45.469688],[82.677002,45.468827],[82.676105,45.467908],[82.675257,45.467415],[82.674677,45.467229],[82.672153,45.466785],[82.669987,45.466573],[82.666868,45.467248],[82.665181,45.466651],[82.663932,45.466496],[82.662523,45.466176],[82.661403,45.466402],[82.660266,45.466428],[82.658934,45.466264],[82.658427,45.466107],[82.657226,45.466242],[82.656648,45.466557],[82.656104,45.466649],[82.654734,45.466596],[82.653540,45.466691],[82.652063,45.466541],[82.651516,45.466614],[82.648678,45.466555],[82.642904,45.465377],[82.641703,45.465277],[82.640999,45.464900],[82.640040,45.464166],[82.639179,45.463858],[82.638408,45.463210],[82.637063,45.462702],[82.634632,45.461229],[82.633909,45.461044],[82.633329,45.460591],[82.632712,45.460400],[82.631751,45.459925],[82.630682,45.459743],[82.629191,45.458663],[82.626533,45.457211],[82.625685,45.456127],[82.624890,45.455617],[82.624179,45.455401],[82.620705,45.454773],[82.616944,45.453950],[82.615903,45.453827],[82.611714,45.450878],[82.609303,45.449433],[82.601330,45.445375],[82.598541,45.443747],[82.596031,45.440959],[82.595402,45.440003],[82.595284,45.436668],[82.594673,45.434362],[82.593918,45.433059],[82.588320,45.427057],[82.583350,45.420786],[82.577763,45.414642],[82.571758,45.409685],[82.571224,45.409132],[82.570358,45.408100],[82.568793,45.405473],[82.567602,45.403688],[82.566439,45.402257],[82.564667,45.399534],[82.547201,45.425238],[82.546751,45.425873],[82.448000,45.461357],[82.282035,45.538896],[82.282001,45.542305],[82.281879,45.554502],[82.266753,45.620153],[82.279587,45.639378],[82.285828,45.647273],[82.288558,45.655417],[82.289116,45.697476],[82.290090,45.716443],[82.295760,45.727134],[82.304093,45.735586],[82.340270,45.772534],[82.341810,45.780416],[82.345162,45.807422],[82.348034,45.813541],[82.349618,45.823002],[82.348026,45.846302],[82.345354,45.853695],[82.338749,45.863956],[82.335869,45.873708],[82.336043,45.882221],[82.344059,45.894471],[82.344825,45.905540],[82.345391,45.912466],[82.344294,45.923853],[82.342676,45.935121],[82.346131,45.943740],[82.357208,45.951213],[82.389528,45.965692],[82.401289,45.972227],[82.423466,45.971006],[82.435612,45.968940],[82.443460,45.973154],[82.461516,45.979995],[82.462284,45.982343],[82.481993,46.042635],[82.506105,46.116424],[82.518326,46.153824],[82.556353,46.213276],[82.578351,46.247641],[82.608739,46.295069],[82.614903,46.305502],[82.726772,46.494703],[82.727356,46.494621],[82.728189,46.494906],[82.730466,46.494747],[82.732720,46.493303],[82.733547,46.492580],[82.735196,46.492431],[82.736029,46.492859],[82.737275,46.492994],[82.739345,46.492838],[82.742431,46.491245],[82.744080,46.490951],[82.745325,46.491085],[82.746157,46.491505],[82.748020,46.491639],[82.749860,46.490199],[82.751493,46.488609],[82.752287,46.485888],[82.752898,46.485312],[82.756408,46.485008],[82.758057,46.484135],[82.759064,46.482699],[82.759888,46.482263],[82.761132,46.482397],[82.762170,46.482957],[82.763001,46.482952],[82.767303,46.480203],[82.770590,46.479035],[82.776331,46.476135],[82.777367,46.475983],[82.780653,46.474670],[82.781903,46.475657],[82.782726,46.475652],[82.783549,46.475216],[82.784989,46.474922],[82.787276,46.476188],[82.788518,46.476185],[82.789332,46.475604],[82.790553,46.474018],[82.792403,46.473861],[82.794475,46.474420],[82.798185,46.473960],[82.798604,46.474241],[82.800461,46.474371],[82.801482,46.473787],[82.809340,46.472344],[82.810666,46.472315],[82.812799,46.473120],[82.814678,46.473241],[82.815764,46.473479],[82.816750,46.473942],[82.817397,46.475937],[82.818021,46.476367],[82.823571,46.475171],[82.825641,46.475584],[82.829165,46.476690],[82.829789,46.477120],[82.830612,46.477105],[82.836161,46.476061],[82.838231,46.476609],[82.838657,46.476583],[82.840911,46.476444],[82.843195,46.477429],[82.844451,46.478414],[82.845296,46.479982],[82.845920,46.480259],[82.849217,46.480236],[82.850245,46.479938],[82.852308,46.479919],[82.855194,46.480039],[82.856222,46.479310],[82.857250,46.479300],[82.858918,46.480432],[82.861804,46.480264],[82.863069,46.481825],[82.863891,46.481819],[82.864920,46.481665],[82.865735,46.481085],[82.866344,46.480228],[82.868393,46.479489],[82.871083,46.479470],[82.875007,46.479859],[82.877278,46.479838],[82.885327,46.479491],[82.887593,46.479038],[82.888829,46.478603],[82.891101,46.478870],[82.899989,46.478792],[82.903064,46.477193],[82.903518,46.477111],[82.905537,46.476747],[82.907804,46.476449],[82.910691,46.475853],[82.912950,46.474691],[82.915425,46.474381],[82.917091,46.475092],[82.920827,46.475778],[82.930144,46.475712],[82.932629,46.475412],[82.935099,46.474681],[82.941104,46.474500],[82.944529,46.473400],[82.945229,46.473176],[82.946499,46.471511],[82.948703,46.470011],[82.950564,46.469714],[82.950763,46.469422],[82.953442,46.468690],[82.958212,46.468232],[82.960709,46.468790],[82.962172,46.469497],[82.963819,46.468771],[82.966929,46.468474],[82.969005,46.468884],[82.971097,46.469879],[82.977572,46.469778],[82.994725,46.469511],[82.995581,46.469498],[83.008413,46.469298],[83.022075,46.469922],[83.025230,46.470560],[83.028070,46.471929],[83.031222,46.476548],[83.034387,46.479541],[83.039820,46.481367],[83.040860,46.481504],[83.043580,46.482623],[83.045863,46.482758],[83.048765,46.482731],[83.050197,46.481584],[83.052057,46.481285],[83.057018,46.480244],[83.063224,46.479910],[83.065520,46.480467],[83.067800,46.480457],[83.069038,46.480158],[83.071716,46.479275],[83.072541,46.479271],[83.074835,46.479970],[83.079590,46.479791],[83.081241,46.479339],[83.081440,46.479057],[83.081853,46.478905],[83.083274,46.477613],[83.083870,46.476317],[83.083649,46.475457],[83.083611,46.473316],[83.084223,46.472882],[83.088142,46.472130],[83.089172,46.472265],[83.089593,46.472690],[83.094695,46.465409],[83.114951,46.461389],[83.134177,46.462099],[83.140014,46.467774],[83.134864,46.472976],[83.131613,46.475851],[83.132466,46.477274],[83.132512,46.479567],[83.132725,46.479985],[83.136229,46.479808],[83.137692,46.480651],[83.138537,46.481642],[83.140191,46.481771],[83.140609,46.482050],[83.140617,46.482617],[83.141250,46.483189],[83.142499,46.483461],[83.143961,46.484448],[83.146238,46.484986],[83.150860,46.488797],[83.151081,46.489800],[83.150471,46.490235],[83.149246,46.490539],[83.148629,46.490975],[83.148644,46.491685],[83.149276,46.492257],[83.149291,46.492823],[83.148682,46.493547],[83.149977,46.496111],[83.150213,46.497681],[83.150015,46.497973],[83.151058,46.498527],[83.151064,46.498959],[83.150662,46.499246],[83.150259,46.499830],[83.150691,46.500964],[83.151942,46.501523],[83.152992,46.502374],[83.153213,46.502937],[83.153838,46.503365],[83.154872,46.503353],[83.155892,46.502909],[83.157978,46.504026],[83.161694,46.504129],[83.162112,46.504265],[83.162339,46.505412],[83.163177,46.505826],[83.162995,46.507116],[83.163627,46.507688],[83.165072,46.507811],[83.165263,46.506952],[83.166077,46.506657],[83.167738,46.507063],[83.168568,46.506812],[83.169143,46.506164],[83.171572,46.503905],[83.174057,46.501433],[83.174544,46.500206],[83.176871,46.496576],[83.178227,46.494576],[83.179671,46.492447],[83.181073,46.490153],[83.188123,46.479496],[83.188741,46.478814],[83.201816,46.466788],[83.207102,46.463560],[83.215361,46.458516],[83.232921,46.448025],[83.238018,46.444846],[83.252872,46.435906],[83.258389,46.433241],[83.271828,46.426588],[83.277616,46.423847],[83.294191,46.415651],[83.300249,46.412810],[83.319624,46.405885],[83.322771,46.404876],[83.324503,46.404583],[83.325642,46.404280],[83.328134,46.403875],[83.330955,46.403255],[83.331858,46.403159],[83.332565,46.402919],[83.339896,46.401442],[83.341289,46.401278],[83.344955,46.400642],[83.348725,46.400686],[83.350272,46.400795],[83.351360,46.401140],[83.352438,46.401614],[83.384157,46.417532],[83.385232,46.417925],[83.386713,46.418178],[83.392541,46.418370],[83.398325,46.418218],[83.401517,46.417802],[83.403073,46.417463],[83.405501,46.416450],[83.407209,46.415520],[83.409026,46.414546],[83.412041,46.414176],[83.413714,46.413560],[83.414815,46.413589],[83.416038,46.414116],[83.417507,46.413989],[83.418688,46.414136],[83.419473,46.414093],[83.422416,46.413407],[83.422966,46.413135],[83.423681,46.412622],[83.425374,46.412230],[83.426862,46.411713],[83.427478,46.411232],[83.427827,46.410666],[83.428784,46.408582],[83.429551,46.407570],[83.431089,46.406502],[83.431419,46.406357],[83.432705,46.406077],[83.433721,46.405354],[83.434128,46.405241],[83.436182,46.404848],[83.438317,46.404882],[83.438513,46.404782],[83.438725,46.404501],[83.439237,46.404229],[83.440875,46.403917],[83.440241,46.396814],[83.449135,46.392227],[83.459557,46.388229],[83.457459,46.364548],[83.456681,46.356814],[83.454100,46.343681],[83.453889,46.343114],[83.453579,46.341172],[83.453166,46.340735],[83.445960,46.334812],[83.444793,46.333975],[83.441395,46.331238],[83.428461,46.320373],[83.410830,46.305558],[83.391020,46.289056],[83.385385,46.284361],[83.357212,46.260633],[83.354333,46.258207],[83.352032,46.256357],[83.351610,46.255031],[83.350714,46.251108],[83.345347,46.247394],[83.344409,46.245834],[83.343953,46.245339],[83.338929,46.242032],[83.328832,46.235635],[83.332786,46.228811],[83.335586,46.224252],[83.335137,46.223815],[83.332351,46.221622],[83.331321,46.220900],[83.328550,46.221753],[83.323748,46.221012],[83.322678,46.219985],[83.322526,46.219742],[83.320654,46.218408],[83.320186,46.217987],[83.319706,46.217769],[83.318795,46.217111],[83.317189,46.215157],[83.316686,46.214353],[83.316192,46.213311],[83.315399,46.212113],[83.314429,46.211310],[83.313777,46.210517],[83.313572,46.208906],[83.313187,46.208096],[83.312045,46.206906],[83.311110,46.206171],[83.310916,46.205811],[83.310843,46.205455],[83.310999,46.204628],[83.310888,46.204315],[83.311473,46.202498],[83.311329,46.201866],[83.310789,46.201169],[83.310530,46.200199],[83.310336,46.199842],[83.309838,46.199396],[83.309516,46.198432],[83.308693,46.197262],[83.308299,46.196408],[83.307748,46.195514],[83.307048,46.193950],[83.306225,46.193071],[83.306056,46.192740],[83.305554,46.192140],[83.305238,46.191444],[83.304946,46.191148],[83.303841,46.190821],[83.302932,46.190202],[83.300837,46.188388],[83.300563,46.187993],[83.300405,46.187297],[83.299943,46.186872],[83.299261,46.185713],[83.298385,46.184656],[83.297911,46.183786],[83.297498,46.183462],[83.297040,46.182909],[83.296681,46.182135],[83.295769,46.181364],[83.294588,46.180694],[83.293333,46.180154],[83.292494,46.179953],[83.291242,46.179284],[83.290213,46.178531],[83.288924,46.177408],[83.287712,46.175664],[83.286058,46.174492],[83.285256,46.174060],[83.282689,46.173009],[83.281402,46.172880],[83.280969,46.172578],[83.280511,46.172221],[83.279775,46.171266],[83.279435,46.170654],[83.278309,46.169465],[83.277934,46.169180],[83.277602,46.168717],[83.276517,46.167995],[83.276498,46.167865],[83.276206,46.167556],[83.275160,46.166729],[83.274050,46.166334],[83.273252,46.165477],[83.272823,46.164769],[83.271883,46.163914],[83.270280,46.162080],[83.269320,46.161512],[83.269146,46.161026],[83.269231,46.160723],[83.270075,46.159345],[83.270391,46.158419],[83.270508,46.157569],[83.270913,46.157171],[83.271613,46.156736],[83.272311,46.155808],[83.272716,46.154715],[83.273019,46.153570],[83.273278,46.151277],[83.274023,46.150275],[83.274665,46.147891],[83.275600,46.147215],[83.275854,46.146704],[83.276450,46.146105],[83.277460,46.145315],[83.278134,46.144616],[83.278792,46.143464],[83.279076,46.143228],[83.279431,46.142712],[83.279998,46.141433],[83.280221,46.141121],[83.280894,46.137581],[83.281209,46.135921],[83.281166,46.135298],[83.280655,46.134070],[83.280151,46.133200],[83.279854,46.132884],[83.278386,46.131847],[83.277505,46.131354],[83.274634,46.127760],[83.273894,46.126697],[83.273603,46.126434],[83.272735,46.126149],[83.272298,46.125750],[83.271976,46.125168],[83.271612,46.123432],[83.271651,46.122120],[83.271443,46.121580],[83.270958,46.120961],[83.270304,46.119444],[83.270078,46.118135],[83.269912,46.117804],[83.269669,46.117636],[83.267637,46.117735],[83.267255,46.117690],[83.267072,46.117509],[83.266820,46.117123],[83.266797,46.116104],[83.266512,46.115521],[83.265473,46.114465],[83.265294,46.113713],[83.265624,46.112661],[83.265567,46.111831],[83.265259,46.110926],[83.264185,46.109181],[83.261879,46.106836],[83.261460,46.106143],[83.261282,46.104607],[83.261351,46.104021],[83.262000,46.101593],[83.262062,46.099631],[83.262376,46.097767],[83.262394,46.096813],[83.262602,46.095283],[83.262580,46.094527],[83.262895,46.092158],[83.262893,46.091040],[83.263082,46.089922],[83.262898,46.088556],[83.263123,46.087461],[83.263059,46.086736],[83.263127,46.086150],[83.262995,46.085418],[83.262629,46.084418],[83.262310,46.083073],[83.262299,46.082120],[83.262770,46.080719],[83.263790,46.079062],[83.264526,46.076825],[83.264580,46.076375],[83.264110,46.075211],[83.263961,46.073301],[83.262959,46.071430],[83.262871,46.070362],[83.263022,46.068097],[83.262824,46.067259],[83.262852,46.066199],[83.263060,46.065015],[83.264067,46.062997],[83.264816,46.061819],[83.264898,46.061233],[83.264746,46.060662],[83.264435,46.059994],[83.264330,46.058505],[83.264437,46.056237],[83.264621,46.055020],[83.264881,46.054214],[83.264922,46.053490],[83.264808,46.052106],[83.264612,46.051100],[83.264874,46.049728],[83.265128,46.049105],[83.265559,46.046764],[83.265489,46.045892],[83.265012,46.044613],[83.264991,46.044095],[83.265340,46.043378],[83.265477,46.042707],[83.265362,46.041635],[83.264946,46.039797],[83.264696,46.039102],[83.263336,46.037332],[83.262894,46.036915],[83.262531,46.036358],[83.262583,46.035594],[83.262751,46.035378],[83.263989,46.034695],[83.264219,46.034217],[83.264376,46.033189],[83.264302,46.032566],[83.264371,46.031803],[83.264705,46.030989],[83.265071,46.029647],[83.264550,46.027180],[83.264396,46.025304],[83.264011,46.023540],[83.264150,46.022604],[83.263951,46.021744],[83.262502,46.019854],[83.261858,46.018574],[83.261399,46.018083],[83.260149,46.016070],[83.259131,46.014925],[83.258340,46.013791],[83.257335,46.012617],[83.256725,46.011576],[83.255663,46.009364],[83.255239,46.008948],[83.254181,46.007413],[83.253370,46.006484],[83.252353,46.005934],[83.252068,46.005564],[83.251840,46.004737],[83.251208,46.003878],[83.250565,46.003395],[83.248937,46.002641],[83.248779,46.002135],[83.249058,46.001809],[83.249075,46.000810],[83.249277,46.000251],[83.249606,45.999722],[83.249543,45.999410],[83.249260,45.999206],[83.247477,45.998388],[83.246210,45.997978],[83.245442,45.997523],[83.245305,45.997230],[83.245467,45.996895],[83.245477,45.996530],[83.245292,45.996289],[83.245320,45.995749],[83.246118,45.995071],[83.246229,45.994738],[83.246228,45.993467],[83.245850,45.992168],[83.245648,45.990866],[83.245203,45.990369],[83.245085,45.989936],[83.245194,45.989534],[83.246106,45.988178],[83.246073,45.987940],[83.244852,45.987906],[83.243515,45.987703],[83.242368,45.987107],[83.240691,45.985947],[83.239665,45.985503],[83.238582,45.985269],[83.237783,45.984712],[83.235684,45.982821],[83.234786,45.981430],[83.234619,45.981012],[83.233366,45.980124],[83.231195,45.976889],[83.231052,45.976526],[83.229017,45.974590],[83.228694,45.974107],[83.228734,45.973033],[83.228134,45.971809],[83.227400,45.970658],[83.227103,45.970571],[83.226513,45.970871],[83.224783,45.971394],[83.223494,45.971451],[83.222530,45.971608],[83.222989,45.970851],[83.223809,45.970025],[83.223931,45.969793],[83.223876,45.969504],[83.223538,45.969267],[83.222871,45.968991],[83.222633,45.968507],[83.222571,45.968050],[83.222679,45.967483],[83.223281,45.966661],[83.223313,45.966422],[83.222571,45.966023],[83.222031,45.964786],[83.221639,45.964351],[83.220453,45.963550],[83.219937,45.963621],[83.218228,45.964522],[83.216974,45.964890],[83.215592,45.964959],[83.214462,45.964821],[83.213253,45.964162],[83.211594,45.963028],[83.210564,45.962506],[83.210013,45.962437],[83.209556,45.962527],[83.209197,45.962937],[83.209137,45.963724],[83.208568,45.962983],[83.208843,45.962419],[83.209310,45.962007],[83.209386,45.961109],[83.208356,45.959041],[83.206461,45.957185],[83.204739,45.957470],[83.203689,45.957340],[83.202883,45.956837],[83.202400,45.956252],[83.201039,45.954982],[83.200130,45.953566],[83.199445,45.952817],[83.196284,45.950791],[83.193944,45.949634],[83.191665,45.948918],[83.190387,45.948639],[83.189010,45.948607],[83.187660,45.948742],[83.186538,45.949087],[83.184590,45.950105],[83.184102,45.950481],[83.183725,45.951451],[83.183302,45.951811],[83.181311,45.952846],[83.180748,45.953461],[83.178922,45.952255],[83.176954,45.951269],[83.171145,45.948954],[83.167703,45.948675],[83.167160,45.948532],[83.166863,45.948326],[83.166612,45.947885],[83.166476,45.945935],[83.167417,45.940770],[83.167800,45.939876],[83.168110,45.937885],[83.168054,45.937339],[83.166762,45.936253],[83.165235,45.935565],[83.163506,45.935342],[83.163034,45.934961],[83.162954,45.934379],[83.163005,45.933507],[83.163832,45.930934],[83.163881,45.930370],[83.164106,45.929618],[83.164173,45.928614],[83.164051,45.927853],[83.164045,45.926766],[83.164496,45.924353],[83.164401,45.923371],[83.164210,45.922999],[83.162046,45.922986],[83.159364,45.923149],[83.158755,45.923331],[83.158266,45.923652],[83.157122,45.924097],[83.156196,45.924263],[83.153706,45.924265],[83.152929,45.924444],[83.151875,45.924930],[83.149915,45.925573],[83.147827,45.926788],[83.147287,45.926913],[83.146070,45.926879],[83.145110,45.926622],[83.142673,45.925622],[83.140951,45.924566],[83.140439,45.924470],[83.137964,45.924619],[83.137624,45.924583],[83.137384,45.924434],[83.137355,45.924207],[83.137464,45.924091],[83.137981,45.923917],[83.138704,45.923235],[83.139753,45.921405],[83.140722,45.919965],[83.142565,45.918015],[83.143643,45.916421],[83.143699,45.916029],[83.143424,45.915164],[83.143270,45.913313],[83.143353,45.912733],[83.144042,45.910415],[83.144268,45.908980],[83.144242,45.907938],[83.144060,45.907130],[83.144490,45.905802],[83.145537,45.903981],[83.145697,45.903470],[83.145837,45.902115],[83.146026,45.901544],[83.146455,45.901057],[83.146936,45.900726],[83.148212,45.899454],[83.149004,45.897912],[83.149152,45.897397],[83.149681,45.896466],[83.150572,45.895736],[83.152173,45.894950],[83.149225,45.893104],[83.147178,45.891543],[83.145842,45.890287],[83.145282,45.889932],[83.142782,45.889082],[83.140248,45.887939],[83.137381,45.886975],[83.134960,45.886273],[83.134505,45.886046],[83.134095,45.885657],[83.133140,45.884396],[83.132873,45.883848],[83.132709,45.882907],[83.132383,45.882314],[83.131583,45.881410],[83.131473,45.880720],[83.131276,45.880170],[83.130228,45.878554],[83.128756,45.874800],[83.127087,45.868870],[83.127068,45.868264],[83.126318,45.867518],[83.125983,45.867423],[83.124589,45.866417],[83.124019,45.866126],[83.123754,45.865835],[83.122688,45.864033],[83.122639,45.863675],[83.122715,45.863336],[83.123081,45.862856],[83.123960,45.862132],[83.124164,45.861848],[83.124230,45.861553],[83.124077,45.860921],[83.123605,45.860284],[83.122371,45.859413],[83.121838,45.853619],[83.121739,45.851587],[83.121524,45.849968],[83.121461,45.848317],[83.121742,45.847736],[83.121707,45.847445],[83.121477,45.847145],[83.120748,45.846702],[83.119597,45.845334],[83.118873,45.844823],[83.117387,45.844264],[83.115162,45.843950],[83.112885,45.843212],[83.111605,45.842658],[83.109969,45.841523],[83.108448,45.840063],[83.107918,45.839325],[83.108072,45.838728],[83.107995,45.838339],[83.108177,45.837561],[83.108365,45.837256],[83.108942,45.836698],[83.109938,45.836383],[83.110229,45.836028],[83.110661,45.834799],[83.110996,45.834299],[83.111171,45.833137],[83.110979,45.832359],[83.110764,45.831932],[83.110824,45.830024],[83.110462,45.826952],[83.109829,45.826295],[83.109400,45.826263],[83.109171,45.826135],[83.107185,45.823826],[83.105647,45.823260],[83.104279,45.822237],[83.101695,45.821417],[83.099344,45.821232],[83.098076,45.820710],[83.096380,45.819666],[83.095628,45.818897],[83.095362,45.818274],[83.093937,45.816544],[83.093242,45.816243],[83.092033,45.815467],[83.090218,45.814544],[83.089378,45.814608],[83.088207,45.814475],[83.083621,45.812957],[83.082942,45.812848],[83.082042,45.812845],[83.080931,45.813060],[83.078789,45.813668],[83.078324,45.813963],[83.076534,45.815791],[83.075745,45.816196],[83.075016,45.816405],[83.073724,45.816557],[83.073168,45.816704],[83.072865,45.816962],[83.072756,45.817256],[83.073567,45.820956],[83.073441,45.821361],[83.072983,45.822060],[83.071986,45.822560],[83.070113,45.822770],[83.069524,45.822887],[83.069176,45.823104],[83.068913,45.823523],[83.068779,45.824658],[83.069257,45.825395],[83.069235,45.825600],[83.069004,45.825973],[83.068173,45.826902],[83.067391,45.828218],[83.065704,45.830601],[83.064177,45.832311],[83.062639,45.833736],[83.062312,45.833995],[83.061863,45.834159],[83.060994,45.834916],[83.060559,45.836144],[83.060266,45.836476],[83.057803,45.837687],[83.056671,45.838714],[83.056505,45.838994],[83.056332,45.839822],[83.052978,45.838896],[83.052217,45.838594],[83.051293,45.838644],[83.049628,45.838931],[83.048753,45.838962],[83.047821,45.838785],[83.047436,45.838512],[83.046157,45.836390],[83.045871,45.836081],[83.044312,45.835199],[83.044050,45.834698],[83.042986,45.834688],[83.041245,45.834361],[83.039752,45.834312],[83.038476,45.834476],[83.038008,45.834733],[83.036586,45.835106],[83.035164,45.834990],[83.032931,45.835230],[83.031460,45.835025],[83.030266,45.834519],[83.029361,45.834356],[83.026749,45.834154],[83.024427,45.833660],[83.021318,45.832487],[83.019631,45.832030],[83.018803,45.832568],[83.018302,45.833015],[83.017558,45.834056],[83.016828,45.834892],[83.016265,45.836141],[83.016206,45.836618],[83.016408,45.837307],[83.016536,45.837656],[83.017201,45.838714],[83.017361,45.839154],[83.017881,45.839867],[83.019468,45.841338],[83.020199,45.842612],[83.021788,45.844102],[83.023304,45.845776],[83.023541,45.846212],[83.023500,45.846628],[83.023076,45.847650],[83.022900,45.848626],[83.023107,45.849439],[83.023363,45.849958],[83.024459,45.851092],[83.026115,45.852292],[83.027248,45.853327],[83.027768,45.854029],[83.028801,45.854759],[83.029683,45.855552],[83.029859,45.855891],[83.029500,45.856939],[83.029553,45.857670],[83.029425,45.858764],[83.029583,45.859202],[83.029852,45.859554],[83.030891,45.860019],[83.031596,45.860814],[83.031568,45.861270],[83.030607,45.862155],[83.030498,45.862458],[83.030332,45.864576],[83.030423,45.865464],[83.030745,45.866687],[83.031525,45.868157],[83.031893,45.870052],[83.033030,45.871202],[83.034551,45.873870],[83.034627,45.874758],[83.034424,45.874800],[83.033291,45.874387],[83.031963,45.873740],[83.031064,45.873486],[83.029459,45.873347],[83.027445,45.873327],[83.025608,45.873671],[83.024800,45.873683],[83.023267,45.873374],[83.022745,45.873169],[83.021721,45.873120],[83.019479,45.873266],[83.017574,45.873556],[83.015993,45.873668],[83.008590,45.875476],[83.007308,45.875892],[83.005766,45.876071],[83.002758,45.876160],[83.000462,45.877054],[82.999473,45.877272],[82.995203,45.877616],[82.991064,45.877711],[82.990218,45.877908],[82.989343,45.878311],[82.988699,45.878827],[82.987415,45.879074],[82.985426,45.879151],[82.983193,45.878979],[82.982172,45.879453],[82.979403,45.880104],[82.977853,45.880304],[82.974397,45.879924],[82.972634,45.879965],[82.969950,45.879881],[82.968338,45.880329],[82.966509,45.880500],[82.965846,45.880648],[82.965413,45.880891],[82.964930,45.881241],[82.964383,45.881909],[82.963757,45.882473],[82.963047,45.882888],[82.961852,45.883133],[82.959482,45.883005],[82.958912,45.883167],[82.958513,45.883392],[82.957633,45.884214],[82.956751,45.884535],[82.955342,45.884709],[82.953399,45.884625],[82.952829,45.884405]]	塔城地区	[[84.943604,46.861920],[84.955088,46.861090],[84.959888,46.864154],[84.962755,46.870843],[84.964733,46.874925],[84.968315,46.876541],[84.975769,46.879770],[84.980024,46.883104],[84.979771,46.885222],[84.979327,46.888808],[84.979240,46.890244],[84.979013,46.893840],[84.979127,46.897127],[84.979249,46.900727],[84.979493,46.902886],[84.979895,46.906478],[84.981787,46.909484],[84.983863,46.912803],[84.985153,46.914861],[84.987220,46.918185],[84.989924,46.920416],[84.993290,46.923196],[84.995523,46.924289],[84.999823,46.926386],[85.002606,46.926924],[85.007690,46.927899],[85.012775,46.928879],[85.017938,46.928820],[85.023205,46.928761],[85.027670,46.928904],[85.032935,46.929071],[85.038174,46.928672],[85.043411,46.928263],[85.047542,46.928290],[85.052812,46.928328],[85.054684,46.928970],[85.059386,46.930603],[85.064114,46.931992],[85.068953,46.933415],[85.071850,46.934474],[85.076487,46.936169],[85.078183,46.937278],[85.081983,46.939774],[85.082470,46.940626],[85.084400,46.943975],[85.084505,46.944227],[85.085904,46.947694],[85.087313,46.951164],[85.088660,46.954018],[85.090277,46.957445],[85.090955,46.958179],[85.093761,46.961229],[85.096568,46.964278],[85.099330,46.966233],[85.102986,46.968816],[85.107240,46.971022],[85.111432,46.973187],[85.115189,46.974879],[85.119579,46.976856],[85.120724,46.977411],[85.125000,46.979496],[85.129283,46.981580],[85.133557,46.983664],[85.134433,46.984054],[85.138810,46.986041],[85.143186,46.988024],[85.147552,46.990006],[85.151070,46.991303],[85.155695,46.993002],[85.160312,46.994701],[85.160528,46.994752],[85.165516,46.995863],[85.170496,46.996975],[85.175484,46.998090],[85.175908,47.001528],[85.178792,47.005305],[85.187167,47.007617],[85.191523,47.013016],[85.194442,47.016263],[85.195837,47.018949],[85.198652,47.024311],[85.204543,47.029752],[85.209638,47.035697],[85.213997,47.041098],[85.219978,47.044951],[85.231745,47.052265],[85.238642,47.056321],[85.253666,47.054741],[85.260536,47.054404],[85.268982,47.056206],[85.273223,47.062353],[85.275814,47.066962],[85.276431,47.068921],[85.281414,47.069048],[85.285684,47.069157],[85.291091,47.066624],[85.303197,47.060961],[85.307183,47.058045],[85.317950,47.050152],[85.319769,47.048936],[85.326159,47.044896],[85.331313,47.045727],[85.335493,47.047133],[85.342466,47.049817],[85.350841,47.053054],[85.355715,47.054443],[85.358274,47.054608],[85.363529,47.054942],[85.368775,47.055275],[85.371907,47.055279],[85.380655,47.053070],[85.386349,47.053206],[85.396993,47.053946],[85.407560,47.056136],[85.418025,47.060267],[85.426489,47.061424],[85.441124,47.063369],[85.441358,47.063359],[85.446614,47.063151],[85.451851,47.062946],[85.459233,47.062431],[85.466076,47.062071],[85.471308,47.061798],[85.473833,47.061157],[85.478753,47.059906],[85.484864,47.057987],[85.493041,47.057477],[85.498269,47.057148],[85.501044,47.057366],[85.511025,47.057779],[85.516262,47.057781],[85.520739,47.057563],[85.525969,47.057314],[85.526592,47.057543],[85.533733,47.056764],[85.540106,47.057403],[85.540125,47.057292],[85.540002,47.054952],[85.539812,47.053924],[85.539029,47.052259],[85.538451,47.051660],[85.536992,47.050600],[85.536414,47.050406],[85.536030,47.050412],[85.537402,47.049970],[85.539589,47.049792],[85.540427,47.049865],[85.541432,47.050524],[85.543508,47.052182],[85.544245,47.052599],[85.546251,47.053499],[85.547345,47.053711],[85.548852,47.054456],[85.549448,47.054440],[85.551063,47.054017],[85.551711,47.053773],[85.552937,47.053051],[85.553816,47.052747],[85.554298,47.052437],[85.555265,47.051163],[85.555561,47.050946],[85.555992,47.050825],[85.557375,47.051092],[85.558582,47.051094],[85.559570,47.051294],[85.560289,47.051249],[85.561324,47.051428],[85.562667,47.051496],[85.564319,47.051414],[85.566364,47.050976],[85.568588,47.050130],[85.569342,47.049950],[85.569718,47.050195],[85.571541,47.052339],[85.572000,47.053465],[85.572930,47.055279],[85.573554,47.055967],[85.574990,47.057163],[85.576172,47.057575],[85.577118,47.058256],[85.578601,47.058860],[85.578923,47.059388],[85.579453,47.059615],[85.580351,47.059798],[85.581664,47.059887],[85.583424,47.059907],[85.584513,47.059794],[85.585425,47.060046],[85.586332,47.060497],[85.587869,47.060242],[85.588548,47.060004],[85.589437,47.059428],[85.592461,47.059181],[85.597105,47.059001],[85.600010,47.058638],[85.600643,47.058489],[85.603314,47.058312],[85.604990,47.058066],[85.606906,47.057513],[85.608303,47.056818],[85.608813,47.056667],[85.611105,47.056381],[85.611355,47.056217],[85.611657,47.055807],[85.612050,47.054847],[85.612625,47.054550],[85.613868,47.054503],[85.614295,47.054603],[85.615414,47.055204],[85.616538,47.056183],[85.617324,47.056655],[85.618206,47.056938],[85.619094,47.056981],[85.620539,47.056858],[85.622024,47.056385],[85.622879,47.055956],[85.623052,47.055790],[85.623314,47.055154],[85.623519,47.054937],[85.623802,47.054699],[85.624841,47.054282],[85.625277,47.054006],[85.626002,47.053287],[85.627134,47.052819],[85.629051,47.052289],[85.630330,47.051478],[85.631254,47.051343],[85.631621,47.051411],[85.632135,47.051711],[85.633726,47.053074],[85.635417,47.053584],[85.637042,47.054245],[85.637587,47.054567],[85.637868,47.054969],[85.639321,47.055795],[85.639981,47.056391],[85.640344,47.056590],[85.640787,47.056690],[85.642203,47.056552],[85.643737,47.055996],[85.644593,47.055556],[85.645275,47.055324],[85.645907,47.055228],[85.646844,47.055219],[85.647989,47.055497],[85.649155,47.055534],[85.650678,47.055423],[85.651856,47.055597],[85.652486,47.055595],[85.652933,47.055537],[85.654512,47.055066],[85.657039,47.054738],[85.657348,47.054669],[85.657743,47.054244],[85.657829,47.053868],[85.658089,47.053327],[85.658405,47.052985],[85.658555,47.052515],[85.659917,47.052052],[85.661754,47.051742],[85.663813,47.051073],[85.668732,47.050940],[85.669897,47.051050],[85.670369,47.051203],[85.670885,47.051435],[85.671319,47.051902],[85.672157,47.052186],[85.672756,47.052194],[85.676294,47.051382],[85.676956,47.051328],[85.678338,47.051337],[85.679838,47.051572],[85.682694,47.052229],[85.685238,47.053070],[85.687636,47.053652],[85.693702,47.055551],[85.695400,47.055815],[85.696352,47.055848],[85.699427,47.055679],[85.702479,47.055242],[85.704177,47.054865],[85.704467,47.054932],[85.705389,47.056160],[85.705750,47.056458],[85.707884,47.057114],[85.709665,47.058369],[85.710153,47.058501],[85.712097,47.058704],[85.713219,47.058666],[85.713729,47.058536],[85.714240,47.058364],[85.715795,47.057514],[85.716973,47.057036],[85.721361,47.055827],[85.723961,47.054905],[85.724659,47.054578],[85.726513,47.053401],[85.727518,47.053056],[85.728315,47.053045],[85.729888,47.053389],[85.732483,47.055190],[85.732847,47.055280],[85.733969,47.055213],[85.735455,47.054645],[85.737565,47.054261],[85.738569,47.053947],[85.739536,47.053214],[85.740820,47.051410],[85.741287,47.051143],[85.741655,47.051115],[85.742361,47.051135],[85.743704,47.051339],[85.744463,47.051683],[85.747259,47.053318],[85.747971,47.053630],[85.749173,47.053984],[85.750094,47.053920],[85.751811,47.053185],[85.752488,47.052713],[85.753694,47.052322],[85.756610,47.051944],[85.757747,47.052037],[85.759081,47.052537],[85.760761,47.052828],[85.761189,47.052843],[85.762485,47.052441],[85.762929,47.052395],[85.766497,47.052842],[85.768292,47.053205],[85.772697,47.055127],[85.773395,47.055629],[85.774385,47.056904],[85.774678,47.057028],[85.775342,47.057076],[85.775889,47.057061],[85.776395,47.056894],[85.779571,47.055640],[85.782992,47.053948],[85.783983,47.053886],[85.785542,47.054205],[85.785999,47.054219],[85.791905,47.053622],[85.794579,47.053525],[85.796069,47.053564],[85.797641,47.053902],[85.798882,47.054541],[85.799375,47.054940],[85.799980,47.055583],[85.802241,47.058776],[85.802751,47.059084],[85.803820,47.059447],[85.806244,47.060628],[85.807085,47.061323],[85.807987,47.061887],[85.808442,47.062033],[85.809976,47.062047],[85.812339,47.061339],[85.815794,47.060574],[85.818430,47.059473],[85.820435,47.058894],[85.821573,47.058777],[85.822251,47.058803],[85.822882,47.058990],[85.823271,47.059388],[85.823470,47.059734],[85.823819,47.060658],[85.824063,47.060984],[85.824383,47.061168],[85.826826,47.061452],[85.836487,47.062980],[85.837563,47.063019],[85.838865,47.062889],[85.843210,47.061852],[85.844365,47.061665],[85.846905,47.061574],[85.851535,47.061780],[85.852349,47.062364],[85.853100,47.063139],[85.853614,47.063933],[85.853933,47.064188],[85.854958,47.064602],[85.856311,47.064836],[85.858216,47.064761],[85.860808,47.063685],[85.861392,47.063305],[85.863337,47.062765],[85.864760,47.062524],[85.865884,47.062392],[85.869254,47.062234],[85.873802,47.062303],[85.877560,47.061987],[85.877882,47.062122],[85.880676,47.064190],[85.881194,47.064807],[85.881514,47.065053],[85.882115,47.065331],[85.885038,47.066167],[85.887553,47.066767],[85.888320,47.066854],[85.891883,47.066841],[85.892843,47.066911],[85.893372,47.067037],[85.894734,47.067657],[85.895889,47.068336],[85.897918,47.070363],[85.902074,47.074030],[85.902560,47.074156],[85.902947,47.074018],[85.905953,47.071791],[85.907103,47.071255],[85.908070,47.070961],[85.909585,47.070799],[85.911554,47.070736],[85.916334,47.070193],[85.917281,47.070233],[85.918063,47.070311],[85.918828,47.070633],[85.919527,47.071166],[85.920860,47.071938],[85.921150,47.072215],[85.921274,47.073415],[85.921418,47.073619],[85.922284,47.074022],[85.925859,47.074606],[85.926804,47.074934],[85.928755,47.074498],[85.933177,47.074028],[85.935878,47.073985],[85.936811,47.073844],[85.938397,47.074023],[85.938812,47.073877],[85.940593,47.072878],[85.941323,47.072866],[85.942376,47.073207],[85.943590,47.073755],[85.944194,47.073903],[85.946545,47.073995],[85.946957,47.074093],[85.947406,47.074332],[85.949082,47.075933],[85.950696,47.077172],[85.951611,47.077585],[85.952227,47.077760],[85.953366,47.077976],[85.954840,47.078002],[85.956785,47.077846],[85.958435,47.077320],[85.960246,47.076308],[85.963276,47.074262],[85.964527,47.073713],[85.966336,47.073490],[85.971048,47.073567],[85.973531,47.073493],[85.974990,47.073614],[85.978482,47.073378],[85.980074,47.073059],[85.981336,47.072689],[85.985194,47.071395],[85.987468,47.070727],[85.988672,47.070470],[85.989501,47.070390],[85.991804,47.069666],[85.993991,47.069259],[85.997098,47.068277],[86.001172,47.067255],[86.002399,47.067176],[86.005215,47.066576],[86.005750,47.066360],[86.006388,47.065766],[86.007103,47.063966],[86.007748,47.062981],[86.008759,47.062103],[86.009412,47.061398],[86.010492,47.059741],[86.013754,47.057174],[86.015213,47.056348],[86.017828,47.055582],[86.022429,47.054929],[86.024049,47.054902],[86.025650,47.054485],[86.029026,47.052279],[86.032672,47.050123],[86.032934,47.049931],[86.033145,47.049591],[86.034285,47.049001],[86.035929,47.048407],[86.036712,47.047989],[86.036975,47.047751],[86.037049,47.047418],[86.036602,47.046570],[86.036565,47.046338],[86.037556,47.045023],[86.041159,47.042134],[86.042239,47.041117],[86.043617,47.040084],[86.047324,47.038158],[86.050129,47.037196],[86.052503,47.036711],[86.053123,47.036291],[86.053196,47.035995],[86.053129,47.035179],[86.052452,47.034282],[86.050276,47.030542],[86.049755,47.030054],[86.048772,47.028783],[86.048714,47.026857],[86.049030,47.025125],[86.051920,47.025341],[86.062520,47.025743],[86.064679,47.026233],[86.065462,47.026514],[86.066864,47.026709],[86.071220,47.026810],[86.071993,47.026730],[86.072516,47.026380],[86.073317,47.026132],[86.074910,47.025932],[86.079093,47.025543],[86.080283,47.025506],[86.082723,47.025632],[86.083225,47.025704],[86.085130,47.026364],[86.087981,47.026437],[86.088731,47.026555],[86.089710,47.026901],[86.092788,47.028263],[86.093498,47.028487],[86.102935,47.029178],[86.105939,47.029261],[86.111032,47.029215],[86.112348,47.029611],[86.115289,47.030796],[86.116431,47.031075],[86.117931,47.031311],[86.120075,47.031417],[86.122203,47.031379],[86.125595,47.031691],[86.126347,47.031867],[86.128131,47.032082],[86.148222,47.034327],[86.178000,47.040002],[86.179000,47.040068],[86.180350,47.039839],[86.181586,47.039410],[86.183263,47.039314],[86.184675,47.039601],[86.186649,47.040477],[86.189399,47.041109],[86.191444,47.041316],[86.197773,47.041516],[86.200603,47.041878],[86.201023,47.042180],[86.201640,47.042350],[86.206264,47.043024],[86.206817,47.043213],[86.207868,47.043873],[86.208427,47.043835],[86.211807,47.044463],[86.213778,47.044988],[86.218695,47.045879],[86.222579,47.047000],[86.225075,47.047370],[86.233772,47.050562],[86.238985,47.051285],[86.244334,47.052931],[86.251139,47.052722],[86.252793,47.053078],[86.253753,47.053410],[86.256340,47.055424],[86.258308,47.056231],[86.261618,47.057289],[86.267709,47.058861],[86.272131,47.060129],[86.273635,47.061067],[86.274767,47.061517],[86.278089,47.061892],[86.279557,47.061903],[86.287954,47.064162],[86.292785,47.065719],[86.294474,47.066568],[86.299734,47.068706],[86.300789,47.068983],[86.306891,47.071254],[86.315326,47.076242],[86.317483,47.077773],[86.318024,47.077896],[86.318869,47.077903],[86.319583,47.077774],[86.319759,47.077375],[86.319765,47.076932],[86.319479,47.076269],[86.318492,47.074826],[86.317706,47.073006],[86.317643,47.072278],[86.317719,47.072011],[86.318003,47.071880],[86.322748,47.073639],[86.326788,47.074915],[86.330031,47.075333],[86.332904,47.075957],[86.339912,47.078175],[86.342409,47.079456],[86.350970,47.081910],[86.352939,47.082259],[86.354843,47.082916],[86.361965,47.083761],[86.366816,47.084815],[86.373404,47.086778],[86.373781,47.086622],[86.373988,47.086556],[86.374132,47.086529],[86.374451,47.086509],[86.377652,47.087242],[86.380157,47.087215],[86.389223,47.086985],[86.396862,47.087447],[86.397778,47.087595],[86.398197,47.087629],[86.408193,47.088048],[86.411079,47.087996],[86.414862,47.087304],[86.419164,47.087148],[86.420167,47.087019],[86.423511,47.086172],[86.425711,47.085955],[86.428824,47.084865],[86.432054,47.084084],[86.433842,47.083556],[86.434688,47.083183],[86.435456,47.083236],[86.437545,47.084129],[86.438738,47.084376],[86.442221,47.084830],[86.444339,47.085255],[86.445629,47.085652],[86.446332,47.086097],[86.448696,47.086087],[86.451523,47.086313],[86.454363,47.086346],[86.455969,47.086634],[86.458157,47.087216],[86.462418,47.087628],[86.465025,47.087717],[86.468889,47.087525],[86.469667,47.087661],[86.470756,47.088465],[86.471618,47.088726],[86.472458,47.088753],[86.475999,47.089161],[86.476836,47.089513],[86.477577,47.089665],[86.478515,47.089650],[86.480446,47.088984],[86.481481,47.088986],[86.482185,47.089254],[86.483469,47.089942],[86.484009,47.090736],[86.484908,47.090989],[86.486002,47.091116],[86.487330,47.090968],[86.490066,47.090262],[86.491356,47.090330],[86.492355,47.090182],[86.492711,47.089806],[86.492820,47.088628],[86.492569,47.087971],[86.491323,47.087126],[86.490381,47.086608],[86.489896,47.085824],[86.489590,47.085575],[86.489608,47.085030],[86.489437,47.083920],[86.488809,47.083224],[86.488065,47.082172],[86.488016,47.081693],[86.488178,47.081076],[86.489034,47.080038],[86.489207,47.078534],[86.489585,47.077568],[86.489863,47.077125],[86.490681,47.076196],[86.490762,47.075784],[86.490766,47.074427],[86.491227,47.072653],[86.493071,47.069217],[86.493527,47.068741],[86.494356,47.068391],[86.495520,47.067748],[86.496775,47.066500],[86.496579,47.066062],[86.496337,47.065770],[86.495438,47.065082],[86.493697,47.064249],[86.496571,47.063373],[86.498997,47.062951],[86.499901,47.062559],[86.502287,47.061757],[86.503994,47.061434],[86.505357,47.061344],[86.510078,47.061442],[86.517624,47.061319],[86.523773,47.060532],[86.526299,47.059855],[86.528652,47.059524],[86.529776,47.059041],[86.531778,47.058468],[86.534674,47.057311],[86.536710,47.056950],[86.539787,47.056090],[86.542623,47.054892],[86.546264,47.052668],[86.548694,47.051402],[86.550025,47.051112],[86.551597,47.051006],[86.554338,47.051145],[86.557431,47.051528],[86.561966,47.052533],[86.566214,47.053862],[86.567989,47.053704],[86.573795,47.052261],[86.577584,47.051947],[86.581133,47.051957],[86.587874,47.052706],[86.605276,47.055117],[86.614158,47.056609],[86.620796,47.057446],[86.631347,47.059193],[86.698637,47.069410],[86.701333,47.069117],[86.703975,47.068706],[86.704938,47.068681],[86.706024,47.068793],[86.708749,47.069470],[86.712501,47.071052],[86.715104,47.071937],[86.718225,47.072569],[86.724862,47.073238],[86.734004,47.073090],[86.737994,47.073263],[86.741297,47.073841],[86.745453,47.074784],[86.748570,47.075126],[86.750660,47.075511],[86.755247,47.076696],[86.757857,47.076978],[86.760645,47.077625],[86.777779,47.078175],[86.794166,47.079686],[86.798424,47.080025],[86.800341,47.080094],[86.802952,47.080446],[86.804271,47.080688],[86.804243,47.081177],[86.804595,47.082003],[86.806802,47.085416],[86.860946,47.093415],[86.898166,47.098824],[86.937766,47.104746],[86.978544,47.110689],[87.035189,47.119005],[87.037432,47.118878],[87.040668,47.118692],[87.040310,47.117072],[87.038985,47.097954],[87.037078,47.077873],[87.033360,47.031778],[87.031446,47.011929],[87.030686,47.001641],[87.029744,46.985673],[87.029262,46.972308],[87.029617,46.970851],[87.033538,46.967377],[87.035911,46.964872],[87.041491,46.961564],[87.045882,46.957523],[87.050743,46.951376],[87.051929,46.950082],[87.054301,46.948628],[87.056909,46.946364],[87.058569,46.945394],[87.062837,46.943942],[87.064377,46.942648],[87.065913,46.938114],[87.066503,46.935199],[87.067448,46.933499],[87.068395,46.932528],[87.077511,46.927026],[87.087211,46.920953],[87.096430,46.915037],[87.121568,46.899942],[87.183234,46.862184],[87.203685,46.849561],[87.203794,46.847050],[87.202677,46.800239],[87.202065,46.762416],[87.201580,46.726621],[87.201680,46.715726],[87.195381,46.708123],[87.181886,46.691828],[87.142245,46.639671],[87.096192,46.579741],[87.037192,46.503534],[87.037033,46.499623],[87.039142,46.496043],[87.081150,46.427598],[87.129581,46.348127],[87.171845,46.275389],[87.199764,46.228911],[87.234479,46.170765],[87.262241,46.125049],[87.300745,46.060484],[87.336082,46.005118],[87.336353,46.004268],[87.336580,46.003556],[87.337415,45.999996],[87.338260,45.996435],[87.338730,45.994423],[87.339278,45.990836],[87.339809,45.987245],[87.339870,45.986885],[87.340497,45.983302],[87.340984,45.980487],[87.341054,45.976878],[87.341123,45.973268],[87.341132,45.972934],[87.341201,45.969324],[87.341271,45.965710],[87.341271,45.965606],[87.340435,45.962047],[87.339607,45.958483],[87.339450,45.957802],[87.339433,45.954192],[87.339424,45.950582],[87.339406,45.946972],[87.339389,45.943362],[87.339371,45.939753],[87.339362,45.936143],[87.339344,45.932533],[87.339327,45.928919],[87.339309,45.925310],[87.339300,45.921704],[87.339283,45.918089],[87.339274,45.914480],[87.339256,45.910874],[87.339238,45.907256],[87.339229,45.903646],[87.339212,45.900040],[87.339194,45.896426],[87.339177,45.892817],[87.339168,45.889207],[87.339150,45.885592],[87.339132,45.881982],[87.339115,45.878373],[87.339106,45.874758],[87.339088,45.871153],[87.339079,45.867539],[87.339062,45.863925],[87.339044,45.860320],[87.339035,45.856705],[87.339017,45.853091],[87.339000,45.849485],[87.338982,45.845871],[87.338973,45.842262],[87.338956,45.838647],[87.338938,45.835037],[87.338920,45.831423],[87.338911,45.827814],[87.338902,45.824203],[87.338885,45.820589],[87.338867,45.816979],[87.338850,45.813365],[87.338841,45.809755],[87.338823,45.806140],[87.338805,45.802530],[87.338788,45.798920],[87.338779,45.795302],[87.338761,45.791696],[87.338743,45.788082],[87.338735,45.784469],[87.338717,45.780859],[87.338708,45.777243],[87.338690,45.773633],[87.338674,45.770019],[87.338656,45.766409],[87.338646,45.762796],[87.338630,45.759181],[87.338611,45.755570],[87.338593,45.751961],[87.338585,45.748347],[87.338567,45.744727],[87.338558,45.741117],[87.338541,45.737507],[87.338531,45.733888],[87.338515,45.730279],[87.338496,45.726669],[87.338478,45.723054],[87.338461,45.719440],[87.338452,45.715826],[87.338435,45.712215],[87.338416,45.708601],[87.338408,45.704986],[87.338391,45.701376],[87.338381,45.697762],[87.338363,45.694147],[87.338346,45.690532],[87.338337,45.686918],[87.338319,45.683308],[87.338302,45.679689],[87.338285,45.676078],[87.338275,45.672464],[87.338257,45.668854],[87.338248,45.665235],[87.338231,45.661625],[87.338213,45.658009],[87.338204,45.654396],[87.338187,45.650780],[87.338169,45.647166],[87.338151,45.643551],[87.338142,45.639941],[87.338126,45.636322],[87.338107,45.632708],[87.338089,45.629093],[87.338082,45.625478],[87.338073,45.621864],[87.338054,45.618248],[87.338037,45.614634],[87.338020,45.611023],[87.338011,45.607409],[87.337993,45.603790],[87.337976,45.600175],[87.337958,45.596560],[87.337949,45.592945],[87.337940,45.589331],[87.337922,45.585716],[87.337905,45.582101],[87.337887,45.578486],[87.337878,45.574871],[87.337861,45.571255],[87.337843,45.567636],[87.337825,45.564022],[87.337815,45.560411],[87.337807,45.556792],[87.337789,45.553177],[87.337772,45.549562],[87.337754,45.545947],[87.337745,45.542332],[87.337728,45.538713],[87.337710,45.535098],[87.337693,45.531483],[87.337684,45.527868],[87.337665,45.524253],[87.337649,45.520633],[87.337640,45.517018],[87.337631,45.513399],[87.337613,45.509788],[87.337595,45.506169],[87.337578,45.502553],[87.337569,45.498934],[87.337551,45.495319],[87.337534,45.491704],[87.337516,45.488088],[87.337507,45.484473],[87.337498,45.480854],[87.337481,45.477234],[87.337463,45.473619],[87.337445,45.470004],[87.337436,45.466388],[87.337419,45.462769],[87.337401,45.459149],[87.337383,45.455534],[87.337375,45.451914],[87.337366,45.448303],[87.337348,45.444684],[87.337330,45.441064],[87.337313,45.437449],[87.337304,45.433829],[87.337286,45.430213],[87.337269,45.426598],[87.337251,45.422978],[87.337242,45.419359],[87.337233,45.415743],[87.337215,45.412123],[87.337194,45.408506],[87.337177,45.404886],[87.337168,45.401271],[87.337150,45.397651],[87.337132,45.394031],[87.337115,45.390415],[87.337106,45.386795],[87.337097,45.383180],[87.337079,45.379564],[87.337062,45.375944],[87.337053,45.372325],[87.337035,45.368705],[87.337017,45.365085],[87.337000,45.361469],[87.336982,45.357849],[87.336973,45.354233],[87.336956,45.350613],[87.336947,45.346993],[87.336929,45.343373],[87.336920,45.339758],[87.336902,45.336138],[87.336885,45.332518],[87.336876,45.330604],[87.004095,45.331205],[86.980641,45.331265],[86.957290,45.331325],[86.942199,45.331364],[86.913536,45.331437],[86.781294,45.331777],[86.750468,45.331855],[86.703771,45.331976],[86.627885,45.332169],[86.613977,45.332205],[86.583257,45.332284],[86.558517,45.332347],[86.487103,45.332530],[86.458624,45.332484],[86.431847,45.332440],[86.398869,45.332386],[86.374149,45.332346],[86.316504,45.332252],[85.666864,45.331195],[85.667177,45.327580],[85.667498,45.323969],[85.667594,45.322962],[85.667046,45.319363],[85.666612,45.316519],[85.667308,45.312935],[85.667907,45.309906],[85.668429,45.306313],[85.668891,45.303063],[85.669239,45.299448],[85.669568,45.295976],[85.669517,45.292356],[85.669490,45.290932],[85.669855,45.287321],[85.670133,45.284531],[85.670490,45.280920],[85.670768,45.278134],[85.670742,45.274514],[85.670716,45.270893],[85.670690,45.267273],[85.670655,45.263657],[85.670637,45.260033],[85.670602,45.256417],[85.670576,45.252792],[85.670549,45.249172],[85.670524,45.245552],[85.670498,45.241936],[85.670463,45.238311],[85.670435,45.234695],[85.670409,45.231075],[85.670383,45.227454],[85.670357,45.223834],[85.670330,45.220214],[85.670305,45.216589],[85.670270,45.212969],[85.670251,45.209348],[85.670216,45.205728],[85.670190,45.202108],[85.670164,45.198487],[85.670138,45.194867],[85.670111,45.191247],[85.670076,45.187626],[85.670059,45.184006],[85.670024,45.180385],[85.669998,45.176765],[85.669972,45.173140],[85.669945,45.169520],[85.669919,45.165899],[85.669892,45.162279],[85.669866,45.158658],[85.669832,45.155034],[85.669814,45.151418],[85.669779,45.147793],[85.669752,45.144172],[85.669726,45.140552],[85.669700,45.136927],[85.669674,45.133307],[85.669639,45.129686],[85.669622,45.126066],[85.669587,45.122445],[85.669561,45.118825],[85.669533,45.115200],[85.669507,45.111575],[85.669481,45.107955],[85.669446,45.104334],[85.669428,45.100709],[85.669393,45.097089],[85.669367,45.093468],[85.669341,45.089848],[85.669315,45.086223],[85.669288,45.082602],[85.669253,45.078977],[85.669236,45.075357],[85.669201,45.071736],[85.669183,45.068112],[85.669148,45.064491],[85.669122,45.060866],[85.669096,45.057246],[85.669061,45.053621],[85.669043,45.050000],[85.669008,45.046380],[85.668991,45.042755],[85.668956,45.039135],[85.668938,45.035514],[85.668903,45.031889],[85.668868,45.028269],[85.668850,45.024644],[85.668815,45.021023],[85.668798,45.017398],[85.668763,45.013774],[85.668745,45.010153],[85.668710,45.006528],[85.668684,45.002903],[85.668658,44.999279],[85.668632,44.995658],[85.668605,44.992033],[85.668597,44.990683],[85.668539,44.988276],[85.668849,44.977649],[85.668785,44.965701],[85.668921,44.919290],[85.781482,44.922903],[85.787607,44.921783],[85.790818,44.920913],[85.796430,44.919155],[85.803563,44.915649],[85.805077,44.914904],[85.808653,44.912424],[85.811331,44.910180],[85.814890,44.906337],[85.816552,44.903930],[85.817944,44.902219],[85.820848,44.899278],[85.822978,44.896785],[85.825660,44.894266],[85.829154,44.891393],[85.832706,44.889018],[85.838794,44.885460],[85.841974,44.883812],[85.849922,44.879339],[85.852548,44.877734],[85.860929,44.871966],[85.866235,44.867637],[85.868414,44.865960],[85.871018,44.862612],[85.874138,44.858048],[85.877998,44.852829],[85.878433,44.852068],[85.879248,44.849717],[85.880661,44.846390],[85.883444,44.841244],[85.884878,44.838331],[85.885604,44.836362],[85.886021,44.834784],[85.886117,44.834004],[85.886083,44.831590],[85.886364,44.828966],[85.886348,44.827570],[85.886781,44.825433],[85.886793,44.823153],[85.889759,44.816164],[85.891397,44.813170],[85.893995,44.810512],[85.896836,44.807224],[85.898559,44.805906],[85.901528,44.803194],[85.920417,44.790229],[85.930172,44.780044],[85.935936,44.773909],[85.937981,44.769387],[85.942116,44.759632],[85.938706,44.757750],[85.928505,44.750743],[85.917003,44.743653],[85.909953,44.738961],[85.906931,44.737497],[85.906132,44.737110],[85.907818,44.735635],[85.911629,44.734123],[85.911944,44.733644],[85.912160,44.729122],[85.912445,44.726102],[85.911459,44.725184],[85.911903,44.725014],[85.912853,44.724651],[85.913309,44.724386],[85.913572,44.724096],[85.913556,44.723671],[85.913283,44.723186],[85.912826,44.722665],[85.912757,44.722068],[85.912931,44.721875],[85.913970,44.721747],[85.914542,44.722149],[85.915145,44.723050],[85.915509,44.723845],[85.916229,44.724048],[85.916918,44.723796],[85.916973,44.723040],[85.917384,44.722591],[85.918641,44.721662],[85.919648,44.720330],[85.920643,44.719640],[85.921668,44.719077],[85.922014,44.718690],[85.921994,44.718082],[85.921703,44.717230],[85.919645,44.716199],[85.918204,44.715737],[85.916757,44.715630],[85.915337,44.715800],[85.914347,44.716237],[85.914172,44.717004],[85.913725,44.717631],[85.912702,44.718103],[85.911797,44.718346],[85.910815,44.718336],[85.909468,44.718105],[85.907574,44.717289],[85.907478,44.716938],[85.907712,44.716447],[85.908575,44.715939],[85.910454,44.715258],[85.912121,44.714792],[85.913111,44.714343],[85.913784,44.712778],[85.913308,44.710707],[85.911613,44.708407],[85.911711,44.707444],[85.912026,44.706535],[85.912265,44.706216],[85.912568,44.705932],[85.913011,44.705795],[85.913896,44.705521],[85.914787,44.705633],[85.915058,44.705848],[85.915227,44.706263],[85.915232,44.706779],[85.914785,44.707044],[85.913608,44.707124],[85.912985,44.707319],[85.912809,44.707707],[85.912846,44.708287],[85.913073,44.708639],[85.913382,44.708901],[85.914021,44.709165],[85.914891,44.709099],[85.915367,44.708634],[85.916608,44.706351],[85.917016,44.706068],[85.917420,44.705981],[85.918039,44.706033],[85.918338,44.706408],[85.918146,44.707162],[85.918245,44.708450],[85.918955,44.709594],[85.919325,44.710005],[85.919644,44.710192],[85.919941,44.710212],[85.920892,44.709292],[85.922577,44.708340],[85.923695,44.707502],[85.923902,44.706804],[85.923764,44.706407],[85.921481,44.705322],[85.921141,44.705032],[85.921148,44.704665],[85.921502,44.704244],[85.923213,44.703550],[85.924133,44.703467],[85.924945,44.703522],[85.925804,44.704093],[85.926355,44.705218],[85.927193,44.706075],[85.928040,44.706429],[85.928942,44.706438],[85.930145,44.705843],[85.930631,44.704815],[85.930643,44.704172],[85.930274,44.703193],[85.929355,44.702403],[85.928300,44.701933],[85.926231,44.701612],[85.925852,44.701428],[85.925356,44.700804],[85.925285,44.700435],[85.925451,44.699247],[85.925356,44.698305],[85.924384,44.695856],[85.923944,44.695433],[85.922732,44.695208],[85.921683,44.695352],[85.920581,44.695341],[85.920053,44.695152],[85.919341,44.694491],[85.919248,44.693928],[85.919471,44.693098],[85.920248,44.692469],[85.921084,44.692064],[85.922042,44.692046],[85.922760,44.692420],[85.926976,44.695166],[85.927572,44.696022],[85.928337,44.696437],[85.929164,44.696601],[85.930059,44.696530],[85.931509,44.695944],[85.933006,44.694817],[85.934411,44.692887],[85.934898,44.691831],[85.935775,44.690566],[85.935805,44.689821],[85.935046,44.688724],[85.934947,44.688197],[85.935062,44.686768],[85.934980,44.686361],[85.935405,44.686127],[85.937734,44.686095],[85.938439,44.685844],[85.938785,44.685452],[85.939236,44.684149],[85.939474,44.683928],[85.940057,44.683722],[85.943892,44.683747],[85.945115,44.683445],[85.946258,44.682648],[85.947195,44.681643],[85.947521,44.681010],[85.946915,44.680653],[85.945804,44.680463],[85.940907,44.680449],[85.938020,44.680573],[85.936791,44.679946],[85.935726,44.678849],[85.936028,44.677631],[85.936647,44.676398],[85.936819,44.675368],[85.937426,44.674795],[85.938311,44.674408],[85.939818,44.674350],[85.940851,44.676456],[85.941804,44.677636],[85.942315,44.677917],[85.942933,44.678027],[85.943661,44.677886],[85.943982,44.677511],[85.944230,44.676739],[85.943977,44.674688],[85.943995,44.673713],[85.943441,44.673156],[85.943048,44.673030],[85.941529,44.672854],[85.940754,44.672496],[85.940195,44.671882],[85.939065,44.671325],[85.936134,44.671072],[85.934460,44.670667],[85.932802,44.669406],[85.932748,44.668843],[85.933033,44.668118],[85.934869,44.667428],[85.936615,44.667401],[85.937089,44.667618],[85.937230,44.669140],[85.937424,44.669824],[85.938063,44.670264],[85.938745,44.670465],[85.939496,44.670399],[85.940389,44.669853],[85.940975,44.668757],[85.941037,44.667152],[85.941184,44.666155],[85.941717,44.665185],[85.942841,44.664498],[85.944006,44.663984],[85.946328,44.663693],[85.949480,44.663458],[85.949850,44.663141],[85.949951,44.662787],[85.949781,44.662165],[85.949682,44.661802],[85.950183,44.661303],[85.952189,44.659989],[85.954424,44.658987],[85.956924,44.658906],[85.959411,44.658206],[85.960068,44.657060],[85.960554,44.655184],[85.960282,44.653695],[85.959929,44.653157],[85.959587,44.652913],[85.958778,44.653035],[85.958203,44.653330],[85.956834,44.654505],[85.956297,44.654757],[85.955886,44.654752],[85.955048,44.654284],[85.954436,44.653806],[85.954151,44.653120],[85.955092,44.646516],[85.954905,44.645240],[85.954453,44.644386],[85.954777,44.643380],[85.955550,44.641724],[85.955122,44.639550],[85.955604,44.638566],[85.958274,44.637822],[85.960317,44.637477],[85.960233,44.637047],[85.960447,44.636864],[85.961177,44.636619],[85.961863,44.636192],[85.962507,44.635825],[85.962636,44.635673],[85.962936,44.635367],[85.963280,44.635154],[85.963623,44.634970],[85.964395,44.634909],[85.965211,44.634665],[85.965812,44.634085],[85.966198,44.633627],[85.966498,44.633230],[85.966627,44.632955],[85.966584,44.632405],[85.966284,44.631977],[85.966026,44.631916],[85.965468,44.631916],[85.964910,44.632008],[85.964524,44.632130],[85.964310,44.632558],[85.963966,44.633168],[85.963065,44.633565],[85.962421,44.633962],[85.961735,44.634634],[85.961005,44.634818],[85.960447,44.634848],[85.959932,44.634665],[85.959675,44.634390],[85.959632,44.634237],[85.960276,44.633474],[85.961005,44.633138],[85.961477,44.632894],[85.961949,44.632558],[85.962293,44.632130],[85.962722,44.631672],[85.962808,44.631214],[85.962808,44.630664],[85.962808,44.630206],[85.962850,44.629504],[85.962979,44.629107],[85.963280,44.629046],[85.963323,44.628740],[85.963108,44.628557],[85.962335,44.628557],[85.961477,44.628679],[85.961263,44.628801],[85.960791,44.629107],[85.960276,44.629381],[85.959803,44.629809],[85.959074,44.630053],[85.958473,44.630084],[85.957701,44.629748],[85.956971,44.629259],[85.956489,44.628974],[85.956585,44.628861],[85.956585,44.628617],[85.956370,44.628189],[85.956198,44.627548],[85.955555,44.627212],[85.954997,44.626907],[85.954139,44.626449],[85.953280,44.626296],[85.952250,44.626052],[85.951607,44.625654],[85.950662,44.625074],[85.950276,44.624738],[85.950104,44.624402],[85.950062,44.623944],[85.949976,44.623425],[85.949976,44.623150],[85.949933,44.622753],[85.949976,44.622417],[85.950534,44.622142],[85.951392,44.621867],[85.952422,44.621775],[85.953237,44.621775],[85.953967,44.621775],[85.955555,44.621775],[85.956413,44.621897],[85.957143,44.622233],[85.957915,44.622692],[85.958688,44.622722],[85.959374,44.622661],[85.959846,44.622478],[85.960061,44.622356],[85.960404,44.621989],[85.960576,44.621775],[85.961177,44.621287],[85.960919,44.620737],[85.960490,44.620401],[85.959760,44.620126],[85.959073,44.618904],[85.959287,44.618751],[85.959717,44.618354],[85.960317,44.618232],[85.960961,44.617987],[85.961390,44.617865],[85.961734,44.617651],[85.961819,44.617285],[85.961648,44.616552],[85.961562,44.615880],[85.960747,44.615696],[85.959802,44.615482],[85.959159,44.615299],[85.958730,44.615055],[85.958386,44.614841],[85.958129,44.614505],[85.958215,44.613955],[85.958730,44.613558],[85.958858,44.613497],[85.959545,44.613008],[85.959888,44.612702],[85.960189,44.612275],[85.960446,44.611878],[85.960446,44.611755],[85.960575,44.611511],[85.960747,44.611083],[85.960875,44.610778],[85.961004,44.610442],[85.961176,44.610014],[85.961262,44.609831],[85.961562,44.609403],[85.961862,44.609250],[85.961991,44.609067],[85.962077,44.608731],[85.962077,44.608303],[85.962077,44.607753],[85.962077,44.607386],[85.961862,44.606928],[85.961433,44.606409],[85.961047,44.606134],[85.961090,44.605920],[85.961390,44.605767],[85.961304,44.605462],[85.961090,44.605125],[85.960532,44.605125],[85.959888,44.605125],[85.959202,44.605156],[85.958815,44.605187],[85.958000,44.605339],[85.957399,44.605614],[85.956755,44.606256],[85.956326,44.606684],[85.956069,44.607142],[85.955597,44.607631],[85.954781,44.608120],[85.953794,44.608486],[85.952850,44.608456],[85.952292,44.608456],[85.951606,44.608150],[85.950318,44.607784],[85.950104,44.607448],[85.949288,44.606684],[85.949159,44.606042],[85.949159,44.605370],[85.949073,44.604604],[85.949073,44.604085],[85.949073,44.603596],[85.949073,44.603077],[85.949116,44.602832],[85.949416,44.602404],[85.949760,44.602038],[85.950704,44.601977],[85.951262,44.601977],[85.951562,44.602007],[85.951863,44.602099],[85.952292,44.602252],[85.952635,44.602618],[85.953322,44.603077],[85.954051,44.603596],[85.955124,44.603627],[85.955854,44.603290],[85.955854,44.603107],[85.955854,44.602679],[85.955639,44.602190],[85.955639,44.601946],[85.955296,44.601702],[85.954781,44.601610],[85.954180,44.601365],[85.953665,44.600846],[85.953150,44.600388],[85.953193,44.599868],[85.953193,44.599593],[85.953193,44.598951],[85.953279,44.598524],[85.953751,44.598432],[85.953665,44.598126],[85.954094,44.598126],[85.954867,44.598126],[85.955725,44.598524],[85.956326,44.598890],[85.956798,44.599196],[85.956841,44.599563],[85.956927,44.599654],[85.957013,44.599746],[85.957270,44.600174],[85.958300,44.600479],[85.958772,44.600877],[85.959330,44.601121],[85.959845,44.601213],[85.960317,44.601213],[85.960660,44.600968],[85.961218,44.600540],[85.961604,44.600327],[85.961948,44.599990],[85.961991,44.599838],[85.961991,44.599410],[85.961948,44.598951],[85.962463,44.598401],[85.962463,44.598096],[85.962463,44.597699],[85.962291,44.597393],[85.961991,44.596996],[85.961733,44.596782],[85.961218,44.596599],[85.960360,44.597026],[85.959630,44.597179],[85.958901,44.597424],[85.957485,44.597393],[85.956583,44.596996],[85.955897,44.596415],[85.955596,44.595682],[85.955639,44.595346],[85.955682,44.594796],[85.955768,44.594368],[85.955940,44.593848],[85.956068,44.593390],[85.956240,44.592870],[85.956283,44.592442],[85.956326,44.591801],[85.956927,44.591312],[85.957270,44.590975],[85.958085,44.590762],[85.959373,44.590853],[85.960274,44.590853],[85.961004,44.590823],[85.961819,44.590517],[85.962291,44.590089],[85.962420,44.589447],[85.962291,44.588714],[85.961390,44.588194],[85.960403,44.588164],[85.959201,44.588164],[85.958343,44.588164],[85.957399,44.588194],[85.956970,44.588255],[85.956111,44.588469],[85.955167,44.588683],[85.954094,44.588500],[85.953322,44.588500],[85.952676,44.588227],[85.952247,44.587830],[85.951774,44.587463],[85.951217,44.587096],[85.950744,44.586852],[85.950401,44.586393],[85.950144,44.585538],[85.949457,44.584987],[85.949071,44.584712],[85.948427,44.584529],[85.947526,44.584284],[85.947054,44.584193],[85.945895,44.583459],[85.944908,44.583001],[85.944436,44.582817],[85.943964,44.582542],[85.943621,44.582236],[85.943363,44.581931],[85.943363,44.581900],[85.942806,44.581440],[85.942076,44.581073],[85.941475,44.580920],[85.941304,44.580645],[85.941261,44.580156],[85.941089,44.579636],[85.941089,44.579086],[85.941475,44.578536],[85.941990,44.578444],[85.942462,44.578383],[85.943321,44.578383],[85.943878,44.578413],[85.945037,44.578811],[85.945981,44.579208],[85.947011,44.579911],[85.947955,44.580125],[85.948985,44.580125],[85.949758,44.580003],[85.950316,44.579606],[85.950359,44.579239],[85.950101,44.578933],[85.948942,44.578597],[85.948127,44.578475],[85.946889,44.578265],[85.946502,44.578081],[85.945773,44.577684],[85.945344,44.576981],[85.945258,44.576736],[85.945043,44.576461],[85.944829,44.576094],[85.944571,44.575727],[85.944357,44.575422],[85.944142,44.575208],[85.944013,44.574902],[85.943970,44.574688],[85.943327,44.573893],[85.942468,44.573312],[85.941953,44.573190],[85.941524,44.573007],[85.941095,44.572823],[85.940537,44.572579],[85.940322,44.572365],[85.940194,44.571998],[85.940194,44.571875],[85.940448,44.571567],[85.940835,44.571475],[85.941650,44.571323],[85.942508,44.571292],[85.943238,44.571139],[85.943581,44.570803],[85.943925,44.570405],[85.944697,44.570314],[85.945298,44.569886],[85.945512,44.569549],[85.945598,44.569121],[85.946328,44.569091],[85.946886,44.569091],[85.947143,44.569030],[85.947486,44.568877],[85.948388,44.568754],[85.948946,44.568754],[85.949461,44.568357],[85.949804,44.567837],[85.950405,44.567501],[85.951606,44.567379],[85.951993,44.567012],[85.951735,44.566492],[85.951349,44.566370],[85.950877,44.566217],[85.950920,44.565850],[85.950362,44.565269],[85.950362,44.565086],[85.950619,44.564810],[85.951006,44.564443],[85.950877,44.564291],[85.950448,44.564229],[85.950061,44.564168],[85.949203,44.564168],[85.949074,44.564138],[85.948388,44.563954],[85.947916,44.563985],[85.947658,44.563985],[85.947100,44.564015],[85.946499,44.564199],[85.946070,44.564015],[85.946070,44.563068],[85.946199,44.562487],[85.946199,44.562120],[85.946027,44.561936],[85.946285,44.561478],[85.946242,44.561080],[85.946199,44.560774],[85.946671,44.560438],[85.946886,44.560071],[85.946843,44.559765],[85.947615,44.559429],[85.947873,44.559001],[85.947830,44.558634],[85.945427,44.558450],[85.943967,44.558145],[85.943324,44.558114],[85.942508,44.558481],[85.941393,44.558878],[85.940878,44.558664],[85.940534,44.558664],[85.940534,44.558900],[85.940446,44.558878],[85.939075,44.558533],[85.932551,44.554311],[85.932465,44.553087],[85.931521,44.552904],[85.931521,44.552598],[85.931178,44.552598],[85.930577,44.551864],[85.926629,44.551558],[85.925856,44.551497],[85.926114,44.550335],[85.925599,44.549785],[85.924654,44.549295],[85.923882,44.548378],[85.923453,44.547277],[85.923367,44.546665],[85.923195,44.546053],[85.923195,44.545258],[85.922595,44.543362],[85.922595,44.542933],[85.922938,44.542566],[85.922595,44.542016],[85.923624,44.541588],[85.923539,44.541159],[85.921136,44.540425],[85.921222,44.539263],[85.920191,44.538590],[85.920191,44.538101],[85.919934,44.537795],[85.919934,44.537244],[85.919419,44.536938],[85.918732,44.535898],[85.918818,44.534797],[85.919505,44.534185],[85.919505,44.533573],[85.919848,44.531799],[85.920535,44.530148],[85.920879,44.528128],[85.920535,44.525864],[85.919760,44.524878],[85.918560,44.523356],[85.922939,44.508911],[85.916759,44.506219],[85.913669,44.509646],[85.907059,44.507438],[85.906150,44.507134],[85.903885,44.493547],[85.901224,44.491037],[85.898134,44.490792],[85.897104,44.483444],[85.895988,44.482587],[85.896589,44.481852],[85.896331,44.472788],[85.884058,44.462437],[85.884488,44.457842],[85.885604,44.456127],[85.892384,44.451961],[85.899164,44.451777],[85.901139,44.447917],[85.903027,44.446324],[85.905002,44.446262],[85.906289,44.446262],[85.907662,44.446507],[85.909121,44.447304],[85.910581,44.447610],[85.912040,44.447426],[85.912555,44.446875],[85.912297,44.446017],[85.912125,44.445159],[85.911439,44.443811],[85.912984,44.443750],[85.914958,44.443689],[85.915902,44.443137],[85.916675,44.442463],[85.916675,44.441850],[85.916160,44.441850],[85.914785,44.440747],[85.914443,44.439889],[85.913928,44.439338],[85.914529,44.438602],[85.913583,44.437439],[85.912811,44.437133],[85.911523,44.436397],[85.911351,44.435110],[85.911351,44.433946],[85.910922,44.432965],[85.908777,44.432046],[85.907918,44.431249],[85.908004,44.429839],[85.908605,44.429288],[85.908862,44.428308],[85.908433,44.427755],[85.908777,44.427142],[85.911008,44.426775],[85.912200,44.426513],[85.911694,44.420305],[85.911633,44.418637],[85.909721,44.419695],[85.907876,44.420218],[85.905558,44.420968],[85.899593,44.421137],[85.893242,44.421045],[85.893048,44.418133],[85.892834,44.415359],[85.892448,44.415251],[85.892147,44.414760],[85.891353,44.414516],[85.890881,44.414118],[85.890795,44.413872],[85.889980,44.413764],[85.889401,44.410101],[85.889208,44.408813],[85.889486,44.408384],[85.889465,44.407250],[85.889937,44.406468],[85.890109,44.406160],[85.887148,44.402681],[85.885538,44.401454],[85.887040,44.399431],[85.893949,44.397866],[85.894561,44.397292],[85.894303,44.397054],[85.895194,44.396250],[85.895430,44.395935],[85.896492,44.395360],[85.896847,44.395053],[85.897254,44.394823],[85.898648,44.392914],[85.900805,44.389891],[85.901073,44.389331],[85.900923,44.385450],[85.900869,44.383065],[85.900687,44.380871],[85.900913,44.380787],[85.901213,44.380848],[85.901813,44.381101],[85.902210,44.381339],[85.902629,44.381538],[85.903037,44.381584],[85.903412,44.381630],[85.904345,44.381937],[85.906643,44.382727],[85.909061,44.383669],[85.909091,44.382701],[85.908138,44.365723],[85.907885,44.361227],[85.907856,44.360704],[85.907322,44.354941],[85.905348,44.337542],[85.904866,44.333289],[85.904790,44.332618],[85.913792,44.328820],[85.918470,44.322706],[85.926113,44.319582],[85.932450,44.318095],[85.935470,44.317387],[85.931192,44.298281],[85.935385,44.297700],[85.943113,44.296629],[85.946737,44.311411],[85.954203,44.309632],[85.952610,44.294249],[85.955447,44.293538],[85.957940,44.290735],[85.959361,44.289277],[85.960150,44.288466],[85.960331,44.286116],[85.960014,44.285161],[85.960888,44.277256],[85.962271,44.264743],[85.962762,44.258983],[85.965474,44.258510],[85.965718,44.256035],[85.966107,44.252094],[85.966333,44.249807],[85.966426,44.249581],[85.967444,44.249332],[85.968486,44.248803],[85.970192,44.247447],[85.970843,44.246753],[85.971104,44.246047],[85.971156,44.245337],[85.971010,44.244606],[85.970666,44.243882],[85.969695,44.243548],[85.969399,44.243493],[85.969350,44.243483],[85.969341,44.243481],[85.966740,44.242992],[85.966370,44.243031],[85.966725,44.240965],[85.967410,44.240342],[85.967547,44.239817],[85.967440,44.238708],[85.968231,44.237496],[85.970034,44.235303],[85.969418,44.233682],[85.969485,44.232555],[85.970168,44.232135],[85.970747,44.231012],[85.972565,44.226674],[85.976131,44.216956],[85.976433,44.215936],[85.976695,44.214347],[85.976793,44.211509],[85.977047,44.210453],[85.978026,44.208730],[85.978466,44.207616],[85.978998,44.206879],[85.979515,44.205252],[85.979555,44.204642],[85.979210,44.203657],[85.979637,44.202837],[85.979327,44.201363],[85.978412,44.199617],[85.978434,44.198392],[85.978359,44.198110],[85.977199,44.196786],[85.977022,44.196417],[85.976956,44.195597],[85.977393,44.194783],[85.977547,44.194208],[85.977479,44.193530],[85.977024,44.193126],[85.975606,44.192347],[85.975072,44.191917],[85.974531,44.191309],[85.973856,44.190104],[85.973536,44.188800],[85.973489,44.187799],[85.973890,44.185043],[85.973960,44.183281],[85.974206,44.182871],[85.974933,44.182484],[85.975715,44.182408],[85.978984,44.182435],[85.979607,44.182321],[85.980178,44.182093],[85.980972,44.181572],[85.982042,44.180644],[85.982621,44.179935],[85.982969,44.179316],[85.983454,44.178004],[85.983792,44.175151],[85.984019,44.174391],[85.984600,44.173230],[85.985728,44.172075],[85.986214,44.171287],[85.986535,44.170282],[85.986553,44.169795],[85.986305,44.168619],[85.985581,44.167702],[85.985357,44.166921],[85.985615,44.164532],[85.986089,44.163236],[85.986049,44.162540],[85.985459,44.160070],[85.985493,44.159569],[85.985706,44.159236],[85.986762,44.158490],[85.986780,44.158364],[85.986468,44.158103],[85.985689,44.157830],[85.985709,44.157603],[85.985890,44.157330],[85.986430,44.157044],[85.987124,44.157107],[85.990362,44.156802],[85.991218,44.156421],[85.991900,44.156417],[85.992420,44.156483],[85.993416,44.156942],[85.995043,44.157230],[85.996864,44.157448],[85.998526,44.157424],[85.999532,44.156687],[86.000366,44.156508],[86.001463,44.156383],[86.002410,44.156126],[86.003826,44.156295],[86.005539,44.155087],[86.006827,44.155008],[86.008778,44.155358],[86.009906,44.155175],[86.012421,44.155066],[86.016577,44.154246],[86.018083,44.154160],[86.019259,44.154345],[86.019732,44.154693],[86.019841,44.155315],[86.019985,44.155628],[86.020266,44.155802],[86.021439,44.156190],[86.025078,44.156478],[86.026935,44.156135],[86.027913,44.156596],[86.028676,44.156763],[86.029141,44.156741],[86.030604,44.156433],[86.032281,44.156853],[86.032816,44.156836],[86.033893,44.156462],[86.035027,44.156193],[86.036455,44.156498],[86.037879,44.156171],[86.038591,44.156404],[86.039568,44.156524],[86.040442,44.156424],[86.041423,44.156660],[86.042016,44.156901],[86.042881,44.156893],[86.046134,44.156068],[86.050187,44.156303],[86.051296,44.156914],[86.052045,44.157197],[86.053257,44.157438],[86.054048,44.157445],[86.056399,44.156957],[86.058833,44.156648],[86.059751,44.156991],[86.060978,44.157649],[86.062350,44.158526],[86.063802,44.158420],[86.063900,44.158843],[86.064271,44.159372],[86.064853,44.159743],[86.065916,44.160232],[86.066673,44.160333],[86.067889,44.160298],[86.069542,44.160033],[86.070656,44.159631],[86.071360,44.158886],[86.074049,44.157353],[86.077231,44.156810],[86.078303,44.156717],[86.079622,44.156729],[86.081042,44.155840],[86.083606,44.155751],[86.085130,44.155933],[86.087734,44.155998],[86.088342,44.155801],[86.088883,44.155320],[86.089607,44.154503],[86.089939,44.153968],[86.089778,44.152714],[86.089596,44.152349],[86.088893,44.151423],[86.076788,44.143395],[86.074026,44.141361],[86.072938,44.140009],[86.072568,44.139386],[86.072581,44.138589],[86.072701,44.138100],[86.073245,44.137872],[86.073975,44.137906],[86.074827,44.138534],[86.078424,44.140603],[86.080140,44.141070],[86.081129,44.141144],[86.082057,44.140973],[86.082523,44.140748],[86.082838,44.140474],[86.082950,44.139996],[86.082221,44.138207],[86.077622,44.131812],[86.077460,44.131313],[86.077815,44.130294],[86.078490,44.129708],[86.079567,44.129430],[86.085156,44.128298],[86.094795,44.126348],[86.096184,44.125958],[86.095970,44.125664],[86.095436,44.124922],[86.094696,44.124179],[86.093956,44.123435],[86.093216,44.122681],[86.092483,44.121938],[86.091545,44.121184],[86.090605,44.120430],[86.089660,44.119819],[86.088720,44.119065],[86.087980,44.118321],[86.087049,44.117566],[86.086102,44.116956],[86.085362,44.116203],[86.084423,44.115448],[86.083690,44.114704],[86.083148,44.113962],[86.082407,44.113218],[86.081866,44.112475],[86.081331,44.111742],[86.081186,44.111021],[86.081041,44.110291],[86.080696,44.109560],[86.080353,44.108837],[86.080017,44.108106],[86.079277,44.107352],[86.078735,44.106619],[86.077994,44.105866],[86.077046,44.105254],[86.076115,44.104499],[86.075168,44.103888],[86.074228,44.103133],[86.073288,44.102378],[86.072341,44.101766],[86.071408,44.101011],[86.070453,44.100399],[86.069514,44.099788],[86.068558,44.099176],[86.067595,44.098852],[86.066640,44.098231],[86.066113,44.097893],[86.065693,44.097619],[86.064760,44.096863],[86.063797,44.096395],[86.062864,44.095640],[86.062123,44.094895],[86.061580,44.094152],[86.061045,44.093418],[86.060899,44.092688],[86.060792,44.092157],[86.060181,44.091461],[86.056584,44.087365],[86.053887,44.082511],[86.047794,44.074621],[86.042607,44.068116],[86.038036,44.062075],[86.035354,44.056768],[86.031347,44.052794],[86.026348,44.049948],[86.022027,44.046197],[86.015545,44.040119],[86.009664,44.035191],[86.003809,44.029353],[85.996969,44.024634],[85.991670,44.021318],[85.986366,44.018001],[85.981078,44.014685],[85.974545,44.010204],[85.971321,44.007185],[85.970547,44.006459],[85.967559,44.003613],[85.967407,44.003070],[85.967407,44.002320],[85.967674,44.001788],[85.968427,44.001161],[85.968840,44.000290],[85.968792,43.999612],[85.968500,43.999055],[85.967795,43.998641],[85.965487,43.998248],[85.964612,43.997738],[85.964175,43.996793],[85.963932,43.995921],[85.963568,43.995242],[85.962644,43.994489],[85.962365,43.993847],[85.962536,43.992782],[85.963021,43.991767],[85.963215,43.990896],[85.962875,43.990362],[85.962195,43.990095],[85.960738,43.989801],[85.958746,43.989602],[85.957532,43.988873],[85.956634,43.987443],[85.956634,43.986378],[85.957057,43.985423],[85.958030,43.984215],[85.958054,43.983489],[85.957738,43.982398],[85.957738,43.981043],[85.957641,43.980050],[85.955698,43.978351],[85.955383,43.977334],[85.955504,43.976366],[85.956672,43.974778],[85.957061,43.973888],[85.956886,43.972900],[85.956536,43.972086],[85.955526,43.971483],[85.954632,43.970784],[85.954399,43.969893],[85.954574,43.969157],[85.955322,43.968104],[85.955574,43.967504],[85.955419,43.967077],[85.954583,43.966572],[85.952835,43.965736],[85.951494,43.965229],[85.949766,43.964877],[85.949028,43.964624],[85.948950,43.964198],[85.949513,43.963405],[85.950484,43.962361],[85.951426,43.959739],[85.953641,43.958524],[85.955195,43.958081],[85.956011,43.957986],[85.957643,43.958552],[85.958323,43.958553],[85.959159,43.958226],[85.960072,43.957318],[85.960363,43.956389],[85.960470,43.953262],[85.961422,43.952082],[85.961850,43.951328],[85.961889,43.950554],[85.961539,43.949894],[85.959868,43.948690],[85.958915,43.947835],[85.958876,43.946712],[85.959284,43.945512],[85.959673,43.944777],[85.959751,43.943616],[85.960101,43.942958],[85.961144,43.942656],[85.962030,43.942581],[85.962668,43.942412],[85.963352,43.942011],[85.963803,43.941377],[85.964067,43.940448],[85.964253,43.939302],[85.964502,43.938822],[85.965046,43.938436],[85.966835,43.937790],[85.968949,43.937207],[85.969581,43.936935],[85.970288,43.936355],[85.970965,43.935422],[85.971120,43.934956],[85.971081,43.934272],[85.970804,43.933828],[85.970449,43.933258],[85.969707,43.932817],[85.968360,43.932658],[85.966174,43.931949],[85.965029,43.931720],[85.964080,43.931673],[85.962830,43.931767],[85.959417,43.932663],[85.957617,43.932786],[85.956272,43.932555],[85.955577,43.932368],[85.954877,43.932360],[85.954153,43.932642],[85.953216,43.933168],[85.952112,43.933480],[85.951512,43.933509],[85.949970,43.933168],[85.948950,43.933167],[85.946599,43.933164],[85.944226,43.933356],[85.940950,43.933813],[85.940225,43.933852],[85.938432,43.933617],[85.937834,43.933647],[85.935129,43.934194],[85.933851,43.934256],[85.931243,43.933972],[85.929349,43.933917],[85.925085,43.933989],[85.923856,43.934048],[85.921413,43.934374],[85.919719,43.934357],[85.919215,43.934262],[85.918689,43.934022],[85.918482,43.933841],[85.918491,43.933374],[85.919053,43.933151],[85.921080,43.932925],[85.922469,43.932397],[85.922983,43.932004],[85.923203,43.931584],[85.923305,43.931001],[85.923078,43.930550],[85.922734,43.930215],[85.922293,43.929961],[85.921718,43.929869],[85.920945,43.929909],[85.920244,43.930082],[85.918007,43.931449],[85.917432,43.931522],[85.916804,43.931327],[85.916563,43.931087],[85.916006,43.930219],[85.915675,43.929208],[85.915538,43.929033],[85.915232,43.928916],[85.914634,43.928910],[85.914133,43.929049],[85.912168,43.930068],[85.911474,43.930138],[85.910819,43.930044],[85.909939,43.929619],[85.909217,43.929014],[85.907902,43.927142],[85.907277,43.926598],[85.906565,43.926168],[85.905594,43.925753],[85.905150,43.925657],[85.904164,43.925655],[85.903132,43.926027],[85.903027,43.926350],[85.903117,43.926891],[85.903496,43.927938],[85.903441,43.928225],[85.903007,43.928437],[85.902591,43.928433],[85.901851,43.928066],[85.900436,43.926469],[85.899356,43.925668],[85.897428,43.924930],[85.896438,43.924669],[85.895749,43.924231],[85.895478,43.923864],[85.895292,43.923408],[85.895230,43.922679],[85.894937,43.921959],[85.894125,43.921188],[85.892722,43.921109],[85.891024,43.921341],[85.889333,43.921437],[85.888588,43.921223],[85.887581,43.920631],[85.886894,43.920493],[85.883888,43.920578],[85.883463,43.920153],[85.882816,43.918860],[85.882282,43.918172],[85.881399,43.917516],[85.880598,43.917046],[85.879921,43.916860],[85.878663,43.916709],[85.877923,43.916444],[85.877529,43.916105],[85.877406,43.915718],[85.877412,43.914452],[85.877250,43.913414],[85.875404,43.911133],[85.875180,43.909871],[85.875229,43.909493],[85.874948,43.909249],[85.874418,43.909049],[85.870624,43.909004],[85.868284,43.909307],[85.867788,43.909268],[85.867396,43.908977],[85.867069,43.907859],[85.866484,43.906516],[85.865978,43.905862],[85.865327,43.905396],[85.864589,43.905030],[85.863502,43.904698],[85.862862,43.904405],[85.862421,43.904077],[85.861429,43.902714],[85.860937,43.902559],[85.859520,43.902578],[85.858727,43.902463],[85.858334,43.902244],[85.857966,43.901873],[85.857704,43.901447],[85.857446,43.900765],[85.856951,43.899932],[85.855859,43.898542],[85.854789,43.898041],[85.853259,43.897560],[85.852574,43.897051],[85.852187,43.896472],[85.851944,43.895772],[85.851615,43.895244],[85.851104,43.894777],[85.850195,43.894671],[85.849739,43.894725],[85.848931,43.894946],[85.848086,43.895502],[85.847536,43.895678],[85.846937,43.895770],[85.846242,43.895719],[85.844912,43.895332],[85.844608,43.895120],[85.844271,43.894537],[85.844154,43.893763],[85.843905,43.893464],[85.843476,43.893282],[85.841632,43.893148],[85.840099,43.892701],[85.839561,43.892337],[85.839251,43.892014],[85.838659,43.891023],[85.838047,43.890318],[85.837398,43.889903],[85.836538,43.889506],[85.836098,43.889178],[85.835662,43.888635],[85.835473,43.888130],[85.835499,43.886799],[85.835956,43.886227],[85.838058,43.885366],[85.838212,43.885032],[85.838123,43.884482],[85.837823,43.883953],[85.837367,43.883563],[85.836510,43.883209],[85.835282,43.882330],[85.834868,43.882158],[85.834498,43.882077],[85.832953,43.882103],[85.831743,43.881958],[85.831228,43.881798],[85.830761,43.881508],[85.830301,43.880999],[85.829514,43.878988],[85.829221,43.878582],[85.827995,43.877647],[85.827816,43.877332],[85.827865,43.875227],[85.827502,43.874405],[85.826988,43.873813],[85.825596,43.872720],[85.825164,43.872141],[85.825300,43.870494],[85.825108,43.869874],[85.825194,43.868840],[85.825230,43.867693],[85.825142,43.867485],[85.824834,43.867034],[85.823497,43.865975],[85.822441,43.865367],[85.821335,43.864913],[85.815721,43.862814],[85.814402,43.861796],[85.813227,43.859995],[85.811875,43.859276],[85.811709,43.858608],[85.811035,43.857718],[85.809787,43.856919],[85.809255,43.856404],[85.809138,43.855821],[85.809122,43.854737],[85.808939,43.853937],[85.809156,43.853520],[85.809604,43.853102],[85.809854,43.852568],[85.809754,43.852085],[85.809271,43.851469],[85.808656,43.850987],[85.807957,43.850638],[85.807458,43.850589],[85.802641,43.851088],[85.801744,43.850990],[85.801243,43.850607],[85.800927,43.849991],[85.800812,43.849207],[85.800412,43.848958],[85.799913,43.848958],[85.799381,43.849226],[85.798299,43.850128],[85.797649,43.850279],[85.796984,43.850197],[85.795653,43.849365],[85.794986,43.849216],[85.794787,43.848949],[85.794837,43.847465],[85.794970,43.847082],[85.796035,43.846297],[85.796219,43.846013],[85.796152,43.845663],[85.795686,43.845330],[85.793997,43.844474],[85.793364,43.843841],[85.792648,43.843475],[85.791866,43.843243],[85.791184,43.843177],[85.790151,43.842778],[85.788936,43.841963],[85.788004,43.841214],[85.786905,43.840282],[85.786297,43.839590],[85.786048,43.838374],[85.785998,43.837557],[85.786147,43.836706],[85.786414,43.836056],[85.786580,43.835122],[85.786613,43.833521],[85.786006,43.832963],[85.785689,43.832347],[85.785689,43.830963],[85.785556,43.829663],[85.785306,43.828863],[85.785181,43.825820],[85.784815,43.825287],[85.784282,43.824804],[85.784116,43.824388],[85.784199,43.824004],[85.784698,43.823603],[85.785864,43.822185],[85.786047,43.821634],[85.785997,43.821151],[85.785664,43.820885],[85.784232,43.820469],[85.783741,43.820078],[85.783341,43.819663],[85.783141,43.818978],[85.782875,43.818462],[85.782559,43.818212],[85.781843,43.817963],[85.780460,43.817764],[85.778812,43.817382],[85.777829,43.816850],[85.777230,43.816267],[85.777029,43.815783],[85.777179,43.815299],[85.777747,43.814683],[85.777995,43.814166],[85.777920,43.813557],[85.777372,43.813107],[85.777038,43.812690],[85.776871,43.812174],[85.776938,43.811708],[85.777288,43.811106],[85.777371,43.810624],[85.776822,43.808739],[85.776962,43.805947],[85.776797,43.805413],[85.775448,43.804381],[85.774747,43.804182],[85.774082,43.804182],[85.773699,43.804282],[85.772349,43.804851],[85.771749,43.804934],[85.771266,43.804801],[85.770566,43.804185],[85.770067,43.803435],[85.769733,43.802751],[85.769633,43.802251],[85.769983,43.801367],[85.769958,43.800192],[85.769658,43.797958],[85.768958,43.794774],[85.768300,43.793699],[85.767850,43.791232],[85.768017,43.790598],[85.768567,43.789697],[85.769250,43.788163],[85.769899,43.787779],[85.770708,43.786903],[85.771424,43.785586],[85.771890,43.785452],[85.773306,43.784801],[85.774273,43.784116],[85.775689,43.782648],[85.775872,43.782164],[85.776005,43.781314],[85.776388,43.780730],[85.776346,43.779988],[85.776613,43.779387],[85.777029,43.778820],[85.777745,43.776986],[85.777595,43.776652],[85.776946,43.775953],[85.776846,43.775602],[85.777237,43.772826],[85.777437,43.772126],[85.778103,43.771358],[85.778470,43.770674],[85.778370,43.770107],[85.777720,43.768841],[85.777504,43.767607],[85.777895,43.766731],[85.778012,43.765998],[85.779027,43.764363],[85.779144,43.763696],[85.778961,43.763146],[85.778111,43.761863],[85.777712,43.760929],[85.777328,43.760346],[85.776920,43.760238],[85.776321,43.760238],[85.774455,43.760657],[85.774039,43.760607],[85.773506,43.760107],[85.772873,43.759141],[85.772273,43.758524],[85.771490,43.758075],[85.770540,43.757692],[85.769857,43.757242],[85.768657,43.756209],[85.765716,43.755585],[85.764717,43.755252],[85.764383,43.754836],[85.764000,43.754069],[85.763950,43.753202],[85.764082,43.752051],[85.764049,43.751251],[85.763583,43.750601],[85.762917,43.750034],[85.760391,43.748376],[85.759591,43.747676],[85.759058,43.746942],[85.758874,43.746226],[85.759000,43.745266],[85.759383,43.744532],[85.759868,43.744032],[85.761701,43.743097],[85.761851,43.742781],[85.761735,43.742531],[85.759767,43.741998],[85.757900,43.741714],[85.756883,43.741765],[85.754476,43.742256],[85.753871,43.742190],[85.753288,43.741981],[85.753017,43.741606],[85.752912,43.741043],[85.753037,43.740272],[85.753433,43.739564],[85.754361,43.738636],[85.755153,43.737677],[85.755341,43.737156],[85.755361,43.736739],[85.754820,43.736010],[85.754382,43.735614],[85.753214,43.735093],[85.752047,43.734780],[85.751609,43.734405],[85.751630,43.733905],[85.752318,43.733009],[85.753902,43.731987],[85.754444,43.731404],[85.754486,43.730924],[85.754277,43.730362],[85.753631,43.729778],[85.752861,43.729236],[85.752235,43.729132],[85.751421,43.729236],[85.750254,43.729840],[85.749118,43.730601],[85.747679,43.731393],[85.746907,43.731476],[85.744301,43.731183],[85.740630,43.731724],[85.739128,43.731827],[85.738335,43.731535],[85.737918,43.731014],[85.738001,43.730451],[85.738700,43.729649],[85.740014,43.728462],[85.740369,43.727774],[85.739931,43.727169],[85.738241,43.725793],[85.738220,43.725001],[85.738095,43.724292],[85.737427,43.723416],[85.736906,43.722499],[85.736874,43.721092],[85.736561,43.720300],[85.736144,43.719779],[85.734496,43.718860],[85.733932,43.718318],[85.733181,43.716400],[85.733057,43.715608],[85.733349,43.715170],[85.733808,43.714879],[85.735143,43.714359],[85.736478,43.713422],[85.737324,43.712370],[85.737908,43.711120],[85.737866,43.710119],[85.737532,43.708472],[85.736479,43.704584],[85.736103,43.703835],[85.736103,43.702626],[85.735790,43.702084],[85.735039,43.701332],[85.733912,43.699373],[85.733432,43.697684],[85.733401,43.695944],[85.733693,43.694548],[85.733630,43.693609],[85.733359,43.693088],[85.732900,43.692713],[85.729498,43.690521],[85.727891,43.688832],[85.727171,43.687799],[85.726503,43.685777],[85.726169,43.684234],[85.725939,43.683734],[85.725125,43.683066],[85.723559,43.682022],[85.722370,43.681395],[85.721179,43.679852],[85.719749,43.678818],[85.719728,43.677234],[85.719978,43.676067],[85.720438,43.674880],[85.721921,43.673777],[85.722673,43.673006],[85.722777,43.672506],[85.721941,43.670921],[85.721796,43.669691],[85.721377,43.668503],[85.720355,43.667105],[85.719436,43.666145],[85.718768,43.665185],[85.718705,43.664664],[85.719269,43.663018],[85.719520,43.661434],[85.720626,43.659747],[85.720730,43.658809],[85.720501,43.656141],[85.720710,43.655349],[85.721179,43.654589],[85.721973,43.653882],[85.722056,43.653319],[85.721826,43.651380],[85.721659,43.650879],[85.720929,43.650378],[85.720532,43.649752],[85.720532,43.649128],[85.720908,43.648232],[85.721033,43.647627],[85.720814,43.647033],[85.720271,43.646533],[85.718642,43.645489],[85.717911,43.644571],[85.717514,43.643715],[85.717702,43.642506],[85.717577,43.641673],[85.717723,43.640838],[85.718099,43.640173],[85.719289,43.639194],[85.719634,43.638538],[85.719571,43.637788],[85.718987,43.637120],[85.718047,43.636348],[85.716293,43.634574],[85.715040,43.634092],[85.714268,43.633612],[85.713850,43.632799],[85.713391,43.632381],[85.712555,43.631984],[85.709776,43.631646],[85.708566,43.631353],[85.707594,43.630820],[85.707114,43.630194],[85.706925,43.629526],[85.706967,43.628797],[85.706779,43.626441],[85.706550,43.626066],[85.706424,43.624127],[85.706027,43.623522],[85.702799,43.621630],[85.701943,43.621337],[85.700543,43.621335],[85.699498,43.621062],[85.698600,43.620435],[85.697994,43.619683],[85.697325,43.619370],[85.693814,43.619364],[85.691526,43.620079],[85.690355,43.620285],[85.689101,43.620429],[85.688015,43.620447],[85.686280,43.620715],[85.683939,43.620231],[85.683040,43.620376],[85.682403,43.620739],[85.681901,43.621218],[85.681420,43.622009],[85.681023,43.622467],[85.679560,43.623110],[85.678891,43.623567],[85.677679,43.624149],[85.676571,43.624834],[85.675777,43.625021],[85.675108,43.624998],[85.673875,43.624746],[85.672328,43.624138],[85.671105,43.623834],[85.664939,43.622926],[85.664793,43.622675],[85.664875,43.622300],[85.665273,43.621697],[85.665357,43.621113],[85.665127,43.620654],[85.663936,43.619297],[85.662828,43.618711],[85.659954,43.617549],[85.659097,43.616943],[85.658073,43.616066],[85.657948,43.615190],[85.657550,43.614230],[85.656694,43.613291],[85.655293,43.612058],[85.654207,43.611619],[85.653621,43.611493],[85.651009,43.612113],[85.650048,43.611966],[85.649358,43.611610],[85.648794,43.610796],[85.648387,43.609326],[85.648533,43.608638],[85.648993,43.607993],[85.648700,43.606200],[85.647906,43.604427],[85.647216,43.603821],[85.641596,43.602374],[85.640259,43.601851],[85.639455,43.600922],[85.638828,43.599879],[85.637136,43.597875],[85.636008,43.597186],[85.634839,43.596601],[85.633836,43.595891],[85.631873,43.593532],[85.631403,43.592292],[85.630421,43.591331],[85.627791,43.589848],[85.623950,43.588448],[85.622509,43.587467],[85.621632,43.586736],[85.621131,43.585903],[85.621058,43.585142],[85.622332,43.580953],[85.622353,43.580119],[85.622102,43.579390],[85.621434,43.578889],[85.620933,43.578346],[85.620474,43.577177],[85.620244,43.576949],[85.619034,43.576719],[85.617928,43.576697],[85.616738,43.576800],[85.614850,43.577372],[85.613368,43.577662],[85.612846,43.577620],[85.612200,43.577391],[85.611553,43.576870],[85.611198,43.575994],[85.610468,43.573117],[85.610322,43.571762],[85.609842,43.571199],[85.608862,43.570844],[85.607735,43.570677],[85.606484,43.570614],[85.605775,43.570385],[85.603971,43.570124],[85.602344,43.570061],[85.600822,43.570249],[85.598946,43.571187],[85.598258,43.571374],[85.594839,43.571104],[85.593797,43.570896],[85.593047,43.570250],[85.592630,43.569541],[85.592567,43.567185],[85.592244,43.565924],[85.591744,43.565341],[85.590494,43.564299],[85.588035,43.561986],[85.586889,43.560673],[85.585358,43.558267],[85.584837,43.557225],[85.584171,43.556641],[85.582338,43.555892],[85.581838,43.555413],[85.581609,43.554830],[85.581692,43.554246],[85.581900,43.553724],[85.582379,43.553224],[85.582733,43.552431],[85.582839,43.551326],[85.583150,43.550680],[85.583587,43.549804],[85.584441,43.548699],[85.584421,43.548115],[85.584025,43.547531],[85.583337,43.546802],[85.583193,43.546177],[85.583193,43.545364],[85.583025,43.545030],[85.581919,43.544225],[85.581237,43.543141],[85.580686,43.542625],[85.579704,43.540524],[85.579604,43.539975],[85.579854,43.539590],[85.580237,43.539256],[85.580737,43.538472],[85.581803,43.537787],[85.582910,43.537411],[85.584278,43.537110],[85.587611,43.536475],[85.588861,43.536390],[85.589877,43.536207],[85.590261,43.535956],[85.590378,43.535655],[85.590278,43.535305],[85.589577,43.534505],[85.589361,43.534106],[85.589477,43.533822],[85.589911,43.533504],[85.590711,43.533187],[85.592061,43.532219],[85.593295,43.531885],[85.595229,43.531801],[85.596396,43.531651],[85.596842,43.531517],[85.597201,43.531185],[85.597487,43.530785],[85.595048,43.529555],[85.594025,43.529238],[85.592875,43.529008],[85.592273,43.529003],[85.590830,43.529167],[85.588552,43.529591],[85.587148,43.529938],[85.584196,43.531051],[85.583274,43.531213],[85.581615,43.531274],[85.579946,43.531219],[85.578735,43.530962],[85.577363,43.530426],[85.576575,43.530384],[85.575274,43.530502],[85.573415,43.530528],[85.571924,43.530425],[85.567771,43.530544],[85.565411,43.530492],[85.562378,43.530614],[85.559803,43.530910],[85.557749,43.530904],[85.555978,43.531198],[85.554324,43.531641],[85.552998,43.532252],[85.548934,43.533161],[85.547117,43.533789],[85.544427,43.534022],[85.542421,43.534325],[85.541235,43.534357],[85.539876,43.534071],[85.536677,43.533664],[85.534127,43.533181],[85.533125,43.532901],[85.532138,43.532863],[85.531018,43.533086],[85.529817,43.533509],[85.528490,43.534260],[85.524051,43.535684],[85.521262,43.535847],[85.519683,43.536188],[85.518686,43.536056],[85.518076,43.535694],[85.515823,43.534807],[85.514452,43.534166],[85.513157,43.533130],[85.511467,43.532168],[85.509832,43.530827],[85.509127,43.529890],[85.508995,43.529123],[85.506898,43.526141],[85.506381,43.524797],[85.506118,43.523733],[85.505765,43.523260],[85.505322,43.523022],[85.504086,43.522636],[85.502429,43.522758],[85.499033,43.524038],[85.496882,43.524748],[85.494982,43.525174],[85.494762,43.525101],[85.493663,43.523712],[85.492447,43.522560],[85.490260,43.520917],[85.489751,43.520324],[85.489424,43.519653],[85.489412,43.519157],[85.489899,43.518430],[85.489877,43.518172],[85.488932,43.516613],[85.488624,43.515106],[85.487653,43.512530],[85.487663,43.512116],[85.487795,43.511757],[85.487998,43.511534],[85.488799,43.511056],[85.489177,43.510699],[85.489613,43.510056],[85.489811,43.509058],[85.489746,43.508625],[85.489562,43.508119],[85.488561,43.506731],[85.488378,43.506171],[85.488330,43.504144],[85.486731,43.502975],[85.485785,43.502425],[85.484695,43.502059],[85.483309,43.500696],[85.483239,43.500262],[85.483775,43.499342],[85.483809,43.499007],[85.483764,43.498692],[85.483462,43.498324],[85.482637,43.497941],[85.481644,43.497773],[85.478201,43.497298],[85.475491,43.497154],[85.474270,43.497330],[85.472271,43.498279],[85.471199,43.498337],[85.469271,43.497451],[85.466583,43.496505],[85.464164,43.496162],[85.462741,43.496128],[85.460891,43.496293],[85.459391,43.496622],[85.459018,43.496441],[85.458308,43.495595],[85.457921,43.494642],[85.457838,43.493629],[85.457663,43.492844],[85.457241,43.491983],[85.456758,43.491565],[85.455556,43.491119],[85.454553,43.490891],[85.450610,43.490771],[85.449694,43.490169],[85.448047,43.488611],[85.447232,43.487112],[85.446584,43.484706],[85.446341,43.484097],[85.446032,43.483691],[85.444592,43.482890],[85.443196,43.481825],[85.442385,43.481324],[85.439401,43.480321],[85.437025,43.479756],[85.434808,43.479048],[85.434037,43.478898],[85.430711,43.478691],[85.428506,43.478773],[85.425022,43.479599],[85.422238,43.480377],[85.420944,43.480456],[85.419833,43.480345],[85.418955,43.480118],[85.417778,43.480170],[85.415212,43.480926],[85.414776,43.480985],[85.413772,43.480531],[85.412266,43.480241],[85.409063,43.480314],[85.407546,43.480633],[85.405798,43.480767],[85.403336,43.480220],[85.401916,43.480181],[85.399287,43.480321],[85.396608,43.480785],[85.394294,43.481070],[85.390713,43.481226],[85.389869,43.481391],[85.389312,43.481713],[85.388467,43.481907],[85.387190,43.481821],[85.386126,43.481572],[85.385314,43.481058],[85.383614,43.481038],[85.381382,43.481280],[85.377070,43.482022],[85.373685,43.482360],[85.370924,43.483165],[85.369635,43.484020],[85.367918,43.484763],[85.365603,43.484862],[85.363415,43.485160],[85.360650,43.485107],[85.359444,43.484777],[85.359255,43.484504],[85.359197,43.483302],[85.358023,43.482091],[85.357684,43.481902],[85.357342,43.481835],[85.356177,43.482061],[85.355059,43.482501],[85.353996,43.482686],[85.349348,43.483030],[85.348033,43.483230],[85.345097,43.484202],[85.339893,43.484460],[85.339392,43.484566],[85.338953,43.484803],[85.337781,43.485043],[85.335506,43.485119],[85.334361,43.485307],[85.332659,43.485787],[85.330513,43.486539],[85.328765,43.486608],[85.328297,43.486711],[85.326799,43.487409],[85.325130,43.488357],[85.324592,43.488798],[85.323716,43.490002],[85.323337,43.491070],[85.323216,43.492921],[85.323537,43.493644],[85.324067,43.494125],[85.324380,43.494564],[85.324599,43.495818],[85.324534,43.496444],[85.324603,43.497074],[85.325147,43.498518],[85.325189,43.498978],[85.325072,43.500115],[85.324392,43.501457],[85.324460,43.502039],[85.324342,43.502672],[85.323988,43.503353],[85.323436,43.503801],[85.323199,43.504205],[85.323094,43.504703],[85.323156,43.505229],[85.324182,43.507009],[85.324768,43.508680],[85.325177,43.510629],[85.325917,43.512287],[85.326164,43.513275],[85.326106,43.515106],[85.326185,43.515538],[85.326857,43.516757],[85.327432,43.517549],[85.327357,43.518228],[85.327055,43.518985],[85.326722,43.519364],[85.325961,43.519951],[85.324932,43.520556],[85.323454,43.521171],[85.323096,43.521402],[85.322310,43.522879],[85.321703,43.524386],[85.321339,43.524723],[85.320644,43.525343],[85.319060,43.526443],[85.317145,43.527464],[85.316382,43.528525],[85.315222,43.529173],[85.314477,43.529173],[85.313995,43.529079],[85.311142,43.528114],[85.306077,43.526871],[85.304915,43.526759],[85.303837,43.526868],[85.303076,43.526801],[85.300536,43.524979],[85.299222,43.523764],[85.296999,43.522310],[85.296657,43.521862],[85.296697,43.520454],[85.296444,43.519471],[85.296401,43.518502],[85.297068,43.516502],[85.297854,43.515032],[85.297962,43.513818],[85.297895,43.512936],[85.297616,43.512080],[85.297617,43.511608],[85.297354,43.510358],[85.297278,43.509439],[85.297285,43.509182],[85.297652,43.508630],[85.297757,43.508280],[85.297682,43.507922],[85.296873,43.507324],[85.296420,43.507146],[85.295656,43.506442],[85.293994,43.505431],[85.293200,43.505048],[85.291978,43.504639],[85.290668,43.503566],[85.287454,43.502453],[85.286812,43.502404],[85.286407,43.502514],[85.284644,43.503255],[85.283172,43.504089],[85.281108,43.505955],[85.280858,43.506282],[85.280447,43.506567],[85.277006,43.507171],[85.274526,43.507905],[85.273779,43.508043],[85.270421,43.509213],[85.269343,43.510096],[85.268353,43.511514],[85.267953,43.511793],[85.267516,43.511906],[85.266179,43.511960],[85.262251,43.511413],[85.260446,43.511601],[85.259552,43.511838],[85.258707,43.512229],[85.257958,43.512741],[85.257015,43.512639],[85.256393,43.512737],[85.255445,43.513032],[85.253864,43.513768],[85.253235,43.514212],[85.252716,43.514964],[85.252646,43.515248],[85.252656,43.517062],[85.252311,43.517582],[85.251907,43.518452],[85.251494,43.519890],[85.251457,43.520576],[85.251281,43.520851],[85.250718,43.521044],[85.248828,43.521219],[85.245941,43.521746],[85.244958,43.521634],[85.243531,43.521273],[85.242780,43.521182],[85.241829,43.520893],[85.241402,43.520653],[85.240961,43.520220],[85.240180,43.519171],[85.238365,43.517241],[85.237245,43.515560],[85.236733,43.515130],[85.235841,43.514961],[85.235109,43.514992],[85.234449,43.515181],[85.232849,43.515942],[85.229555,43.517102],[85.228818,43.517126],[85.228368,43.517049],[85.226868,43.516528],[85.225269,43.515788],[85.223387,43.515478],[85.221528,43.514804],[85.218231,43.513806],[85.217080,43.513251],[85.215178,43.511424],[85.214532,43.510245],[85.214270,43.509512],[85.213955,43.509343],[85.213120,43.509523],[85.212010,43.510071],[85.209966,43.510775],[85.209513,43.510804],[85.207429,43.510368],[85.205640,43.510626],[85.204228,43.510626],[85.203296,43.510470],[85.202442,43.510626],[85.202197,43.510745],[85.201813,43.511266],[85.201468,43.511459],[85.201023,43.511577],[85.200036,43.511612],[85.198834,43.512066],[85.196799,43.511962],[85.195573,43.512044],[85.193096,43.512632],[85.191007,43.512524],[85.189709,43.512779],[85.189400,43.512898],[85.189097,43.513500],[85.188948,43.514976],[85.188144,43.516274],[85.187968,43.516469],[85.187694,43.516565],[85.186002,43.516343],[85.185632,43.516214],[85.185211,43.515514],[85.184594,43.515146],[85.182556,43.515167],[85.181406,43.514977],[85.179600,43.515175],[85.178721,43.515063],[85.177410,43.514599],[85.175419,43.513617],[85.174239,43.513303],[85.171297,43.512099],[85.170982,43.511835],[85.170735,43.511447],[85.170504,43.510824],[85.170338,43.510894],[85.169631,43.511825],[85.168393,43.512971],[85.167596,43.513418],[85.165608,43.514009],[85.165300,43.514181],[85.164914,43.514674],[85.164881,43.515173],[85.166118,43.517381],[85.167940,43.519416],[85.167956,43.519807],[85.167659,43.520331],[85.167470,43.520972],[85.166755,43.522150],[85.166746,43.522447],[85.166971,43.522871],[85.167023,43.523392],[85.166914,43.523639],[85.162478,43.525965],[85.161783,43.526475],[85.161007,43.527430],[85.160868,43.528086],[85.160952,43.528680],[85.160904,43.529150],[85.160830,43.529348],[85.160444,43.529738],[85.160370,43.530493],[85.160936,43.532011],[85.159486,43.532940],[85.158309,43.533589],[85.157514,43.533919],[85.157237,43.534089],[85.157164,43.534261],[85.156803,43.535659],[85.156308,43.536860],[85.156222,43.537294],[85.156353,43.538535],[85.156250,43.544819],[85.156879,43.545896],[85.157035,43.546296],[85.157061,43.546654],[85.156950,43.546866],[85.156324,43.547328],[85.155000,43.547770],[85.154039,43.547978],[85.152063,43.548280],[85.149814,43.548459],[85.149103,43.548374],[85.146944,43.547822],[85.145995,43.547709],[85.142381,43.547684],[85.138255,43.547948],[85.136981,43.547798],[85.133477,43.547819],[85.127976,43.548069],[85.120679,43.549053],[85.119471,43.549303],[85.117447,43.550121],[85.116521,43.550354],[85.115483,43.550858],[85.114333,43.551731],[85.112827,43.552512],[85.111688,43.552989],[85.111104,43.553153],[85.108814,43.553413],[85.107986,43.553746],[85.106970,43.554671],[85.105926,43.555372],[85.105470,43.555572],[85.104460,43.555397],[85.101858,43.554710],[85.098111,43.553966],[85.096220,43.553837],[85.093159,43.553312],[85.092306,43.553322],[85.091484,43.553432],[85.090865,43.553620],[85.089792,43.554097],[85.087633,43.555426],[85.086185,43.556548],[85.085529,43.556784],[85.084266,43.556812],[85.082246,43.555959],[85.081535,43.555797],[85.078071,43.555902],[85.077319,43.556012],[85.076465,43.556432],[85.075885,43.556447],[85.075289,43.556342],[85.074397,43.556475],[85.072632,43.557235],[85.070913,43.558133],[85.067602,43.560252],[85.066013,43.560792],[85.065687,43.561381],[85.065668,43.563572],[85.065373,43.564260],[85.064345,43.564873],[85.062722,43.565412],[85.061714,43.565963],[85.061086,43.566348],[85.060699,43.566712],[85.060410,43.567177],[85.060336,43.567374],[85.060394,43.567672],[85.060688,43.568098],[85.060952,43.568401],[85.062059,43.569016],[85.062122,43.569191],[85.061944,43.569386],[85.061530,43.569527],[85.060289,43.569875],[85.059647,43.569912],[85.057817,43.568382],[85.056967,43.568044],[85.055580,43.567824],[85.055466,43.567671],[85.056239,43.563944],[85.056195,43.563470],[85.055949,43.562799],[85.055265,43.561926],[85.054745,43.561507],[85.053194,43.560844],[85.051844,43.559970],[85.050196,43.558557],[85.049602,43.557885],[85.048630,43.556369],[85.048049,43.555748],[85.046903,43.554852],[85.045000,43.552675],[85.042300,43.551277],[85.040617,43.550290],[85.039218,43.549282],[85.038090,43.548357],[85.037689,43.547897],[85.037607,43.547702],[85.037617,43.547315],[85.038194,43.545617],[85.038123,43.545057],[85.037666,43.544069],[85.037554,43.542927],[85.037194,43.542146],[85.037050,43.542014],[85.036815,43.541966],[85.032852,43.541905],[85.032158,43.541810],[85.031643,43.541659],[85.031092,43.541070],[85.030633,43.539939],[85.030177,43.539265],[85.028019,43.536716],[85.027767,43.536238],[85.027636,43.535257],[85.027874,43.533452],[85.028092,43.531793],[85.027850,43.529842],[85.027139,43.528710],[85.026509,43.528009],[85.025225,43.526876],[85.022636,43.525090],[85.021635,43.524535],[85.021553,43.524296],[85.021630,43.523781],[85.021888,43.523142],[85.021836,43.522000],[85.021592,43.521771],[85.020247,43.521140],[85.019347,43.520499],[85.018490,43.519660],[85.017942,43.518909],[85.017829,43.518226],[85.017904,43.517648],[85.018229,43.517087],[85.018627,43.516786],[85.020499,43.514430],[85.020487,43.513843],[85.020358,43.513641],[85.019762,43.513247],[85.018355,43.512606],[85.017069,43.511898],[85.014644,43.510786],[85.012468,43.509373],[85.011757,43.508839],[85.010811,43.507906],[85.010678,43.506838],[85.010605,43.506712],[85.010344,43.506583],[85.004429,43.506955],[85.003678,43.506867],[85.001609,43.505851],[85.000096,43.504685],[84.996775,43.502559],[84.995735,43.501751],[84.995222,43.501157],[84.995011,43.499755],[84.994613,43.499232],[84.993257,43.498659],[84.991526,43.498142],[84.990337,43.497573],[84.989848,43.497233],[84.989614,43.496777],[84.990391,43.495291],[84.990869,43.493718],[84.990671,43.491575],[84.991329,43.490728],[84.992680,43.489727],[84.994203,43.487787],[84.994559,43.487100],[84.994527,43.486795],[84.994079,43.486517],[84.989988,43.486009],[84.988092,43.485377],[84.985416,43.484075],[84.983291,43.482883],[84.982073,43.481955],[84.981186,43.481092],[84.980572,43.480159],[84.980242,43.479870],[84.979857,43.479740],[84.976856,43.479885],[84.975519,43.480040],[84.974011,43.480340],[84.973130,43.480681],[84.970645,43.482089],[84.969869,43.482341],[84.966954,43.483794],[84.965879,43.484868],[84.965192,43.485325],[84.963663,43.486106],[84.962227,43.486705],[84.959997,43.487289],[84.959054,43.487428],[84.958294,43.487373],[84.957322,43.487229],[84.956033,43.486879],[84.954829,43.486310],[84.952325,43.484728],[84.951731,43.484500],[84.950699,43.484309],[84.950072,43.484344],[84.949282,43.484516],[84.947644,43.484895],[84.946513,43.485097],[84.945549,43.485243],[84.944412,43.485325],[84.943653,43.485340],[84.943127,43.485360],[84.942523,43.485221],[84.942025,43.485009],[84.941252,43.484680],[84.940303,43.484085],[84.939264,43.483563],[84.938368,43.483232],[84.937420,43.482929],[84.936742,43.482841],[84.936138,43.482797],[84.935884,43.482783],[84.935259,43.483056],[84.934455,43.483562],[84.934181,43.483836],[84.933629,43.484491],[84.933425,43.484844],[84.933015,43.485196],[84.932788,43.485449],[84.932352,43.485919],[84.930938,43.487378],[84.929692,43.488609],[84.929167,43.489305],[84.929072,43.489393],[84.927902,43.489957],[84.927857,43.489989],[84.927393,43.490310],[84.926963,43.490556],[84.926643,43.490711],[84.926516,43.490787],[84.925989,43.491054],[84.925186,43.491529],[84.924610,43.491909],[84.924315,43.492150],[84.923946,43.492608],[84.923583,43.493199],[84.923266,43.493879],[84.923059,43.494708],[84.923030,43.495340],[84.923095,43.495913],[84.923220,43.496508],[84.923363,43.496927],[84.923490,43.497334],[84.923798,43.498010],[84.924049,43.498546],[84.924120,43.498797],[84.924482,43.499230],[84.924762,43.499584],[84.925141,43.499919],[84.925213,43.499990],[84.914044,43.508003],[84.906036,43.514097],[84.905465,43.514747],[84.905569,43.514957],[84.905641,43.515358],[84.904803,43.516205],[84.902931,43.517615],[84.902260,43.518579],[84.901322,43.519562],[84.900608,43.520048],[84.900097,43.520540],[84.899133,43.521601],[84.898888,43.522385],[84.898965,43.522645],[84.898899,43.524797],[84.898722,43.525547],[84.898246,43.526553],[84.898092,43.527089],[84.897746,43.528735],[84.897447,43.531583],[84.897176,43.532084],[84.896401,43.532398],[84.894221,43.532858],[84.892807,43.533535],[84.891073,43.534521],[84.891021,43.534869],[84.891855,43.537081],[84.892065,43.537895],[84.892071,43.538198],[84.891888,43.538888],[84.891306,43.539889],[84.890923,43.541386],[84.890936,43.542634],[84.891049,43.543057],[84.891455,43.543758],[84.890687,43.544189],[84.890234,43.544559],[84.890144,43.544778],[84.889551,43.547971],[84.889520,43.548581],[84.889062,43.549754],[84.889022,43.550107],[84.889129,43.550253],[84.890238,43.550813],[84.891155,43.551412],[84.892344,43.552286],[84.893327,43.553804],[84.893630,43.555506],[84.893589,43.556057],[84.893431,43.556444],[84.892832,43.557237],[84.890980,43.558748],[84.890519,43.559265],[84.890185,43.559492],[84.889889,43.559927],[84.889988,43.560047],[84.891456,43.560537],[84.893710,43.561485],[84.894586,43.562049],[84.895028,43.562741],[84.895077,43.563557],[84.894949,43.564172],[84.894261,43.565900],[84.894176,43.567658],[84.894327,43.568094],[84.895333,43.569029],[84.897980,43.570085],[84.898225,43.570515],[84.898294,43.571386],[84.898479,43.571958],[84.898492,43.572563],[84.898367,43.573077],[84.897775,43.573991],[84.897484,43.575864],[84.897168,43.576285],[84.896557,43.576729],[84.895143,43.577159],[84.893402,43.577219],[84.890446,43.576824],[84.883633,43.576788],[84.883093,43.576955],[84.882212,43.577421],[84.881651,43.577535],[84.880896,43.577522],[84.880041,43.577341],[84.879394,43.577067],[84.878830,43.577444],[84.872553,43.576466],[84.863210,43.575394],[84.861609,43.574439],[84.860518,43.573907],[84.858407,43.572458],[84.857879,43.571938],[84.856301,43.571726],[84.855689,43.571782],[84.854617,43.571720],[84.852479,43.571426],[84.851292,43.571099],[84.850530,43.570779],[84.849537,43.570091],[84.847442,43.570382],[84.846182,43.570680],[84.844025,43.570840],[84.842876,43.571813],[84.842616,43.571867],[84.842192,43.571768],[84.841236,43.571853],[84.838269,43.572633],[84.837805,43.573037],[84.835265,43.574755],[84.834557,43.575401],[84.834221,43.576379],[84.834501,43.576725],[84.834924,43.578401],[84.834877,43.578578],[84.838579,43.578907],[84.839055,43.579078],[84.841647,43.579336],[84.842913,43.579627],[84.843767,43.579936],[84.845020,43.580618],[84.847262,43.581330],[84.850507,43.581700],[84.853124,43.582861],[84.853607,43.583286],[84.853879,43.583707],[84.853985,43.584047],[84.853971,43.584456],[84.853655,43.585329],[84.852977,43.586033],[84.852715,43.586500],[84.852773,43.587158],[84.852653,43.588227],[84.852295,43.589111],[84.851686,43.590172],[84.850919,43.591054],[84.849838,43.593887],[84.848465,43.595707],[84.847451,43.596801],[84.846690,43.598408],[84.844414,43.600777],[84.843847,43.601517],[84.843198,43.602597],[84.843049,43.603440],[84.843034,43.604367],[84.843232,43.605725],[84.843191,43.606780],[84.843442,43.607750],[84.843091,43.608926],[84.843073,43.609417],[84.843422,43.609823],[84.843517,43.610116],[84.843429,43.610672],[84.843519,43.612306],[84.843212,43.613233],[84.843237,43.613598],[84.843595,43.614355],[84.843545,43.615374],[84.843608,43.615611],[84.844045,43.616511],[84.844003,43.616686],[84.843611,43.617062],[84.843491,43.618184],[84.843044,43.618850],[84.843175,43.620626],[84.843344,43.621337],[84.843816,43.621911],[84.843566,43.623122],[84.843700,43.623574],[84.843197,43.624498],[84.843612,43.625084],[84.844149,43.626201],[84.843874,43.626817],[84.844024,43.627328],[84.843985,43.627726],[84.843856,43.627832],[84.844328,43.628556],[84.844848,43.630369],[84.844869,43.630772],[84.844701,43.631542],[84.844740,43.631983],[84.845504,43.634055],[84.845549,43.634877],[84.845769,43.635616],[84.845833,43.635734],[84.847154,43.636534],[84.847277,43.637590],[84.847500,43.637925],[84.847656,43.638837],[84.849006,43.640037],[84.849420,43.640908],[84.850161,43.641315],[84.851849,43.641913],[84.852128,43.642162],[84.852475,43.642737],[84.852817,43.643021],[84.854078,43.643486],[84.854653,43.643912],[84.855924,43.645439],[84.856641,43.645994],[84.857128,43.646258],[84.858949,43.646901],[84.860068,43.647424],[84.861034,43.648052],[84.861268,43.648416],[84.861701,43.649546],[84.862202,43.649960],[84.862494,43.650629],[84.863518,43.651290],[84.863977,43.652084],[84.864638,43.652177],[84.865072,43.652092],[84.865823,43.652116],[84.866693,43.652387],[84.867539,43.652413],[84.868824,43.653168],[84.870095,43.653462],[84.870286,43.653645],[84.870558,43.654326],[84.870968,43.654712],[84.870988,43.655030],[84.870798,43.655611],[84.870865,43.655839],[84.871349,43.656245],[84.872035,43.657271],[84.872665,43.657753],[84.872671,43.658305],[84.872882,43.658689],[84.873850,43.659212],[84.874413,43.660086],[84.875187,43.660603],[84.875797,43.661549],[84.876811,43.662287],[84.877910,43.663421],[84.878143,43.663821],[84.878169,43.664551],[84.879373,43.665617],[84.879519,43.665901],[84.879572,43.666735],[84.880398,43.667279],[84.880575,43.667858],[84.880942,43.668394],[84.881036,43.669017],[84.881359,43.669275],[84.881418,43.669586],[84.881723,43.669922],[84.881787,43.670312],[84.882244,43.670844],[84.882281,43.671479],[84.882796,43.672017],[84.882937,43.672346],[84.882807,43.673301],[84.883121,43.673950],[84.883939,43.674985],[84.886139,43.677201],[84.886883,43.677630],[84.888387,43.679164],[84.889557,43.680552],[84.889778,43.680946],[84.890002,43.682411],[84.889865,43.684225],[84.890004,43.684934],[84.889930,43.685401],[84.889972,43.685555],[84.890452,43.685892],[84.890524,43.686082],[84.890375,43.687013],[84.890936,43.688035],[84.891079,43.688825],[84.891538,43.689777],[84.891579,43.689987],[84.891415,43.691088],[84.891509,43.691595],[84.891668,43.691946],[84.892226,43.692598],[84.892885,43.693645],[84.892734,43.696074],[84.892909,43.696852],[84.893021,43.699665],[84.893133,43.700023],[84.893443,43.700531],[84.893914,43.701121],[84.894031,43.701430],[84.894066,43.702249],[84.894146,43.702407],[84.895122,43.703365],[84.895086,43.703912],[84.895194,43.704206],[84.896536,43.706404],[84.896625,43.706693],[84.896659,43.707105],[84.896372,43.708273],[84.896356,43.708703],[84.896815,43.709888],[84.896472,43.711080],[84.896454,43.711583],[84.896592,43.711910],[84.897019,43.712457],[84.898512,43.713503],[84.898721,43.713859],[84.898816,43.714286],[84.898875,43.715128],[84.898749,43.715867],[84.898019,43.717455],[84.897987,43.717848],[84.898166,43.719256],[84.898131,43.720667],[84.897856,43.721662],[84.897879,43.721899],[84.898450,43.722593],[84.899971,43.723561],[84.900135,43.724605],[84.900774,43.725694],[84.900901,43.726308],[84.901149,43.726880],[84.901472,43.727447],[84.901907,43.727968],[84.902150,43.728601],[84.902900,43.729600],[84.903946,43.731544],[84.904323,43.732546],[84.904585,43.732955],[84.905736,43.734200],[84.905791,43.734469],[84.906160,43.735162],[84.906236,43.735523],[84.907174,43.737251],[84.908451,43.739074],[84.909653,43.740493],[84.909784,43.740856],[84.909854,43.741582],[84.910225,43.742506],[84.911465,43.743433],[84.913991,43.744696],[84.914178,43.744844],[84.914561,43.745541],[84.914996,43.745777],[84.916427,43.746309],[84.918309,43.746600],[84.920380,43.746833],[84.921639,43.746683],[84.922724,43.746736],[84.923692,43.747220],[84.923994,43.747802],[84.924956,43.748453],[84.925480,43.748992],[84.925736,43.749902],[84.925704,43.750502],[84.925471,43.751300],[84.924481,43.753457],[84.924315,43.754045],[84.924391,43.754401],[84.924844,43.755030],[84.925017,43.755593],[84.925063,43.756111],[84.924946,43.756751],[84.925198,43.757453],[84.925342,43.758409],[84.925340,43.758784],[84.925148,43.759230],[84.925280,43.759882],[84.925258,43.760202],[84.924645,43.761271],[84.924685,43.762990],[84.925110,43.764488],[84.926130,43.766377],[84.926153,43.766986],[84.925558,43.768245],[84.925527,43.768986],[84.925680,43.770101],[84.925337,43.770984],[84.925252,43.771983],[84.924830,43.772658],[84.923203,43.774132],[84.923015,43.774447],[84.922996,43.774680],[84.923054,43.774921],[84.923395,43.775312],[84.923465,43.775518],[84.923460,43.777180],[84.923546,43.777613],[84.923437,43.778568],[84.923035,43.779315],[84.923052,43.779442],[84.923217,43.779810],[84.923862,43.780703],[84.923881,43.782058],[84.924712,43.783359],[84.924723,43.783671],[84.924562,43.783844],[84.924437,43.784266],[84.924484,43.784804],[84.924666,43.785329],[84.924860,43.786429],[84.924686,43.786650],[84.924586,43.786977],[84.924312,43.787228],[84.923272,43.787496],[84.922899,43.787713],[84.922444,43.788330],[84.922005,43.789515],[84.921185,43.790444],[84.921053,43.791058],[84.921219,43.792023],[84.921382,43.792472],[84.921307,43.793190],[84.921140,43.793343],[84.921096,43.793546],[84.921168,43.794375],[84.920477,43.795245],[84.920389,43.795499],[84.920457,43.796454],[84.920782,43.797261],[84.920970,43.797597],[84.923075,43.799583],[84.923340,43.799916],[84.923591,43.800690],[84.925321,43.802565],[84.925398,43.802875],[84.925355,43.803835],[84.925581,43.804657],[84.925891,43.804959],[84.926391,43.805257],[84.926777,43.805657],[84.927626,43.807051],[84.927712,43.807789],[84.927929,43.808226],[84.929092,43.809210],[84.929765,43.809959],[84.929913,43.810819],[84.930131,43.811240],[84.931076,43.811823],[84.931024,43.812351],[84.931086,43.812472],[84.932527,43.813137],[84.933733,43.813889],[84.935622,43.815704],[84.935887,43.816069],[84.936914,43.816554],[84.937781,43.817124],[84.938609,43.817901],[84.938713,43.818098],[84.938662,43.818531],[84.938419,43.819104],[84.938590,43.819692],[84.940029,43.820591],[84.942366,43.822236],[84.944264,43.823967],[84.945734,43.825048],[84.946663,43.825570],[84.947539,43.826199],[84.947777,43.826527],[84.948477,43.828355],[84.948817,43.828753],[84.949968,43.829568],[84.950841,43.829925],[84.951395,43.830285],[84.951621,43.830776],[84.951618,43.831345],[84.951902,43.832346],[84.952027,43.834211],[84.952384,43.835227],[84.953096,43.836285],[84.953510,43.837301],[84.954693,43.838960],[84.954913,43.840027],[84.955054,43.840282],[84.955584,43.840832],[84.956124,43.841095],[84.958575,43.840929],[84.959521,43.840984],[84.961207,43.841305],[84.961940,43.841788],[84.962060,43.842654],[84.961704,43.844302],[84.961660,43.845115],[84.961236,43.845391],[84.959909,43.845837],[84.959604,43.846312],[84.959299,43.847315],[84.959419,43.848676],[84.960055,43.849853],[84.960042,43.850183],[84.958557,43.851382],[84.957416,43.852555],[84.956461,43.853385],[84.954664,43.854788],[84.952291,43.855549],[84.950660,43.856364],[84.948824,43.856473],[84.948306,43.856605],[84.947684,43.857065],[84.947047,43.857778],[84.945802,43.859743],[84.945377,43.860165],[84.944092,43.860810],[84.943720,43.861126],[84.943309,43.861866],[84.943204,43.862222],[84.942846,43.862551],[84.942394,43.864017],[84.941758,43.864717],[84.940380,43.865559],[84.939943,43.865888],[84.939692,43.866205],[84.939294,43.867565],[84.938500,43.868515],[84.937811,43.869782],[84.936710,43.870599],[84.936339,43.871021],[84.935863,43.872474],[84.935518,43.873966],[84.935439,43.874798],[84.935518,43.875921],[84.935849,43.876661],[84.936459,43.877481],[84.936591,43.877904],[84.936538,43.878802],[84.936631,43.879304],[84.937134,43.879860],[84.938035,43.880495],[84.938274,43.880839],[84.938287,43.881301],[84.938088,43.881710],[84.937267,43.882554],[84.936790,43.883254],[84.936697,43.883676],[84.936883,43.884165],[84.938062,43.885554],[84.938088,43.885937],[84.937930,43.886307],[84.937386,43.886900],[84.937188,43.887283],[84.937174,43.887627],[84.939997,43.888925],[84.940368,43.889296],[84.940977,43.890591],[84.941017,43.891265],[84.941163,43.891767],[84.941401,43.891979],[84.941865,43.892046],[84.942925,43.891942],[84.943535,43.891983],[84.944065,43.892169],[84.946305,43.893361],[84.947352,43.893614],[84.948890,43.893749],[84.949871,43.894002],[84.951064,43.894441],[84.952695,43.895395],[84.953716,43.895661],[84.955215,43.895902],[84.955878,43.896141],[84.956978,43.897082],[84.957575,43.897387],[84.958570,43.897653],[84.959923,43.898158],[84.960440,43.898516],[84.960745,43.899098],[84.960785,43.899957],[84.960652,43.901000],[84.959777,43.902279],[84.959658,43.902741],[84.959764,43.903111],[84.960202,43.903720],[84.960334,43.904130],[84.960440,43.904936],[84.960759,43.906007],[84.960772,43.906839],[84.960971,43.908213],[84.960825,43.908715],[84.960241,43.909479],[84.960228,43.909823],[84.960692,43.911079],[84.961959,43.911907],[84.962291,43.912225],[84.962371,43.912608],[84.962172,43.913242],[84.961376,43.914759],[84.961455,43.915050],[84.962702,43.915674],[84.962888,43.915859],[84.962834,43.916136],[84.962450,43.916413],[84.962039,43.916874],[84.961986,43.917112],[84.962450,43.917839],[84.962517,43.918183],[84.962397,43.918539],[84.962065,43.919014],[84.961986,43.919357],[84.962065,43.919648],[84.962570,43.920072],[84.963856,43.920841],[84.965196,43.922245],[84.965661,43.923144],[84.965740,43.924016],[84.965595,43.924874],[84.965209,43.925639],[84.963525,43.927616],[84.963306,43.928138],[84.963293,43.929776],[84.963134,43.930197],[84.962709,43.930474],[84.961899,43.930697],[84.961436,43.931051],[84.960665,43.931434],[84.957403,43.932113],[84.956846,43.932428],[84.956408,43.932929],[84.956348,43.933451],[84.956468,43.934310],[84.956481,43.935300],[84.956362,43.935974],[84.956096,43.936449],[84.955460,43.937332],[84.950706,43.942850],[84.948081,43.944839],[84.947737,43.945446],[84.946809,43.946462],[84.946385,43.947108],[84.945947,43.948785],[84.945112,43.950580],[84.945112,43.950936],[84.945430,43.951756],[84.945324,43.953341],[84.945126,43.954199],[84.945139,43.955005],[84.945232,43.955375],[84.946107,43.956776],[84.946186,43.958058],[84.946107,43.959564],[84.945895,43.960593],[84.945934,43.961558],[84.946173,43.962998],[84.946067,43.963698],[84.945749,43.964688],[84.945789,43.965203],[84.946325,43.966611],[84.945901,43.968750],[84.945477,43.970268],[84.945252,43.972949],[84.945132,43.973517],[84.945278,43.974257],[84.944906,43.976700],[84.945451,43.977982],[84.945503,43.979026],[84.945675,43.979409],[84.946590,43.980124],[84.946895,43.980943],[84.947466,43.981816],[84.948704,43.983278],[84.948943,43.983781],[84.949130,43.984613],[84.949447,43.985221],[84.950136,43.985989],[84.951847,43.986943],[84.953391,43.989291],[84.955513,43.991383],[84.955858,43.991951],[84.957244,43.993335],[84.957483,43.993930],[84.957880,43.995899],[84.958278,43.996798],[84.958371,43.997432],[84.958060,43.998692],[84.958347,44.000572],[84.958571,44.001213],[84.959061,44.002078],[84.959940,44.004081],[84.959986,44.006367],[84.960392,44.006941],[84.963830,44.010060],[84.965691,44.013901],[84.969750,44.018022],[84.974638,44.024129],[84.979103,44.029104],[84.984728,44.031926],[84.986522,44.032052],[84.988713,44.031891],[84.990714,44.032597],[84.992553,44.035009],[84.999397,44.038819],[85.001190,44.039233],[85.006762,44.039050],[85.010165,44.040028],[85.013997,44.042435],[85.016648,44.045700],[85.020487,44.048530],[85.021883,44.048666],[85.022473,44.048372],[85.023867,44.048220],[85.025476,44.049062],[85.025889,44.049915],[85.028104,44.051192],[85.031491,44.051160],[85.034095,44.052282],[85.036293,44.052694],[85.039510,44.054242],[85.042542,44.056648],[85.042757,44.057363],[85.041194,44.059230],[85.040812,44.059951],[85.040850,44.061814],[85.041470,44.063094],[85.041509,44.064668],[85.043124,44.065941],[85.045322,44.066353],[85.046325,44.066912],[85.046746,44.067909],[85.047948,44.068616],[85.051148,44.069298],[85.051960,44.070150],[85.052182,44.071152],[85.056391,44.072977],[85.063851,44.077767],[85.067653,44.079015],[85.070245,44.079279],[85.072057,44.080409],[85.072463,44.080974],[85.078685,44.083919],[85.079686,44.084188],[85.089145,44.090389],[85.094010,44.095338],[85.095468,44.096501],[85.095611,44.097052],[85.095685,44.097932],[85.095638,44.099773],[85.095499,44.100892],[85.095511,44.101975],[85.095923,44.106301],[85.096191,44.107783],[85.096270,44.108935],[85.096569,44.110116],[85.096698,44.112056],[85.096588,44.116567],[85.095940,44.123395],[85.095884,44.125137],[85.095357,44.128089],[85.094830,44.132503],[85.094015,44.136052],[85.092759,44.139984],[85.092445,44.142306],[85.092366,44.144361],[85.091799,44.147880],[85.092762,44.148959],[85.092835,44.149277],[85.092709,44.149556],[85.092357,44.149920],[85.092099,44.151295],[85.092127,44.151741],[85.092340,44.152178],[85.092393,44.152658],[85.092210,44.153021],[85.091147,44.154156],[85.091319,44.154795],[85.091080,44.156220],[85.090828,44.156991],[85.090313,44.157852],[85.090373,44.158763],[85.090578,44.159037],[85.090913,44.159276],[85.090967,44.159717],[85.090762,44.160113],[85.089092,44.161335],[85.088674,44.161971],[85.087842,44.163884],[85.087852,44.164234],[85.088054,44.164702],[85.088483,44.165091],[85.089041,44.166972],[85.089126,44.167775],[85.089078,44.168442],[85.088728,44.168993],[85.088577,44.169430],[85.088558,44.169761],[85.088653,44.169991],[85.088599,44.170211],[85.087581,44.171915],[85.087625,44.173708],[85.087745,44.173853],[85.087705,44.175065],[85.087848,44.176192],[85.088648,44.177808],[85.089104,44.178394],[85.089545,44.179416],[85.089874,44.179722],[85.090054,44.180091],[85.090070,44.180403],[85.091141,44.181943],[85.091348,44.182563],[85.091359,44.182871],[85.091495,44.183165],[85.091792,44.183497],[85.092105,44.184275],[85.092235,44.185551],[85.092522,44.186080],[85.092380,44.186826],[85.092453,44.187201],[85.092834,44.187805],[85.092998,44.188343],[85.093052,44.189445],[85.093195,44.189934],[85.094219,44.191400],[85.094217,44.191796],[85.093911,44.192138],[85.093877,44.192321],[85.093765,44.193868],[85.093425,44.194603],[85.093643,44.195519],[85.093536,44.197257],[85.093577,44.197574],[85.093792,44.197940],[85.094514,44.198571],[85.094772,44.198985],[85.094595,44.199691],[85.094739,44.200660],[85.094523,44.201210],[85.094112,44.201732],[85.094069,44.202008],[85.094100,44.202365],[85.094372,44.202689],[85.094488,44.203739],[85.094679,44.204050],[85.094945,44.207089],[85.095305,44.207461],[85.095148,44.207809],[85.095162,44.208012],[85.095534,44.208842],[85.095547,44.209100],[85.095440,44.209246],[85.095051,44.209353],[85.095116,44.209859],[85.094853,44.210318],[85.095024,44.210589],[85.095031,44.210767],[85.094565,44.211801],[85.094365,44.212831],[85.094405,44.213336],[85.094702,44.213928],[85.094905,44.214946],[85.095175,44.215448],[85.095119,44.216139],[85.095347,44.216361],[85.095479,44.216892],[85.095352,44.218329],[85.095546,44.218643],[85.095522,44.219374],[85.095618,44.219588],[85.096370,44.220446],[85.096461,44.220829],[85.097575,44.222117],[85.097801,44.222788],[85.098532,44.224305],[85.098894,44.224709],[85.099175,44.225320],[85.099338,44.225473],[85.099324,44.225749],[85.099898,44.226211],[85.099779,44.226725],[85.100192,44.227276],[85.100144,44.227688],[85.099811,44.228051],[85.099850,44.228239],[85.100691,44.228945],[85.100716,44.229237],[85.100458,44.229544],[85.100248,44.230099],[85.100655,44.230856],[85.100662,44.231327],[85.100361,44.231924],[85.100645,44.233580],[85.100365,44.234568],[85.100375,44.234925],[85.100641,44.235434],[85.100900,44.236935],[85.100883,44.237725],[85.101184,44.239292],[85.101324,44.240659],[85.102024,44.241777],[85.101664,44.243106],[85.102185,44.243831],[85.101989,44.244183],[85.102050,44.244412],[85.103039,44.245333],[85.103222,44.246042],[85.103892,44.246647],[85.104173,44.247061],[85.104652,44.248685],[85.104484,44.249392],[85.105287,44.249778],[85.105402,44.249915],[85.105376,44.250178],[85.105034,44.250579],[85.104934,44.250892],[85.105376,44.251578],[85.106049,44.253550],[85.106386,44.254899],[85.106480,44.255725],[85.106614,44.256120],[85.106616,44.256277],[85.106660,44.259908],[85.106703,44.263531],[85.106721,44.263730],[85.106989,44.267352],[85.107251,44.270974],[85.107510,44.274601],[85.107780,44.278223],[85.107597,44.279481],[85.107431,44.280690],[85.107536,44.280880],[85.107590,44.282676],[85.107807,44.283372],[85.109164,44.284445],[85.109647,44.284647],[85.110066,44.285019],[85.111278,44.285672],[85.111779,44.286609],[85.111797,44.286846],[85.112135,44.287257],[85.112238,44.288292],[85.112451,44.288606],[85.112487,44.289363],[85.112256,44.290536],[85.112421,44.291680],[85.112680,44.292139],[85.112760,44.292838],[85.112391,44.293681],[85.112383,44.293932],[85.112552,44.294381],[85.112497,44.294651],[85.112037,44.295218],[85.111985,44.295800],[85.112084,44.296968],[85.112018,44.297570],[85.112088,44.297928],[85.112282,44.298137],[85.112031,44.298880],[85.112051,44.299058],[85.112309,44.299422],[85.112320,44.299754],[85.111960,44.300431],[85.111953,44.300643],[85.112270,44.301315],[85.112390,44.302498],[85.111985,44.303115],[85.111626,44.304444],[85.111321,44.304863],[85.110608,44.305479],[85.110338,44.306538],[85.110330,44.307052],[85.109790,44.308386],[85.109658,44.309555],[85.110381,44.309715],[85.110816,44.309952],[85.111571,44.310528],[85.111795,44.311163],[85.111818,44.311902],[85.112016,44.312436],[85.112487,44.314565],[85.112499,44.316352],[85.113248,44.317866],[85.113546,44.319254],[85.113423,44.320546],[85.113427,44.321816],[85.113468,44.322071],[85.113778,44.322547],[85.113702,44.323477],[85.113913,44.325047],[85.113684,44.326015],[85.113241,44.327311],[85.113210,44.327699],[85.113295,44.327989],[85.113994,44.328650],[85.114226,44.329628],[85.114830,44.330551],[85.114815,44.330973],[85.114993,44.331606],[85.115114,44.332756],[85.114960,44.333526],[85.115222,44.334115],[85.115221,44.334766],[85.114760,44.336329],[85.114396,44.340056],[85.113921,44.343148],[85.113340,44.343750],[85.124855,44.340133],[85.133719,44.337536],[85.161171,44.329269],[85.161580,44.329186],[85.161927,44.329041],[85.168845,44.326956],[85.171304,44.326131],[85.173998,44.325387],[85.175152,44.325239],[85.175831,44.325230],[85.176984,44.325227],[85.177627,44.325206],[85.178418,44.325195],[85.179745,44.325241],[85.179814,44.325269],[85.179864,44.325273],[85.180065,44.325595],[85.180732,44.327346],[85.180765,44.329619],[85.181379,44.331157],[85.181906,44.332115],[85.181692,44.333686],[85.182130,44.334909],[85.181549,44.336313],[85.181829,44.337965],[85.181903,44.338282],[85.182212,44.339575],[85.181755,44.341691],[85.182204,44.343227],[85.181949,44.346135],[85.183462,44.350597],[85.184568,44.355643],[85.185115,44.358844],[85.185835,44.362121],[85.185742,44.363090],[85.186298,44.364815],[85.187019,44.367935],[85.187342,44.371519],[85.187592,44.372151],[85.188857,44.379185],[85.189222,44.380614],[85.189977,44.383573],[85.190139,44.385707],[85.191176,44.389292],[85.191023,44.390079],[85.191650,44.393530],[85.192440,44.395919],[85.192320,44.397562],[85.193748,44.401788],[85.194039,44.404711],[85.195096,44.407433],[85.196140,44.413111],[85.197590,44.419459],[85.197933,44.420399],[85.197807,44.422292],[85.198288,44.424572],[85.198328,44.425658],[85.198358,44.426483],[85.198590,44.427566],[85.198671,44.428752],[85.199210,44.431363],[85.199449,44.432945],[85.199675,44.434439],[85.200814,44.435767],[85.203656,44.438263],[85.204135,44.439963],[85.204464,44.442677],[85.205108,44.444739],[85.205945,44.446855],[85.206082,44.447547],[85.205925,44.449979],[85.207125,44.451379],[85.207829,44.453394],[85.208213,44.455049],[85.208728,44.455799],[85.209205,44.459861],[85.210161,44.461303],[85.210747,44.461576],[85.210575,44.463801],[85.210262,44.465253],[85.210343,44.465967],[85.210492,44.466519],[85.210850,44.467029],[85.211121,44.469008],[85.211369,44.469680],[85.211846,44.470355],[85.212429,44.472079],[85.212495,44.472830],[85.212357,44.473304],[85.212391,44.474210],[85.212541,44.474717],[85.212666,44.476056],[85.213200,44.478118],[85.212901,44.479214],[85.214039,44.479312],[85.215244,44.479545],[85.222711,44.480200],[85.228603,44.479298],[85.230229,44.479203],[85.236035,44.478605],[85.241914,44.478716],[85.250275,44.477610],[85.254648,44.476697],[85.254885,44.478553],[85.253328,44.480283],[85.253335,44.480572],[85.254152,44.481277],[85.254205,44.483563],[85.253633,44.484858],[85.255526,44.488845],[85.255762,44.490559],[85.254992,44.491707],[85.251641,44.493608],[85.246468,44.494393],[85.245491,44.495403],[85.243377,44.499150],[85.243005,44.500161],[85.243057,44.502447],[85.242477,44.503311],[85.240532,44.505486],[85.239968,44.507061],[85.239625,44.509646],[85.240037,44.510210],[85.240067,44.511353],[85.235728,44.513844],[85.235949,44.514702],[85.238389,44.516672],[85.238610,44.517521],[85.237215,44.517689],[85.236208,44.517413],[85.234424,44.517720],[85.233868,44.519592],[85.233974,44.524308],[85.234828,44.526731],[85.234851,44.527874],[85.234066,44.528457],[85.233745,44.531754],[85.233151,44.532186],[85.231565,44.532495],[85.230201,44.533941],[85.229454,44.536243],[85.229492,44.538097],[85.230117,44.539239],[85.229201,44.542681],[85.229438,44.544250],[85.230041,44.544671],[85.230269,44.545674],[85.228912,44.547696],[85.229342,44.549180],[85.229781,44.550687],[85.230390,44.551109],[85.232189,44.551226],[85.232418,44.552651],[85.231634,44.553234],[85.231442,44.553671],[85.233073,44.554937],[85.233875,44.555066],[85.234484,44.555490],[85.234934,44.557628],[85.234156,44.558498],[85.234789,44.560208],[85.235414,44.561198],[85.234240,44.562215],[85.233691,44.564654],[85.233928,44.566079],[85.236566,44.567765],[85.236779,44.568623],[85.236391,44.569058],[85.235407,44.569637],[85.235818,44.570345],[85.236833,44.570909],[85.237275,44.572472],[85.239509,44.574161],[85.238762,44.576606],[85.238800,44.578325],[85.239607,44.579297],[85.239256,44.581451],[85.239881,44.582297],[85.239737,44.584877],[85.240972,44.586434],[85.240819,44.588294],[85.241430,44.589005],[85.241072,44.590872],[85.240492,44.591448],[85.240508,44.592168],[85.241117,44.592591],[85.241139,44.593878],[85.239973,44.595174],[85.238655,44.598771],[85.235004,44.601181],[85.235100,44.601465],[85.235075,44.601972],[85.234797,44.602215],[85.234408,44.602403],[85.233566,44.602471],[85.232949,44.602624],[85.232327,44.602997],[85.231613,44.602631],[85.231019,44.603619],[85.230112,44.604224],[85.229934,44.605040],[85.229658,44.605333],[85.229724,44.605663],[85.229517,44.606235],[85.228969,44.606664],[85.228523,44.607449],[85.226963,44.608519],[85.226258,44.609139],[85.226242,44.609602],[85.226498,44.609988],[85.226835,44.610236],[85.226828,44.610429],[85.225847,44.612106],[85.225063,44.612737],[85.223000,44.613214],[85.222776,44.613419],[85.222687,44.613914],[85.222846,44.614674],[85.223158,44.615253],[85.223146,44.615645],[85.222926,44.615900],[85.222658,44.616113],[85.222198,44.616262],[85.220314,44.616778],[85.220525,44.616998],[85.220518,44.617215],[85.219411,44.617215],[85.219077,44.617490],[85.218529,44.617652],[85.218347,44.617929],[85.218015,44.618157],[85.217320,44.618132],[85.217144,44.618222],[85.216790,44.619327],[85.216500,44.620508],[85.216888,44.621122],[85.216986,44.622323],[85.216915,44.623387],[85.214819,44.623971],[85.213883,44.624739],[85.212863,44.624882],[85.212453,44.624925],[85.212097,44.625650],[85.212141,44.626430],[85.211290,44.627041],[85.210327,44.627227],[85.210228,44.627497],[85.210129,44.627759],[85.210334,44.628050],[85.210384,44.628604],[85.209775,44.628931],[85.209364,44.629371],[85.208789,44.629787],[85.208486,44.630181],[85.208060,44.630537],[85.208046,44.630948],[85.207863,44.631318],[85.207847,44.631928],[85.207649,44.632538],[85.206615,44.632994],[85.205892,44.633577],[85.204858,44.634047],[85.204094,44.634573],[85.203805,44.634945],[85.203017,44.636107],[85.200738,44.636182],[85.198712,44.635504],[85.186756,44.635918],[85.179893,44.634708],[85.163080,44.631525],[85.160811,44.630891],[85.150190,44.629718],[85.141647,44.629405],[85.131447,44.628820],[85.119820,44.628072],[85.118269,44.627823],[85.116080,44.627825],[85.112368,44.627467],[85.103316,44.627693],[85.099190,44.627796],[85.093608,44.627935],[85.081814,44.627963],[85.078864,44.627371],[85.068360,44.626379],[85.065200,44.625716],[85.055088,44.624382],[85.046780,44.623117],[85.018256,44.619649],[85.019509,44.632371],[85.021783,44.650311],[85.022113,44.653035],[85.023643,44.665647],[85.023623,44.666221],[85.023852,44.668079],[85.024220,44.670030],[85.024406,44.674495],[85.024615,44.675593],[85.024834,44.678200],[85.024998,44.678793],[85.025254,44.681588],[85.025102,44.682601],[85.025452,44.685603],[85.025342,44.686690],[85.026042,44.688199],[85.026816,44.689256],[85.027517,44.690473],[85.028989,44.691688],[85.030225,44.692450],[85.033308,44.693531],[85.037886,44.694735],[85.039937,44.695185],[85.041838,44.695915],[85.043487,44.696058],[85.045317,44.696576],[85.052880,44.698130],[85.052348,44.701721],[85.050423,44.712878],[85.050493,44.713131],[85.050676,44.713225],[85.051897,44.713341],[85.052025,44.714299],[85.052654,44.716137],[85.053116,44.717064],[85.054008,44.718185],[85.054130,44.718957],[85.054792,44.723165],[85.054406,44.723351],[85.053518,44.724483],[85.053245,44.726642],[85.050844,44.732733],[85.049385,44.736003],[85.047629,44.739195],[85.046596,44.740205],[85.041371,44.742551],[85.038746,44.743350],[85.035508,44.744528],[85.031624,44.745585],[85.026679,44.748397],[85.023985,44.749693],[85.021954,44.750606],[85.019371,44.751548],[85.015326,44.752852],[85.012936,44.754010],[85.010856,44.754854],[85.010403,44.755283],[85.018808,44.757822],[85.026635,44.760479],[85.030590,44.761620],[85.037218,44.763799],[85.037578,44.764140],[85.044666,44.768493],[85.046778,44.769790],[85.047406,44.770204],[85.047462,44.770456],[85.047130,44.772961],[85.046793,44.778013],[85.046436,44.783362],[85.045999,44.787391],[85.045993,44.788962],[85.045888,44.790155],[85.045709,44.790904],[85.045593,44.791031],[85.045308,44.791105],[85.043430,44.791420],[85.042722,44.791619],[85.042320,44.791987],[85.040997,44.793641],[85.040200,44.794198],[85.038823,44.794882],[85.036606,44.796309],[85.035627,44.796666],[85.034891,44.796827],[85.034321,44.797137],[85.033552,44.797720],[85.031953,44.799343],[85.031055,44.801804],[85.030205,44.802882],[85.029226,44.803756],[85.026490,44.806690],[85.025988,44.807716],[85.024218,44.810535],[85.023682,44.811222],[85.022984,44.812466],[85.022501,44.813840],[85.022072,44.814475],[85.021555,44.815956],[85.020815,44.818792],[85.020669,44.820306],[85.019950,44.822665],[85.019627,44.826579],[85.019797,44.831581],[85.020152,44.834827],[85.020519,44.836126],[85.020494,44.837199],[85.020607,44.838551],[85.026359,44.845931],[85.029880,44.850269],[85.032055,44.859636],[85.031793,44.860567],[85.031645,44.862136],[85.030300,44.870911],[85.028567,44.880982],[85.027668,44.884617],[85.027148,44.886207],[85.027135,44.886595],[85.027639,44.887889],[85.028984,44.890515],[85.029335,44.891638],[85.030204,44.893678],[85.030616,44.895258],[85.031359,44.896840],[85.032748,44.900542],[85.033225,44.901662],[85.033645,44.902649],[85.034211,44.904407],[85.034510,44.904802],[85.035474,44.907684],[85.036131,44.909013],[85.036549,44.910434],[85.037240,44.912174],[85.038199,44.913301],[85.039514,44.915061],[85.041896,44.918481],[85.043612,44.920946],[85.050074,44.929865],[85.051032,44.931351],[85.051536,44.931816],[85.059956,44.934462],[85.064982,44.936216],[85.075248,44.939567],[85.080286,44.941384],[85.084797,44.942755],[85.091080,44.945296],[85.107115,44.951383],[85.114493,44.954270],[85.120092,44.956269],[85.127893,44.959379],[85.131258,44.960567],[85.136432,44.962660],[85.147987,44.967630],[85.155480,44.970699],[85.156033,44.971025],[85.158234,44.977861],[85.160298,44.985372],[85.161621,44.989570],[85.162767,44.993741],[85.165361,45.001585],[85.171715,45.022676],[85.194987,45.029618],[85.213365,45.027982],[85.214271,45.027970],[85.220349,45.024715],[85.221705,45.024300],[85.225116,45.023597],[85.239602,45.020017],[85.240849,45.019709],[85.242026,45.020877],[85.242910,45.020999],[85.255355,45.028892],[85.258432,45.031577],[85.259699,45.034432],[85.260157,45.037436],[85.257874,45.044474],[85.254577,45.051515],[85.253395,45.052820],[85.251600,45.054124],[85.251440,45.055985],[85.253333,45.060118],[85.253555,45.061408],[85.251593,45.064285],[85.250327,45.071745],[85.249548,45.073047],[85.248549,45.073626],[85.248006,45.074238],[85.247480,45.074595],[85.246852,45.074729],[85.246270,45.074720],[85.245750,45.074916],[85.242687,45.076564],[85.240869,45.077999],[85.238461,45.080225],[85.238438,45.081004],[85.238758,45.083625],[85.239115,45.085444],[85.238877,45.085875],[85.237932,45.086329],[85.237042,45.086934],[85.236782,45.087307],[85.236699,45.087723],[85.236683,45.088258],[85.237056,45.091423],[85.237913,45.101902],[85.238419,45.110001],[85.238608,45.116106],[85.238911,45.117397],[85.239144,45.119014],[85.241022,45.127803],[85.241211,45.129703],[85.242005,45.133435],[85.242457,45.134102],[85.243213,45.135994],[85.244411,45.138536],[85.245272,45.140071],[85.246683,45.142943],[85.247173,45.144346],[85.248618,45.149968],[85.248622,45.150963],[85.248999,45.151763],[85.249430,45.154122],[85.250023,45.156355],[85.250398,45.158363],[85.250295,45.158629],[85.249954,45.158974],[85.248378,45.160112],[85.245216,45.163073],[85.241755,45.166139],[85.239344,45.168092],[85.238688,45.168692],[85.238392,45.169093],[85.232566,45.174252],[85.221620,45.187666],[85.216641,45.194055],[85.210834,45.201268],[85.206125,45.206910],[85.205924,45.207300],[85.206035,45.210912],[85.205905,45.213936],[85.205916,45.220707],[85.205719,45.224724],[85.205751,45.227826],[85.205623,45.228927],[85.204830,45.232368],[85.204280,45.234313],[85.203528,45.236971],[85.202069,45.242630],[85.201666,45.243456],[85.201925,45.244200],[85.204178,45.248214],[85.205368,45.250931],[85.206504,45.252711],[85.208624,45.254797],[85.209387,45.255318],[85.213197,45.258490],[85.214806,45.259951],[85.216823,45.261552],[85.218338,45.262969],[85.220014,45.264189],[85.222480,45.266590],[85.224339,45.268005],[85.225152,45.269212],[85.225820,45.270525],[85.226496,45.271221],[85.227582,45.273184],[85.235796,45.285600],[85.235987,45.285981],[85.237697,45.289396],[85.239406,45.292803],[85.239485,45.293054],[85.240553,45.296587],[85.241619,45.300129],[85.242687,45.303670],[85.243051,45.306136],[85.243573,45.309734],[85.244093,45.313336],[85.244632,45.315980],[85.245369,45.319561],[85.245465,45.321739],[85.245639,45.325355],[85.245813,45.328971],[85.244937,45.331679],[85.243799,45.335204],[85.242664,45.338734],[85.241917,45.340895],[85.240719,45.344412],[85.240250,45.346382],[85.239409,45.349951],[85.238576,45.353519],[85.238395,45.354938],[85.237960,45.358546],[85.239020,45.360754],[85.240668,45.364182],[85.242326,45.367606],[85.244245,45.369155],[85.244982,45.369752],[85.239926,45.375002],[85.239505,45.375559],[85.241500,45.378890],[85.244613,45.383676],[85.245674,45.385790],[85.247209,45.387894],[85.249430,45.391262],[85.251098,45.394121],[85.252486,45.396039],[85.274884,45.410564],[85.276601,45.411877],[85.277421,45.413005],[85.280180,45.417282],[85.280690,45.417901],[85.280968,45.418135],[85.281360,45.418167],[85.281746,45.418336],[85.282504,45.418845],[85.282845,45.419549],[85.282994,45.420712],[85.283475,45.421363],[85.285904,45.421648],[85.287875,45.422052],[85.288327,45.422074],[85.289425,45.421933],[85.292132,45.421369],[85.294252,45.420714],[85.296977,45.420444],[85.297917,45.420034],[85.298515,45.419629],[85.299382,45.419349],[85.302359,45.419296],[85.304240,45.418837],[85.304967,45.418522],[85.305372,45.418466],[85.306152,45.418660],[85.306890,45.419217],[85.307868,45.419714],[85.311911,45.421042],[85.313383,45.421876],[85.314344,45.421992],[85.315424,45.422276],[85.316573,45.422390],[85.318510,45.423041],[85.320416,45.423478],[85.321419,45.423481],[85.323169,45.423247],[85.350596,45.427984],[85.353714,45.428770],[85.363444,45.430923],[85.382025,45.434854],[85.388119,45.436233],[85.389236,45.436642],[85.391743,45.437899],[85.394499,45.439577],[85.397776,45.441321],[85.410459,45.448403],[85.413079,45.450202],[85.419635,45.453808],[85.421020,45.454754],[85.423533,45.455673],[85.426076,45.456767],[85.429133,45.457717],[85.430738,45.458423],[85.432724,45.459041],[85.433684,45.459471],[85.434431,45.459881],[85.438952,45.464425],[85.443933,45.468998],[85.447196,45.472287],[85.451448,45.476207],[85.461911,45.486429],[85.463990,45.488349],[85.473224,45.496681],[85.475864,45.498849],[85.478668,45.501536],[85.483167,45.505238],[85.491699,45.512643],[85.492423,45.513461],[85.492907,45.514376],[85.493936,45.516617],[85.498315,45.525474],[85.501974,45.533638],[85.502431,45.534166],[85.509050,45.544458],[85.510246,45.546683],[85.511350,45.548152],[85.511720,45.548477],[85.514186,45.549914],[85.516084,45.550893],[85.522878,45.555230],[85.529052,45.558918],[85.531373,45.560542],[85.532807,45.562811],[85.533685,45.563915],[85.534494,45.565368],[85.536554,45.568174],[85.538421,45.571067],[85.540626,45.574230],[85.541017,45.574927],[85.541248,45.575627],[85.543435,45.586875],[85.543583,45.587774],[85.543541,45.588985],[85.543893,45.589344],[85.544263,45.589469],[85.545157,45.589557],[85.545343,45.589668],[85.545755,45.590712],[85.546096,45.590837],[85.546446,45.591304],[85.547013,45.592270],[85.547335,45.593113],[85.547775,45.593318],[85.548414,45.593346],[85.549316,45.593159],[85.550272,45.593111],[85.552804,45.593539],[85.553237,45.593752],[85.553431,45.594063],[85.553557,45.595380],[85.553770,45.595670],[85.556310,45.597001],[85.556444,45.597299],[85.556215,45.597672],[85.556218,45.598014],[85.556452,45.598184],[85.556670,45.598266],[85.558005,45.598268],[85.558423,45.598347],[85.561943,45.600165],[85.563808,45.600352],[85.564699,45.600584],[85.565672,45.601037],[85.566396,45.601751],[85.566762,45.602709],[85.566627,45.604317],[85.566925,45.604993],[85.566394,45.605354],[85.566016,45.605480],[85.565547,45.605930],[85.564685,45.606505],[85.564288,45.607340],[85.564341,45.607582],[85.564574,45.607819],[85.565605,45.608064],[85.568145,45.608134],[85.568136,45.608522],[85.566842,45.609402],[85.566243,45.610092],[85.565665,45.611343],[85.565793,45.612351],[85.566548,45.613023],[85.567071,45.613354],[85.567389,45.613861],[85.567352,45.614314],[85.567208,45.614561],[85.566198,45.615614],[85.566144,45.615841],[85.566165,45.615986],[85.566930,45.616817],[85.566997,45.617204],[85.567230,45.617357],[85.567646,45.617376],[85.570295,45.616982],[85.570819,45.617059],[85.571710,45.617545],[85.572311,45.618086],[85.573470,45.618851],[85.573695,45.619290],[85.574954,45.619548],[85.575126,45.619859],[85.575074,45.620681],[85.575288,45.620915],[85.575457,45.621334],[85.576967,45.623104],[85.577869,45.624534],[85.580065,45.627006],[85.587104,45.633628],[85.590981,45.637499],[85.592552,45.638888],[85.594667,45.639974],[85.595959,45.640432],[85.596793,45.641140],[85.596916,45.641458],[85.596723,45.641895],[85.595377,45.643271],[85.594897,45.644121],[85.594809,45.647016],[85.595481,45.648132],[85.595346,45.648519],[85.594543,45.649486],[85.594199,45.650382],[85.593968,45.650722],[85.591969,45.651627],[85.591807,45.651800],[85.591828,45.651907],[85.592194,45.652164],[85.591943,45.652393],[85.591601,45.652516],[85.590601,45.652554],[85.590122,45.652770],[85.590070,45.652934],[85.590376,45.653330],[85.590632,45.653467],[85.591315,45.653602],[85.591509,45.653964],[85.591597,45.654420],[85.598573,45.674787],[85.602715,45.687632],[85.605036,45.693723],[85.606565,45.698336],[85.610951,45.710015],[85.612308,45.713974],[85.613258,45.718980],[85.614121,45.722615],[85.616244,45.738141],[85.616817,45.742924],[85.617840,45.747004],[85.619031,45.752431],[85.619466,45.753655],[85.620548,45.758705],[85.621361,45.763049],[85.623848,45.764384],[85.626155,45.765851],[85.629469,45.767639],[85.635886,45.771674],[85.637292,45.772361],[85.640834,45.773736],[85.642495,45.775236],[85.642808,45.775641],[85.642632,45.776515],[85.642265,45.777329],[85.642255,45.777729],[85.642368,45.778015],[85.642924,45.778774],[85.643857,45.779254],[85.644430,45.779303],[85.645935,45.779875],[85.646768,45.780554],[85.647726,45.781510],[85.647936,45.782198],[85.647929,45.782507],[85.647769,45.782688],[85.647056,45.782988],[85.645335,45.783407],[85.643615,45.784261],[85.643342,45.784700],[85.643230,45.785826],[85.642984,45.786615],[85.642047,45.787246],[85.641690,45.787659],[85.641650,45.788351],[85.642287,45.789195],[85.648832,45.794134],[85.649649,45.794951],[85.651549,45.796334],[85.652594,45.796891],[85.653672,45.797623],[85.655407,45.799104],[85.656661,45.799751],[85.657648,45.800737],[85.659419,45.802252],[85.659857,45.802479],[85.661501,45.802543],[85.662173,45.802987],[85.662803,45.803688],[85.663275,45.803983],[85.663761,45.804156],[85.665216,45.804151],[85.665800,45.804259],[85.666376,45.804722],[85.666458,45.805295],[85.666654,45.805598],[85.666949,45.805765],[85.668292,45.805963],[85.669751,45.806534],[85.670061,45.806839],[85.670074,45.807027],[85.669786,45.807829],[85.669907,45.808006],[85.670174,45.808088],[85.671695,45.808084],[85.672698,45.807956],[85.673043,45.808035],[85.673557,45.808351],[85.673730,45.808354],[85.673892,45.808348],[85.674342,45.808045],[85.674952,45.807832],[85.675929,45.808033],[85.676270,45.808313],[85.676408,45.808544],[85.676281,45.809085],[85.676317,45.809595],[85.677272,45.809971],[85.678896,45.810415],[85.679789,45.810890],[85.681068,45.810974],[85.681353,45.811078],[85.681795,45.811615],[85.681852,45.812000],[85.682068,45.812224],[85.684363,45.812376],[85.684593,45.812525],[85.684845,45.812791],[85.684892,45.813301],[85.684326,45.813966],[85.684396,45.814309],[85.684708,45.814501],[85.686134,45.815217],[85.687856,45.815307],[85.688076,45.815410],[85.688288,45.815797],[85.688298,45.816127],[85.688468,45.816297],[85.689287,45.816353],[85.690339,45.816167],[85.690655,45.816225],[85.691009,45.816706],[85.691108,45.817041],[85.691094,45.817659],[85.691224,45.817736],[85.691668,45.817700],[85.692214,45.817386],[85.693105,45.817176],[85.693399,45.817389],[85.693518,45.817666],[85.693512,45.817946],[85.692901,45.818476],[85.692752,45.818675],[85.692779,45.818830],[85.693625,45.819237],[85.694201,45.819708],[85.694564,45.819813],[85.695479,45.819846],[85.695667,45.819995],[85.695708,45.820271],[85.694989,45.821055],[85.694953,45.821309],[85.695582,45.821551],[85.695675,45.821707],[85.695760,45.822138],[85.695559,45.822565],[85.695628,45.822909],[85.695912,45.823079],[85.697083,45.823182],[85.699151,45.822821],[85.699701,45.822854],[85.699888,45.823044],[85.699883,45.823253],[85.699552,45.823845],[85.699546,45.824087],[85.699701,45.824357],[85.700625,45.824774],[85.701167,45.825181],[85.701796,45.825398],[85.704072,45.825595],[85.704702,45.825812],[85.704754,45.826134],[85.703979,45.826763],[85.703835,45.827049],[85.703926,45.827225],[85.704712,45.827403],[85.705273,45.827740],[85.705686,45.827770],[85.706063,45.827742],[85.706848,45.827464],[85.707657,45.827428],[85.707762,45.827550],[85.707677,45.827850],[85.707340,45.828201],[85.706991,45.828789],[85.707081,45.829036],[85.707298,45.829202],[85.708200,45.829314],[85.708340,45.829462],[85.708292,45.829958],[85.708373,45.830088],[85.708863,45.830141],[85.709518,45.829740],[85.709934,45.829603],[85.710723,45.829676],[85.711101,45.829881],[85.711174,45.830082],[85.711091,45.830323],[85.710422,45.831046],[85.710460,45.831443],[85.710755,45.831643],[85.711559,45.831832],[85.712029,45.832214],[85.712905,45.832609],[85.713294,45.832869],[85.713506,45.833281],[85.713677,45.833404],[85.714023,45.833454],[85.714612,45.833349],[85.716369,45.833417],[85.716555,45.833649],[85.716502,45.833895],[85.715573,45.834213],[85.715218,45.834563],[85.715154,45.834750],[85.715211,45.834843],[85.715635,45.835026],[85.717916,45.835115],[85.718874,45.835335],[85.719422,45.835718],[85.719436,45.836403],[85.719734,45.836465],[85.721396,45.836486],[85.722460,45.836298],[85.723659,45.836434],[85.723667,45.836856],[85.722496,45.837601],[85.722101,45.838106],[85.722074,45.838778],[85.722564,45.839314],[85.723192,45.839589],[85.724271,45.839468],[85.726044,45.838872],[85.726738,45.838860],[85.726908,45.838991],[85.727015,45.839293],[85.726975,45.839489],[85.725282,45.841059],[85.725355,45.841281],[85.725652,45.841351],[85.726846,45.841191],[85.727287,45.841284],[85.727610,45.841521],[85.727944,45.841555],[85.728679,45.841355],[85.729517,45.841311],[85.729706,45.841434],[85.729825,45.841690],[85.729724,45.841923],[85.729158,45.842388],[85.729121,45.842696],[85.729262,45.842798],[85.729626,45.842823],[85.729988,45.842686],[85.731052,45.841939],[85.731958,45.841803],[85.732106,45.842135],[85.731946,45.843636],[85.732099,45.843993],[85.732329,45.844150],[85.733411,45.843920],[85.733679,45.843945],[85.733974,45.844115],[85.734195,45.844414],[85.734008,45.844755],[85.732866,45.845768],[85.732839,45.846189],[85.734333,45.846482],[85.734695,45.846620],[85.734911,45.846865],[85.734907,45.847019],[85.734648,45.847379],[85.733670,45.847777],[85.733653,45.847986],[85.733776,45.848087],[85.734656,45.848352],[85.734884,45.848810],[85.735116,45.848888],[85.735373,45.848891],[85.735549,45.848772],[85.736021,45.848268],[85.736323,45.848130],[85.736670,45.848113],[85.736908,45.848157],[85.737496,45.848607],[85.739238,45.848527],[85.740742,45.849141],[85.741806,45.849717],[85.742208,45.850144],[85.742265,45.850541],[85.742135,45.850761],[85.741276,45.851477],[85.741316,45.851812],[85.741570,45.851936],[85.742059,45.851975],[85.742601,45.851826],[85.743752,45.851927],[85.743987,45.851863],[85.744279,45.851612],[85.745014,45.851357],[85.745958,45.851376],[85.746308,45.851514],[85.746507,45.851704],[85.746520,45.851904],[85.746000,45.852449],[85.746026,45.852604],[85.746292,45.852728],[85.746850,45.852660],[85.747589,45.852764],[85.747698,45.852945],[85.747610,45.853916],[85.747722,45.854026],[85.748883,45.854461],[85.749376,45.854884],[85.749371,45.855084],[85.749033,45.855489],[85.749077,45.855665],[85.750781,45.855651],[85.751208,45.855789],[85.751483,45.856055],[85.751522,45.856431],[85.751354,45.857018],[85.751409,45.857228],[85.751550,45.857329],[85.752687,45.857268],[85.752979,45.857003],[85.754552,45.856135],[85.755116,45.856049],[85.755433,45.856278],[85.755425,45.856654],[85.755226,45.857002],[85.754423,45.857611],[85.754356,45.857945],[85.754532,45.858097],[85.755794,45.858294],[85.755968,45.859089],[85.755728,45.860189],[85.755998,45.860417],[85.756417,45.860423],[85.757595,45.860076],[85.758346,45.860194],[85.758940,45.860825],[85.759178,45.861422],[85.758914,45.862012],[85.757632,45.862749],[85.757329,45.863456],[85.757573,45.863767],[85.757859,45.863812],[85.758267,45.863708],[85.760193,45.862585],[85.760634,45.862589],[85.761821,45.863462],[85.762533,45.863670],[85.763260,45.863744],[85.763724,45.864342],[85.763899,45.865095],[85.764523,45.865544],[85.764481,45.865761],[85.763735,45.866597],[85.763825,45.866865],[85.764168,45.866952],[85.765500,45.866682],[85.766169,45.866689],[85.766394,45.866775],[85.765386,45.868067],[85.765751,45.868271],[85.766858,45.868458],[85.767036,45.869061],[85.767533,45.869241],[85.769099,45.868639],[85.769446,45.868685],[85.769440,45.868885],[85.769042,45.869674],[85.768974,45.870033],[85.769157,45.870360],[85.769522,45.870589],[85.770034,45.870678],[85.772885,45.870264],[85.773325,45.870319],[85.773656,45.871074],[85.773936,45.871335],[85.774242,45.871497],[85.775101,45.871530],[85.775345,45.871858],[85.775183,45.872166],[85.774467,45.872693],[85.774377,45.872960],[85.774460,45.873069],[85.774874,45.873182],[85.775725,45.873082],[85.777155,45.872611],[85.777598,45.872591],[85.777917,45.872753],[85.777874,45.873061],[85.776083,45.874121],[85.776080,45.874279],[85.777014,45.874681],[85.777389,45.875044],[85.777718,45.875798],[85.778000,45.875993],[85.779617,45.875792],[85.780605,45.875317],[85.780952,45.875337],[85.781105,45.875431],[85.780942,45.875780],[85.779606,45.876276],[85.779597,45.876677],[85.779976,45.876856],[85.780357,45.876835],[85.780986,45.876515],[85.782252,45.876435],[85.782532,45.876789],[85.782791,45.878035],[85.783062,45.878673],[85.783496,45.879036],[85.784030,45.879191],[85.785212,45.879737],[85.785431,45.880065],[85.785516,45.880533],[85.786048,45.880822],[85.787310,45.880926],[85.788005,45.880841],[85.791054,45.880009],[85.791742,45.880216],[85.791828,45.880593],[85.791727,45.880834],[85.790442,45.881791],[85.790314,45.882215],[85.790389,45.882633],[85.790703,45.882945],[85.791297,45.883059],[85.792094,45.882649],[85.793168,45.882634],[85.794321,45.883421],[85.795417,45.884024],[85.796395,45.884017],[85.797186,45.883849],[85.797686,45.883962],[85.798283,45.884476],[85.798319,45.885512],[85.798429,45.885997],[85.798706,45.886417],[85.799514,45.887093],[85.799787,45.887755],[85.800125,45.888134],[85.800467,45.888270],[85.801696,45.888281],[85.801979,45.888443],[85.802013,45.888551],[85.801656,45.889033],[85.801613,45.889408],[85.801798,45.889652],[85.802292,45.889923],[85.803175,45.889973],[85.804441,45.889876],[85.804591,45.890161],[85.804618,45.890537],[85.804839,45.890806],[85.805551,45.891013],[85.805889,45.891350],[85.806009,45.891877],[85.805784,45.892359],[85.805837,45.892694],[85.807429,45.893501],[85.808461,45.893802],[85.808933,45.894049],[85.809858,45.894850],[85.810521,45.895098],[85.813021,45.894744],[85.813617,45.894749],[85.813924,45.894927],[85.814204,45.895197],[85.814140,45.895397],[85.813277,45.896182],[85.813319,45.896959],[85.814537,45.897479],[85.815918,45.897600],[85.816235,45.897861],[85.816346,45.898221],[85.815703,45.899318],[85.815313,45.899715],[85.815426,45.900000],[85.815685,45.900136],[85.816663,45.900103],[85.818198,45.900333],[85.821633,45.902041],[85.821972,45.902378],[85.821872,45.902594],[85.820615,45.902809],[85.820095,45.903138],[85.820160,45.903448],[85.821533,45.903944],[85.823105,45.904066],[85.823351,45.904285],[85.823571,45.904579],[85.823529,45.904862],[85.823111,45.905477],[85.822806,45.906359],[85.823048,45.906762],[85.823713,45.906918],[85.824118,45.906921],[85.824718,45.906751],[85.825613,45.906717],[85.826555,45.906725],[85.827781,45.906869],[85.828063,45.907088],[85.828004,45.908173],[85.828286,45.908376],[85.829792,45.908740],[85.830770,45.908790],[85.831645,45.909173],[85.832407,45.909246],[85.832653,45.909423],[85.833266,45.910364],[85.833955,45.910478],[85.834616,45.910834],[85.834610,45.911101],[85.834371,45.911717],[85.834386,45.912711],[85.834840,45.913182],[85.835809,45.913675],[85.836313,45.914122],[85.836705,45.914743],[85.837171,45.915273],[85.837316,45.915783],[85.837020,45.916265],[85.836477,45.918248],[85.837005,45.918678],[85.838918,45.919045],[85.839296,45.919223],[85.839444,45.919558],[85.839417,45.919733],[85.838701,45.920320],[85.838532,45.920962],[85.838559,45.921405],[85.838992,45.921826],[85.839719,45.921857],[85.844881,45.920881],[85.848151,45.921460],[85.848613,45.922199],[85.849906,45.923712],[85.850433,45.924134],[85.850813,45.924271],[85.851184,45.924232],[85.851606,45.924052],[85.852106,45.924081],[85.852136,45.924391],[85.851825,45.925557],[85.852044,45.925918],[85.852448,45.926005],[85.852831,45.925991],[85.853974,45.925533],[85.855098,45.924833],[85.856171,45.924341],[85.857166,45.924082],[85.858592,45.923852],[85.860759,45.924088],[85.862513,45.924704],[85.864471,45.924696],[85.865959,45.924926],[85.866837,45.925200],[85.867237,45.925513],[85.867743,45.927020],[85.868023,45.927373],[85.868960,45.927690],[85.869491,45.928004],[85.869650,45.928364],[85.869699,45.928916],[85.869103,45.930063],[85.868712,45.930452],[85.868707,45.930719],[85.868932,45.930829],[85.870759,45.930828],[85.871175,45.930941],[85.871361,45.931184],[85.870825,45.932282],[85.870376,45.932654],[85.870406,45.932896],[85.870655,45.933007],[85.873880,45.933018],[85.875296,45.933273],[85.875765,45.933694],[85.875971,45.934180],[85.876344,45.934610],[85.877700,45.934930],[85.879694,45.934990],[85.881448,45.935715],[85.881532,45.936284],[85.880703,45.936527],[85.880602,45.936785],[85.880656,45.937052],[85.880878,45.937322],[85.880870,45.937714],[85.880729,45.938180],[85.880341,45.938444],[85.879932,45.938591],[85.879674,45.938947],[85.879814,45.939700],[85.881168,45.940105],[85.883255,45.939748],[85.884089,45.939271],[85.885400,45.938907],[85.886214,45.938806],[85.886882,45.938895],[85.887352,45.939300],[85.887688,45.939854],[85.888394,45.941030],[85.888571,45.941699],[85.888369,45.942249],[85.887811,45.943279],[85.886570,45.943735],[85.885772,45.943569],[85.884360,45.943047],[85.883037,45.942885],[85.881554,45.942939],[85.879542,45.943739],[85.878029,45.945295],[85.877678,45.945484],[85.875816,45.945401],[85.875298,45.945580],[85.875042,45.945837],[85.875038,45.946062],[85.876426,45.947711],[85.876764,45.948173],[85.876853,45.948483],[85.876787,45.948791],[85.875288,45.949621],[85.875283,45.949888],[85.875490,45.950266],[85.875866,45.950620],[85.876806,45.950829],[85.878668,45.950912],[85.879274,45.951109],[85.879387,45.951444],[85.879411,45.952021],[85.879808,45.952483],[85.880276,45.952955],[85.881120,45.953188],[85.882171,45.953239],[85.882730,45.953378],[85.883842,45.953405],[85.884290,45.953100],[85.886076,45.952297],[85.886618,45.952110],[85.887285,45.952200],[85.887587,45.952670],[85.886523,45.953830],[85.886577,45.954139],[85.886898,45.954234],[85.888285,45.954221],[85.889163,45.954605],[85.890588,45.954510],[85.891472,45.954559],[85.891943,45.954898],[85.892586,45.955672],[85.892904,45.955900],[85.893979,45.956019],[85.895021,45.955937],[85.895495,45.956141],[85.895737,45.956611],[85.895630,45.957203],[85.895163,45.958418],[85.895601,45.958639],[85.895985,45.958601],[85.897130,45.958169],[85.900917,45.957278],[85.902975,45.957339],[85.903377,45.957569],[85.904236,45.958946],[85.903907,45.959820],[85.903576,45.960259],[85.901386,45.960798],[85.899058,45.961719],[85.898282,45.962263],[85.897353,45.963248],[85.897047,45.964155],[85.897291,45.964533],[85.898117,45.964516],[85.899323,45.964085],[85.902532,45.963414],[85.907337,45.962575],[85.908997,45.962191],[85.910351,45.962162],[85.911116,45.962262],[85.911362,45.962548],[85.911308,45.963432],[85.910607,45.963776],[85.909899,45.964454],[85.909307,45.965308],[85.909709,45.966197],[85.910608,45.966782],[85.911651,45.967318],[85.913685,45.966854],[85.914954,45.966917],[85.916243,45.967172],[85.917956,45.967189],[85.918373,45.967277],[85.918776,45.967507],[85.919171,45.968471],[85.919375,45.969387],[85.919612,45.969523],[85.919971,45.969527],[85.920646,45.969379],[85.926581,45.967453],[85.928206,45.967136],[85.929141,45.966528],[85.930014,45.965385],[85.930562,45.964974],[85.931070,45.964762],[85.932252,45.964399],[85.933780,45.964173],[85.935829,45.963635],[85.940102,45.962295],[85.940510,45.962300],[85.940865,45.962571],[85.943159,45.963715],[85.943905,45.964257],[85.943991,45.964768],[85.943621,45.965933],[85.942939,45.967077],[85.941644,45.968257],[85.941122,45.968577],[85.939378,45.968800],[85.938796,45.969128],[85.938320,45.969524],[85.938175,45.970223],[85.938038,45.970447],[85.937374,45.970682],[85.936071,45.972305],[85.933704,45.973098],[85.932487,45.973986],[85.931922,45.975308],[85.932307,45.976506],[85.933207,45.977710],[85.936404,45.979973],[85.939606,45.981928],[85.939908,45.982458],[85.939762,45.983207],[85.938262,45.986949],[85.937940,45.987454],[85.937515,45.987734],[85.937044,45.987846],[85.936717,45.988034],[85.935745,45.989268],[85.935898,45.991273],[85.936300,45.991586],[85.937221,45.991797],[85.938330,45.992184],[85.939468,45.992289],[85.941369,45.992702],[85.942276,45.993004],[85.943156,45.993431],[85.946220,45.995218],[85.949251,45.997565],[85.951829,45.999097],[85.954629,46.001292],[85.954572,46.001842],[85.953434,46.004183],[85.952155,46.006373],[85.952039,46.007416],[85.952021,46.009603],[85.952203,46.013980],[85.952083,46.018371],[85.952169,46.018948],[85.952694,46.019747],[85.955592,46.022894],[85.960603,46.028787],[85.961183,46.029938],[85.961456,46.030759],[85.961583,46.032306],[85.961561,46.033524],[85.962103,46.038565],[85.962491,46.044799],[85.964009,46.045325],[85.966541,46.046373],[85.973524,46.049460],[85.985687,46.054479],[85.986665,46.055000],[85.988283,46.055462],[86.002288,46.058699],[86.004789,46.059147],[86.005770,46.059517],[86.010262,46.061641],[86.013931,46.063161],[86.016021,46.064188],[86.024301,46.067948],[86.024510,46.068392],[86.024289,46.070001],[86.022811,46.072498],[86.019954,46.074060],[86.016426,46.076625],[86.014609,46.078549],[86.013748,46.080125],[86.013017,46.081954],[86.011924,46.086408],[86.011520,46.087464],[86.011306,46.088631],[86.010502,46.090449],[86.009489,46.091857],[86.006574,46.094725],[86.003419,46.097238],[86.002943,46.097963],[86.002722,46.098867],[86.002846,46.099666],[86.004132,46.100787],[86.004795,46.101497],[86.005155,46.102236],[86.004890,46.103288],[86.004232,46.104300],[86.003548,46.105072],[86.002356,46.106056],[86.000671,46.106925],[85.999572,46.107623],[85.998567,46.108563],[85.998438,46.110331],[85.997772,46.112502],[85.996813,46.114111],[85.995786,46.116219],[85.993150,46.123896],[85.992572,46.124482],[85.990004,46.126471],[85.979606,46.133229],[85.955583,46.149150],[85.932525,46.163944],[85.926932,46.167917],[85.922256,46.170884],[85.909065,46.179001],[85.905907,46.181238],[85.905342,46.181541],[85.902921,46.181839],[85.898403,46.182168],[85.892298,46.182257],[85.887940,46.182460],[85.884824,46.182464],[85.879360,46.182657],[85.873784,46.183581],[85.868340,46.184285],[85.863022,46.185100],[85.862753,46.185064],[85.862522,46.184920],[85.860274,46.183122],[85.859208,46.182483],[85.858347,46.181758],[85.856673,46.180662],[85.855212,46.180019],[85.854519,46.179871],[85.853692,46.179898],[85.852993,46.180067],[85.851324,46.180187],[85.850067,46.180398],[85.846746,46.181242],[85.845543,46.182017],[85.844119,46.181905],[85.843509,46.182130],[85.842205,46.182286],[85.841909,46.182129],[85.841586,46.181805],[85.841218,46.181029],[85.840802,46.180575],[85.839542,46.180076],[85.839112,46.179997],[85.838609,46.180014],[85.837915,46.180484],[85.837518,46.180556],[85.836218,46.180536],[85.833291,46.180950],[85.830131,46.181278],[85.828417,46.181285],[85.827851,46.181159],[85.826593,46.180551],[85.825908,46.180612],[85.824920,46.180879],[85.823747,46.180794],[85.823038,46.180049],[85.822105,46.179653],[85.817634,46.179636],[85.817037,46.179530],[85.814658,46.178132],[85.814168,46.178040],[85.813860,46.178146],[85.809281,46.183154],[85.806874,46.186072],[85.806611,46.186278],[85.804527,46.187287],[85.798150,46.190123],[85.793030,46.192230],[85.792143,46.192731],[85.791455,46.192892],[85.783818,46.192840],[85.764816,46.193001],[85.752604,46.192935],[85.741937,46.192673],[85.716814,46.192893],[85.713002,46.193121],[85.711919,46.193095],[85.706253,46.192163],[85.705043,46.192113],[85.704482,46.192139],[85.701176,46.193104],[85.698065,46.193158],[85.696236,46.193025],[85.694054,46.192266],[85.692632,46.192247],[85.688646,46.191813],[85.683151,46.191216],[85.680261,46.190814],[85.679874,46.190841],[85.677226,46.192188],[85.671311,46.194712],[85.662781,46.198651],[85.660750,46.199354],[85.660119,46.199763],[85.660015,46.200096],[85.660058,46.200292],[85.660442,46.200874],[85.660426,46.201041],[85.660042,46.201707],[85.658826,46.201867],[85.656766,46.202523],[85.655670,46.202973],[85.654225,46.204125],[85.653121,46.205392],[85.652367,46.206882],[85.651557,46.208177],[85.651249,46.208946],[85.651152,46.209708],[85.650783,46.210517],[85.650468,46.210814],[85.648288,46.211946],[85.647172,46.211972],[85.646251,46.211651],[85.645862,46.211302],[85.644061,46.210782],[85.640992,46.210324],[85.639991,46.210097],[85.636782,46.209745],[85.632306,46.209443],[85.631047,46.209447],[85.630667,46.209455],[85.630248,46.209591],[85.629539,46.209991],[85.627727,46.210464],[85.624170,46.211061],[85.620231,46.211319],[85.619714,46.211541],[85.619209,46.211978],[85.618663,46.212158],[85.614965,46.212199],[85.614648,46.212119],[85.613709,46.211644],[85.608913,46.211120],[85.607837,46.210852],[85.607524,46.210626],[85.606646,46.208692],[85.606070,46.208145],[85.605403,46.207673],[85.604032,46.206905],[85.603010,46.206437],[85.602490,46.206309],[85.601903,46.206203],[85.601439,46.206229],[85.600074,46.206922],[85.599432,46.207136],[85.597636,46.207055],[85.594562,46.207106],[85.593531,46.207007],[85.592868,46.206810],[85.591761,46.205936],[85.590757,46.205945],[85.588520,46.205764],[85.588017,46.205683],[85.587309,46.205407],[85.586529,46.205345],[85.584129,46.205470],[85.583668,46.205398],[85.583139,46.204942],[85.582989,46.204471],[85.582925,46.202750],[85.582866,46.202509],[85.582667,46.202292],[85.581663,46.201871],[85.580252,46.201605],[85.577428,46.200257],[85.576578,46.199938],[85.574269,46.199612],[85.573440,46.199635],[85.572825,46.199507],[85.571643,46.199019],[85.570904,46.198822],[85.570219,46.198405],[85.569369,46.198066],[85.567914,46.197740],[85.567171,46.197698],[85.565769,46.197858],[85.564332,46.198210],[85.562582,46.198366],[85.561477,46.198187],[85.558096,46.198117],[85.557528,46.198035],[85.553373,46.196213],[85.551501,46.195575],[85.549304,46.195229],[85.548410,46.194798],[85.547120,46.194387],[85.545966,46.193857],[85.542751,46.191925],[85.540017,46.189717],[85.538702,46.189130],[85.536870,46.188870],[85.534510,46.188888],[85.532994,46.188675],[85.531844,46.188229],[85.530666,46.187269],[85.529212,46.185409],[85.527007,46.184338],[85.526013,46.183685],[85.524371,46.182842],[85.521605,46.181929],[85.520358,46.181782],[85.519227,46.181528],[85.517579,46.181370],[85.514560,46.180567],[85.510688,46.179213],[85.507253,46.177850],[85.506350,46.177390],[85.505453,46.176032],[85.504831,46.174887],[85.504569,46.174620],[85.504100,46.174494],[85.502493,46.174475],[85.501735,46.174285],[85.501179,46.173803],[85.499228,46.172936],[85.498609,46.172387],[85.497778,46.171439],[85.497572,46.171329],[85.495673,46.170720],[85.495238,46.170453],[85.494047,46.170011],[85.492567,46.169640],[85.490412,46.168557],[85.490170,46.167980],[85.488641,46.167445],[85.487678,46.167206],[85.483481,46.167271],[85.482991,46.167220],[85.482220,46.166949],[85.481995,46.166670],[85.481714,46.165761],[85.481564,46.164908],[85.481368,46.164644],[85.480776,46.164194],[85.480582,46.163825],[85.480683,46.163650],[85.482161,46.163436],[85.482522,46.163148],[85.482558,46.162706],[85.482325,46.162043],[85.481964,46.161885],[85.481351,46.161778],[85.480015,46.162032],[85.479621,46.162007],[85.474997,46.160133],[85.473490,46.159640],[85.470263,46.158370],[85.467360,46.157445],[85.461619,46.155878],[85.459148,46.155374],[85.457256,46.154271],[85.455352,46.153794],[85.453903,46.153548],[85.452036,46.152817],[85.451083,46.152840],[85.449834,46.153368],[85.449082,46.153458],[85.448239,46.153173],[85.447575,46.152480],[85.446633,46.152093],[85.445952,46.152019],[85.444662,46.151635],[85.441763,46.151560],[85.441197,46.151452],[85.439854,46.150575],[85.437993,46.150231],[85.437294,46.149713],[85.435830,46.148280],[85.433416,46.146672],[85.433021,46.146015],[85.432997,46.145163],[85.433294,46.144220],[85.434080,46.142740],[85.434159,46.141622],[85.435908,46.140428],[85.436472,46.139555],[85.436466,46.139153],[85.436131,46.138685],[85.434194,46.136995],[85.433544,46.136035],[85.433361,46.135094],[85.433132,46.134694],[85.432152,46.133522],[85.431261,46.131944],[85.431019,46.131621],[85.430812,46.131497],[85.430021,46.131474],[85.428919,46.131574],[85.427083,46.131860],[85.426253,46.131445],[85.422960,46.131204],[85.419386,46.128108],[85.416709,46.127865],[85.414879,46.128749],[85.414468,46.128753],[85.413651,46.128760],[85.412408,46.128491],[85.411798,46.128788],[85.410853,46.131806],[85.408641,46.133692],[85.406611,46.134437],[85.406247,46.134443],[85.405774,46.134720],[85.402324,46.136236],[85.398798,46.136186],[85.397561,46.136544],[85.394876,46.137699],[85.394722,46.138052],[85.394884,46.138882],[85.394987,46.140298],[85.394693,46.140678],[85.394381,46.140861],[85.391402,46.142199],[85.390818,46.142621],[85.390332,46.143219],[85.390020,46.144433],[85.389912,46.145643],[85.389521,46.146280],[85.388307,46.146245],[85.385659,46.145454],[85.384207,46.144898],[85.382487,46.144055],[85.380092,46.143605],[85.377789,46.144252],[85.363059,46.147772],[85.347789,46.151552],[85.343242,46.152096],[85.338034,46.151355],[85.335696,46.151541],[85.333766,46.153026],[85.333132,46.154992],[85.331957,46.155856],[85.330437,46.156265],[85.328197,46.156573],[85.324778,46.157374],[85.323309,46.158864],[85.321971,46.159192],[85.319492,46.158936],[85.319071,46.158649],[85.316814,46.159106],[85.313723,46.159137],[85.312705,46.159722],[85.312108,46.160728],[85.310670,46.160597],[85.309201,46.159898],[85.308176,46.160053],[85.307373,46.160776],[85.307632,46.163065],[85.307029,46.163496],[85.304566,46.164093],[85.303143,46.164970],[85.298799,46.164304],[85.296328,46.164616],[85.296780,46.166044],[85.297200,46.166321],[85.296627,46.168190],[85.293790,46.170078],[85.293216,46.171940],[85.292811,46.172230],[85.290135,46.172402],[85.287864,46.172150],[85.287253,46.172436],[85.287520,46.175004],[85.287329,46.175442],[85.286106,46.176168],[85.281971,46.175499],[85.278677,46.175823],[85.277462,46.176550],[85.277065,46.177129],[85.276690,46.178850],[85.275468,46.179433],[85.270739,46.179627],[85.269583,46.179889],[85.268073,46.180232],[85.264828,46.182278],[85.261949,46.182304],[85.261330,46.182169],[85.259857,46.181192],[85.257795,46.181070],[85.256162,46.181523],[85.252910,46.183271],[85.249622,46.183455],[85.245486,46.182654],[85.242404,46.182689],[85.240970,46.182991],[85.238942,46.184310],[85.231584,46.185971],[85.229320,46.186002],[85.227478,46.184494],[85.224551,46.184955],[85.220511,46.185952],[85.215623,46.187157],[85.214357,46.187583],[85.209686,46.189151],[85.205016,46.190725],[85.201655,46.191950],[85.197055,46.193624],[85.196579,46.193759],[85.191771,46.195120],[85.186965,46.196484],[85.182158,46.197842],[85.178720,46.198178],[85.173585,46.198687],[85.171446,46.198934],[85.166328,46.199537],[85.166190,46.199533],[85.161011,46.199539],[85.155822,46.199542],[85.156775,46.199685],[85.151743,46.199862],[85.146562,46.200049],[85.143521,46.199936],[85.138339,46.199744],[85.137463,46.200132],[85.133086,46.202064],[85.128691,46.203994],[85.127755,46.204179],[85.122769,46.205173],[85.117773,46.206169],[85.116836,46.206257],[85.111690,46.206724],[85.106526,46.207195],[85.103965,46.207629],[85.098911,46.208484],[85.096288,46.209007],[85.091284,46.209996],[85.087721,46.210675],[85.082697,46.211625],[85.077680,46.212581],[85.077480,46.212645],[85.072748,46.214150],[85.068024,46.215658],[85.066762,46.216341],[85.062662,46.218560],[85.062419,46.218695],[85.058362,46.220956],[85.054313,46.223214],[85.050254,46.225475],[85.048991,46.226157],[85.044888,46.228375],[85.041394,46.230918],[85.037813,46.233530],[85.036313,46.235136],[85.033489,46.238171],[85.030674,46.241192],[85.029332,46.242277],[85.025924,46.245003],[85.024023,46.245787],[85.019559,46.247654],[85.017048,46.249508],[85.013481,46.252131],[85.009748,46.253878],[85.005431,46.255900],[85.003792,46.256632],[84.999414,46.258585],[84.995036,46.260542],[84.994914,46.260607],[84.990771,46.262794],[84.986629,46.264986],[84.986062,46.265367],[84.982304,46.267860],[84.978538,46.270349],[84.978050,46.270612],[84.973927,46.272818],[84.969803,46.275016],[84.969411,46.275349],[84.966057,46.278101],[84.962702,46.280857],[84.961012,46.282450],[84.957945,46.285359],[84.956726,46.286632],[84.953860,46.289642],[84.951596,46.292037],[84.948749,46.295056],[84.947478,46.296980],[84.945310,46.300257],[84.943804,46.301197],[84.939922,46.303611],[84.937251,46.306115],[84.934153,46.309014],[84.933327,46.309859],[84.930413,46.312846],[84.927882,46.314444],[84.924030,46.316871],[84.923126,46.317565],[84.919607,46.320227],[84.917765,46.322873],[84.915497,46.326114],[84.914959,46.327224],[84.913299,46.330639],[84.911659,46.334064],[84.911355,46.336173],[84.910843,46.339762],[84.909888,46.341992],[84.908385,46.345442],[84.907343,46.347122],[84.905252,46.350473],[84.902708,46.353620],[84.900165,46.356766],[84.899948,46.358923],[84.899610,46.362521],[84.899264,46.366124],[84.899307,46.367092],[84.899481,46.370694],[84.900054,46.372877],[84.900992,46.376431],[84.901045,46.377620],[84.901202,46.381224],[84.901550,46.382708],[84.902401,46.386267],[84.902453,46.387296],[84.902653,46.390898],[84.902845,46.394505],[84.902620,46.395782],[84.901960,46.399363],[84.901318,46.402939],[84.899765,46.406099],[84.898099,46.409515],[84.896424,46.412932],[84.894568,46.414096],[84.890707,46.416519],[84.889310,46.419246],[84.887567,46.422651],[84.885704,46.425252],[84.883380,46.428483],[84.881056,46.431810],[84.880961,46.435413],[84.880866,46.439020],[84.881197,46.441385],[84.881700,46.444970],[84.881648,46.445761],[84.881414,46.449364],[84.881172,46.452962],[84.880062,46.454496],[84.877731,46.457723],[84.878121,46.459429],[84.878928,46.462992],[84.880871,46.465391],[84.883420,46.468531],[84.884418,46.469768],[84.886951,46.472917],[84.887601,46.473702],[84.890171,46.476839],[84.890613,46.478996],[84.891342,46.482568],[84.891412,46.482855],[84.892211,46.486418],[84.893018,46.489982],[84.893818,46.493545],[84.891996,46.496121],[84.889697,46.499356],[84.887528,46.502374],[84.885213,46.505610],[84.882924,46.507187],[84.879239,46.509739],[84.876153,46.511031],[84.871689,46.512900],[84.870164,46.513279],[84.865259,46.514493],[84.863145,46.515195],[84.858442,46.516760],[84.858303,46.516908],[84.855471,46.519938],[84.852639,46.522969],[84.849755,46.525001],[84.846101,46.527577],[84.842438,46.530154],[84.837841,46.531817],[84.833226,46.533484],[84.828827,46.535246],[84.824307,46.537052],[84.821424,46.538659],[84.817363,46.540919],[84.816238,46.543765],[84.814862,46.547249],[84.814689,46.547275],[84.809571,46.547983],[84.804461,46.548695],[84.803898,46.548821],[84.798943,46.549936],[84.793978,46.551051],[84.789342,46.552116],[84.784385,46.553255],[84.779435,46.554389],[84.777146,46.555720],[84.773159,46.558050],[84.772152,46.558667],[84.768257,46.561070],[84.767434,46.561426],[84.763018,46.563351],[84.758593,46.565276],[84.757846,46.565845],[84.754314,46.568506],[84.750789,46.571164],[84.749366,46.572145],[84.745667,46.574692],[84.741967,46.577239],[84.740873,46.577990],[84.737180,46.580541],[84.733488,46.583091],[84.730124,46.585050],[84.726136,46.587378],[84.724718,46.588427],[84.721163,46.591067],[84.719667,46.592390],[84.716476,46.595239],[84.714510,46.596591],[84.710814,46.599134],[84.708874,46.601536],[84.706343,46.604684],[84.703716,46.607619],[84.700984,46.610689],[84.698235,46.613753],[84.695659,46.616840],[84.693040,46.619957],[84.692048,46.621749],[84.690186,46.625114],[84.688316,46.628476],[84.688159,46.629101],[84.687245,46.632646],[84.686332,46.636192],[84.687002,46.639471],[84.687725,46.643037],[84.688458,46.646612],[84.689067,46.647871],[84.690730,46.651292],[84.691670,46.652566],[84.694029,46.655792],[84.694325,46.656152],[84.696901,46.659296],[84.699477,46.662439],[84.700818,46.663775],[84.703794,46.666749],[84.704813,46.667593],[84.708163,46.670372],[84.709807,46.671495],[84.713539,46.674036],[84.715061,46.675453],[84.718184,46.678354],[84.718462,46.678788],[84.720524,46.682104],[84.722593,46.685419],[84.723298,46.687660],[84.724395,46.691191],[84.725491,46.694709],[84.725743,46.696537],[84.726247,46.700124],[84.726743,46.703711],[84.726109,46.706299],[84.725232,46.709845],[84.725432,46.712460],[84.725711,46.716060],[84.725841,46.716372],[84.727311,46.719834],[84.728780,46.723296],[84.728867,46.723453],[84.730877,46.726789],[84.732885,46.730116],[84.733537,46.730929],[84.736092,46.734079],[84.738629,46.737233],[84.738872,46.737412],[84.742356,46.740105],[84.745849,46.742794],[84.749444,46.745322],[84.753109,46.747897],[84.756816,46.750164],[84.760731,46.752560],[84.761226,46.753636],[84.762814,46.757071],[84.764402,46.760500],[84.764473,46.761960],[84.764647,46.765560],[84.764586,46.766372],[84.764283,46.769967],[84.763988,46.773567],[84.764049,46.776159],[84.764146,46.779767],[84.764119,46.779902],[84.763494,46.783476],[84.762871,46.787058],[84.762654,46.787910],[84.762288,46.789365],[84.762300,46.790082],[84.761476,46.790948],[84.761927,46.792802],[84.761317,46.794095],[84.762377,46.794944],[84.767190,46.797196],[84.769896,46.797598],[84.772396,46.797582],[84.775536,46.798172],[84.781155,46.800118],[84.789512,46.802435],[84.792429,46.803118],[84.799716,46.804337],[84.801376,46.804466],[84.803264,46.805588],[84.803691,46.806163],[84.808328,46.810404],[84.813353,46.812931],[84.820020,46.814297],[84.821276,46.815282],[84.821504,46.816420],[84.819678,46.818729],[84.819701,46.820160],[84.820766,46.823456],[84.821650,46.825432],[84.820977,46.826416],[84.820725,46.826506],[84.820656,46.826664],[84.822050,46.832166],[84.828378,46.832553],[84.830443,46.832828],[84.832617,46.833261],[84.834206,46.833887],[84.835072,46.834591],[84.836130,46.835460],[84.836467,46.836195],[84.836596,46.837038],[84.836485,46.837765],[84.836579,46.838467],[84.836959,46.839175],[84.837277,46.840357],[84.837866,46.841937],[84.838174,46.842391],[84.839150,46.843417],[84.841084,46.844992],[84.842798,46.845947],[84.844119,46.846530],[84.845255,46.846634],[84.848353,46.846603],[84.852002,46.846022],[84.853263,46.846071],[84.856093,46.846625],[84.858080,46.846663],[84.859605,46.846860],[84.861775,46.847301],[84.862994,46.847803],[84.868031,46.850433],[84.871797,46.851569],[84.873452,46.852499],[84.876104,46.853352],[84.878343,46.854942],[84.879403,46.855503],[84.880945,46.855903],[84.884447,46.855810],[84.886333,46.855471],[84.887425,46.855274],[84.891116,46.853852],[84.893172,46.853812],[84.895246,46.853322],[84.895924,46.853319],[84.897474,46.853533],[84.900883,46.853596],[84.903509,46.853752],[84.905778,46.853515],[84.907212,46.853263],[84.908662,46.853181],[84.910921,46.852634],[84.913900,46.851605],[84.915542,46.851248],[84.916610,46.851129],[84.917537,46.851131],[84.918549,46.851274],[84.921871,46.852531],[84.923360,46.852844],[84.924648,46.852884],[84.925715,46.852812],[84.928723,46.852281],[84.930391,46.852452],[84.933853,46.853078],[84.934545,46.853339],[84.935999,46.854406],[84.938110,46.856618],[84.938469,46.857308],[84.938763,46.858476],[84.939076,46.859180],[84.939510,46.859685],[84.940624,46.860172],[84.943604,46.861920|84.795312,46.972533],[84.810272,46.968792],[84.822742,46.967024],[84.829011,46.966136],[84.849394,46.956940],[84.850909,46.950750],[84.859059,46.936879],[84.866942,46.927531],[84.883690,46.916913],[84.900625,46.903286],[84.914633,46.889593],[84.929915,46.869272],[84.934473,46.863985],[84.940460,46.862148],[84.943604,46.861920],[84.940624,46.860172],[84.939510,46.859685],[84.939076,46.859180],[84.938763,46.858476],[84.938469,46.857308],[84.938110,46.856618],[84.935999,46.854406],[84.934545,46.853339],[84.933853,46.853078],[84.930391,46.852452],[84.928723,46.852281],[84.925715,46.852812],[84.924648,46.852884],[84.923360,46.852844],[84.921871,46.852531],[84.918549,46.851274],[84.917537,46.851131],[84.916610,46.851129],[84.915542,46.851248],[84.913900,46.851605],[84.910921,46.852634],[84.908662,46.853181],[84.907212,46.853263],[84.905778,46.853515],[84.903509,46.853752],[84.900883,46.853596],[84.897474,46.853533],[84.895924,46.853319],[84.895246,46.853322],[84.893172,46.853812],[84.891116,46.853852],[84.887425,46.855274],[84.886333,46.855471],[84.884447,46.855810],[84.880945,46.855903],[84.879403,46.855503],[84.878343,46.854942],[84.876104,46.853352],[84.873452,46.852499],[84.871797,46.851569],[84.868031,46.850433],[84.862994,46.847803],[84.861775,46.847301],[84.859605,46.846860],[84.858080,46.846663],[84.856093,46.846625],[84.853263,46.846071],[84.852002,46.846022],[84.848353,46.846603],[84.845255,46.846634],[84.844119,46.846530],[84.842798,46.845947],[84.841084,46.844992],[84.839150,46.843417],[84.838174,46.842391],[84.837866,46.841937],[84.837277,46.840357],[84.836959,46.839175],[84.836579,46.838467],[84.836485,46.837765],[84.836596,46.837038],[84.836467,46.836195],[84.836130,46.835460],[84.835072,46.834591],[84.834206,46.833887],[84.832617,46.833261],[84.830443,46.832828],[84.828378,46.832553],[84.822050,46.832166],[84.820656,46.826664],[84.820725,46.826506],[84.820977,46.826416],[84.821650,46.825432],[84.820766,46.823456],[84.819701,46.820160],[84.819678,46.818729],[84.821504,46.816420],[84.821276,46.815282],[84.820020,46.814297],[84.813353,46.812931],[84.808328,46.810404],[84.803691,46.806163],[84.803264,46.805588],[84.801376,46.804466],[84.799716,46.804337],[84.792429,46.803118],[84.789512,46.802435],[84.781155,46.800118],[84.775536,46.798172],[84.772396,46.797582],[84.769896,46.797598],[84.767190,46.797196],[84.762377,46.794944],[84.761317,46.794095],[84.761927,46.792802],[84.761476,46.790948],[84.762300,46.790082],[84.762288,46.789365],[84.762654,46.787910],[84.762871,46.787058],[84.763494,46.783476],[84.764119,46.779902],[84.764146,46.779767],[84.764049,46.776159],[84.763988,46.773567],[84.764283,46.769967],[84.764586,46.766372],[84.764647,46.765560],[84.764473,46.761960],[84.764402,46.760500],[84.762814,46.757071],[84.761226,46.753636],[84.760731,46.752560],[84.756816,46.750164],[84.753109,46.747897],[84.749444,46.745322],[84.745849,46.742794],[84.742356,46.740105],[84.738872,46.737412],[84.738629,46.737233],[84.736092,46.734079],[84.733537,46.730929],[84.732885,46.730116],[84.730877,46.726789],[84.728867,46.723453],[84.728780,46.723296],[84.727311,46.719834],[84.725841,46.716372],[84.725711,46.716060],[84.725432,46.712460],[84.725232,46.709845],[84.726109,46.706299],[84.726743,46.703711],[84.726247,46.700124],[84.725743,46.696537],[84.725491,46.694709],[84.724395,46.691191],[84.723298,46.687660],[84.722593,46.685419],[84.720524,46.682104],[84.718462,46.678788],[84.718184,46.678354],[84.715061,46.675453],[84.713539,46.674036],[84.709807,46.671495],[84.708163,46.670372],[84.704813,46.667593],[84.703794,46.666749],[84.700818,46.663775],[84.699477,46.662439],[84.696901,46.659296],[84.694325,46.656152],[84.694029,46.655792],[84.691670,46.652566],[84.690730,46.651292],[84.689067,46.647871],[84.688458,46.646612],[84.687725,46.643037],[84.687002,46.639471],[84.686332,46.636192],[84.687245,46.632646],[84.688159,46.629101],[84.688316,46.628476],[84.690186,46.625114],[84.692048,46.621749],[84.693040,46.619957],[84.695659,46.616840],[84.698235,46.613753],[84.700984,46.610689],[84.703716,46.607619],[84.706343,46.604684],[84.708874,46.601536],[84.710814,46.599134],[84.714510,46.596591],[84.716476,46.595239],[84.719667,46.592390],[84.721163,46.591067],[84.724718,46.588427],[84.726136,46.587378],[84.730124,46.585050],[84.733488,46.583091],[84.737180,46.580541],[84.740873,46.577990],[84.741967,46.577239],[84.745667,46.574692],[84.749366,46.572145],[84.750789,46.571164],[84.754314,46.568506],[84.757846,46.565845],[84.758593,46.565276],[84.763018,46.563351],[84.767434,46.561426],[84.768257,46.561070],[84.772152,46.558667],[84.773159,46.558050],[84.777146,46.555720],[84.779435,46.554389],[84.784385,46.553255],[84.789342,46.552116],[84.793978,46.551051],[84.798943,46.549936],[84.803898,46.548821],[84.804461,46.548695],[84.809571,46.547983],[84.814689,46.547275],[84.814862,46.547249],[84.816238,46.543765],[84.817363,46.540919],[84.821424,46.538659],[84.824307,46.537052],[84.828827,46.535246],[84.833226,46.533484],[84.837841,46.531817],[84.842438,46.530154],[84.846101,46.527577],[84.849755,46.525001],[84.852639,46.522969],[84.855471,46.519938],[84.858303,46.516908],[84.858442,46.516760],[84.863145,46.515195],[84.865259,46.514493],[84.870164,46.513279],[84.871689,46.512900],[84.876153,46.511031],[84.879239,46.509739],[84.882924,46.507187],[84.885213,46.505610],[84.887528,46.502374],[84.889697,46.499356],[84.891996,46.496121],[84.893818,46.493545],[84.893018,46.489982],[84.892211,46.486418],[84.891412,46.482855],[84.891342,46.482568],[84.890613,46.478996],[84.890171,46.476839],[84.887601,46.473702],[84.886951,46.472917],[84.884418,46.469768],[84.883420,46.468531],[84.880871,46.465391],[84.878928,46.462992],[84.878121,46.459429],[84.877731,46.457723],[84.880062,46.454496],[84.881172,46.452962],[84.881414,46.449364],[84.881648,46.445761],[84.881700,46.444970],[84.881197,46.441385],[84.880866,46.439020],[84.880961,46.435413],[84.881056,46.431810],[84.883380,46.428483],[84.885704,46.425252],[84.887567,46.422651],[84.889310,46.419246],[84.890707,46.416519],[84.894568,46.414096],[84.896424,46.412932],[84.898099,46.409515],[84.899765,46.406099],[84.901318,46.402939],[84.901960,46.399363],[84.902620,46.395782],[84.902845,46.394505],[84.902653,46.390898],[84.902453,46.387296],[84.902401,46.386267],[84.901550,46.382708],[84.901202,46.381224],[84.901045,46.377620],[84.900992,46.376431],[84.900054,46.372877],[84.899481,46.370694],[84.899307,46.367092],[84.899264,46.366124],[84.899610,46.362521],[84.899948,46.358923],[84.900165,46.356766],[84.902708,46.353620],[84.905252,46.350473],[84.907343,46.347122],[84.908385,46.345442],[84.909888,46.341992],[84.910843,46.339762],[84.911355,46.336173],[84.911659,46.334064],[84.913299,46.330639],[84.914959,46.327224],[84.915497,46.326114],[84.917765,46.322873],[84.919607,46.320227],[84.923126,46.317565],[84.924030,46.316871],[84.927882,46.314444],[84.930413,46.312846],[84.933327,46.309859],[84.934153,46.309014],[84.937251,46.306115],[84.939922,46.303611],[84.943804,46.301197],[84.945310,46.300257],[84.947478,46.296980],[84.948749,46.295056],[84.951596,46.292037],[84.953860,46.289642],[84.956726,46.286632],[84.957945,46.285359],[84.961012,46.282450],[84.962702,46.280857],[84.966057,46.278101],[84.969411,46.275349],[84.969803,46.275016],[84.973927,46.272818],[84.978050,46.270612],[84.978538,46.270349],[84.982304,46.267860],[84.986062,46.265367],[84.986629,46.264986],[84.990771,46.262794],[84.994914,46.260607],[84.995036,46.260542],[84.999414,46.258585],[85.003792,46.256632],[85.005431,46.255900],[85.009748,46.253878],[85.013481,46.252131],[85.017048,46.249508],[85.019559,46.247654],[85.024023,46.245787],[85.025924,46.245003],[85.029332,46.242277],[85.030674,46.241192],[85.033489,46.238171],[85.036313,46.235136],[85.037813,46.233530],[85.041394,46.230918],[85.044888,46.228375],[85.048991,46.226157],[85.050254,46.225475],[85.054313,46.223214],[85.058362,46.220956],[85.062419,46.218695],[85.062662,46.218560],[85.066762,46.216341],[85.068024,46.215658],[85.072748,46.214150],[85.077480,46.212645],[85.077680,46.212581],[85.082697,46.211625],[85.087721,46.210675],[85.091284,46.209996],[85.096288,46.209007],[85.098911,46.208484],[85.103965,46.207629],[85.106526,46.207195],[85.111690,46.206724],[85.116836,46.206257],[85.117773,46.206169],[85.122769,46.205173],[85.127755,46.204179],[85.128691,46.203994],[85.133086,46.202064],[85.137463,46.200132],[85.138339,46.199744],[85.143521,46.199936],[85.146562,46.200049],[85.151743,46.199862],[85.156775,46.199685],[85.155822,46.199542],[85.161011,46.199539],[85.166190,46.199533],[85.166328,46.199537],[85.171446,46.198934],[85.173585,46.198687],[85.178720,46.198178],[85.182158,46.197842],[85.186965,46.196484],[85.191771,46.195120],[85.196579,46.193759],[85.197055,46.193624],[85.201655,46.191950],[85.205016,46.190725],[85.209686,46.189151],[85.214357,46.187583],[85.215623,46.187157],[85.220511,46.185952],[85.224551,46.184955],[85.227478,46.184494],[85.229320,46.186002],[85.231584,46.185971],[85.238942,46.184310],[85.240970,46.182991],[85.242404,46.182689],[85.245486,46.182654],[85.249622,46.183455],[85.252910,46.183271],[85.256162,46.181523],[85.257795,46.181070],[85.259857,46.181192],[85.261330,46.182169],[85.261949,46.182304],[85.264828,46.182278],[85.268073,46.180232],[85.269583,46.179889],[85.270739,46.179627],[85.275468,46.179433],[85.276690,46.178850],[85.277065,46.177129],[85.277462,46.176550],[85.278677,46.175823],[85.281971,46.175499],[85.286106,46.176168],[85.287329,46.175442],[85.287520,46.175004],[85.287253,46.172436],[85.287864,46.172150],[85.290135,46.172402],[85.292811,46.172230],[85.293216,46.171940],[85.293790,46.170078],[85.296627,46.168190],[85.297200,46.166321],[85.296780,46.166044],[85.296328,46.164616],[85.298799,46.164304],[85.303143,46.164970],[85.304566,46.164093],[85.307029,46.163496],[85.307632,46.163065],[85.307373,46.160776],[85.308176,46.160053],[85.309201,46.159898],[85.310670,46.160597],[85.312108,46.160728],[85.312705,46.159722],[85.313723,46.159137],[85.316814,46.159106],[85.319071,46.158649],[85.319492,46.158936],[85.321971,46.159192],[85.323309,46.158864],[85.324778,46.157374],[85.328197,46.156573],[85.330437,46.156265],[85.331957,46.155856],[85.333132,46.154992],[85.333766,46.153026],[85.335696,46.151541],[85.338034,46.151355],[85.343242,46.152096],[85.347789,46.151552],[85.363059,46.147772],[85.377789,46.144252],[85.380092,46.143605],[85.378118,46.142818],[85.377721,46.142411],[85.376800,46.140193],[85.376243,46.138656],[85.376025,46.138277],[85.375251,46.137606],[85.371407,46.136228],[85.368666,46.135158],[85.367275,46.134960],[85.365797,46.134035],[85.360518,46.129751],[85.358830,46.129415],[85.357586,46.128736],[85.355990,46.128510],[85.353728,46.128448],[85.352913,46.128327],[85.349590,46.127456],[85.347625,46.127089],[85.344589,46.127106],[85.343240,46.126692],[85.341885,46.126093],[85.341157,46.125881],[85.337426,46.125729],[85.336449,46.125386],[85.335894,46.125018],[85.334119,46.123537],[85.332183,46.122243],[85.330795,46.121139],[85.327964,46.119945],[85.326714,46.119644],[85.326045,46.119608],[85.325235,46.119565],[85.325015,46.119453],[85.324946,46.119151],[85.324968,46.118216],[85.324582,46.117458],[85.322786,46.112744],[85.322660,46.112157],[85.322449,46.111169],[85.321546,46.109183],[85.319755,46.104319],[85.319190,46.103100],[85.318666,46.102514],[85.315908,46.100965],[85.314170,46.100294],[85.312925,46.099680],[85.310044,46.099015],[85.308286,46.098235],[85.305248,46.098376],[85.301442,46.098030],[85.298361,46.097645],[85.296689,46.097225],[85.290816,46.094524],[85.288044,46.093544],[85.286410,46.093075],[85.285504,46.092426],[85.284441,46.091807],[85.283786,46.091596],[85.282944,46.090839],[85.282446,46.088268],[85.282479,46.085855],[85.282237,46.085522],[85.281179,46.084753],[85.281019,46.084300],[85.281206,46.083882],[85.281913,46.083007],[85.282177,46.081855],[85.282188,46.080924],[85.281977,46.080546],[85.281307,46.080050],[85.279536,46.079780],[85.279647,46.079318],[85.281177,46.078633],[85.281988,46.078074],[85.282112,46.077775],[85.282136,46.077367],[85.281907,46.077201],[85.281347,46.077245],[85.277177,46.079287],[85.276876,46.079328],[85.276685,46.079258],[85.276691,46.079070],[85.277842,46.078404],[85.278445,46.077587],[85.279817,46.076382],[85.280570,46.075158],[85.280583,46.074749],[85.280253,46.074543],[85.277795,46.075477],[85.276870,46.075463],[85.276238,46.075307],[85.276115,46.075195],[85.276046,46.074906],[85.276383,46.074306],[85.276818,46.073098],[85.276752,46.072696],[85.276615,46.072464],[85.275800,46.071996],[85.275697,46.071840],[85.275715,46.071665],[85.276305,46.071244],[85.276439,46.070980],[85.276359,46.070473],[85.275825,46.069655],[85.275173,46.068797],[85.274766,46.068556],[85.273642,46.068396],[85.272633,46.068577],[85.272314,46.068572],[85.272143,46.068473],[85.272283,46.067060],[85.271739,46.065252],[85.271564,46.065103],[85.271361,46.065066],[85.270124,46.065047],[85.269319,46.064838],[85.269288,46.064691],[85.269787,46.064478],[85.270294,46.064014],[85.270463,46.063804],[85.270343,46.063606],[85.269579,46.063063],[85.268939,46.062222],[85.268564,46.061920],[85.268237,46.061828],[85.266930,46.061928],[85.266762,46.061737],[85.267010,46.061486],[85.268070,46.061006],[85.268156,46.060766],[85.268017,46.059240],[85.268118,46.058523],[85.267860,46.058143],[85.267531,46.057892],[85.266451,46.057491],[85.266311,46.057367],[85.266278,46.056878],[85.266702,46.056568],[85.268248,46.055907],[85.268976,46.055485],[85.269176,46.055233],[85.269199,46.054870],[85.269113,46.054539],[85.268871,46.054226],[85.268260,46.053996],[85.267673,46.053940],[85.265517,46.054328],[85.264883,46.054272],[85.264203,46.053723],[85.263337,46.053388],[85.263294,46.053233],[85.263492,46.053049],[85.264100,46.052816],[85.264934,46.052649],[85.265606,46.051887],[85.265992,46.051255],[85.265953,46.050590],[85.266105,46.050317],[85.266234,46.049668],[85.266086,46.049411],[85.264702,46.048350],[85.264583,46.048126],[85.264621,46.047864],[85.264963,46.047681],[85.265874,46.047550],[85.266406,46.047237],[85.267429,46.046017],[85.268008,46.045731],[85.269475,46.045686],[85.270997,46.045777],[85.271740,46.045455],[85.271653,46.045169],[85.270728,46.044027],[85.270413,46.042962],[85.270078,46.042514],[85.269937,46.042044],[85.269350,46.041618],[85.267953,46.041353],[85.267706,46.041191],[85.267749,46.040974],[85.268866,46.040575],[85.269225,46.040246],[85.269277,46.039721],[85.269154,46.039427],[85.268887,46.039139],[85.268828,46.038712],[85.269063,46.038520],[85.269805,46.038201],[85.269919,46.038015],[85.269865,46.034754],[85.270065,46.034319],[85.270717,46.033799],[85.271149,46.033230],[85.271073,46.032611],[85.270952,46.032442],[85.270989,46.032200],[85.271281,46.032071],[85.272426,46.031956],[85.275652,46.031898],[85.276506,46.031678],[85.277569,46.031069],[85.279073,46.029749],[85.279184,46.029559],[85.279174,46.029304],[85.278966,46.028847],[85.278209,46.027514],[85.276720,46.025762],[85.276695,46.025607],[85.277147,46.025359],[85.277672,46.025280],[85.279882,46.025249],[85.280030,46.025143],[85.279990,46.024875],[85.279542,46.024404],[85.277853,46.023505],[85.276130,46.023314],[85.275943,46.023144],[85.276042,46.023033],[85.276442,46.022931],[85.277619,46.022916],[85.283100,46.023944],[85.283990,46.023912],[85.284208,46.023653],[85.284170,46.023352],[85.283319,46.022511],[85.282462,46.022055],[85.281005,46.021802],[85.280634,46.021541],[85.279776,46.020367],[85.279966,46.020061],[85.280367,46.019888],[85.283703,46.020397],[85.284178,46.020371],[85.284453,46.020200],[85.284574,46.020002],[85.284554,46.019680],[85.284307,46.019313],[85.283502,46.018723],[85.282310,46.018253],[85.282249,46.018085],[85.282331,46.017957],[85.282817,46.017765],[85.282934,46.016915],[85.283206,46.016853],[85.284806,46.017146],[85.285330,46.017121],[85.285729,46.017014],[85.285957,46.016467],[85.285819,46.016256],[85.284583,46.015652],[85.284199,46.015224],[85.282676,46.014393],[85.281572,46.014376],[85.279086,46.013972],[85.278986,46.013716],[85.279148,46.013539],[85.279884,46.013422],[85.284615,46.013064],[85.284856,46.012825],[85.284865,46.012537],[85.284538,46.011873],[85.283168,46.010911],[85.282024,46.010450],[85.281138,46.010357],[85.280265,46.010422],[85.279740,46.010334],[85.279216,46.009795],[85.278485,46.009366],[85.277197,46.008916],[85.275997,46.008099],[85.275414,46.007539],[85.274724,46.007173],[85.274480,46.006906],[85.274502,46.006773],[85.274709,46.006688],[85.275392,46.006733],[85.279492,46.008664],[85.281093,46.009287],[85.282337,46.009637],[85.282811,46.009645],[85.283675,46.009496],[85.283871,46.009365],[85.283906,46.009186],[85.283683,46.008853],[85.283687,46.008711],[85.283993,46.008516],[85.284274,46.008553],[85.284557,46.008733],[85.285047,46.009393],[85.285790,46.010027],[85.286740,46.011165],[85.287828,46.011880],[85.288298,46.012042],[85.288953,46.012019],[85.289019,46.011832],[85.288907,46.011380],[85.288394,46.010090],[85.288359,46.009693],[85.288441,46.009539],[85.288865,46.009621],[85.291018,46.010529],[85.291876,46.010531],[85.293120,46.010342],[85.293348,46.010150],[85.293472,46.009818],[85.293398,46.009495],[85.292118,46.007762],[85.291799,46.006830],[85.291381,46.005951],[85.291092,46.005583],[85.289690,46.004500],[85.289381,46.004395],[85.288037,46.004548],[85.286774,46.004440],[85.286443,46.004259],[85.286497,46.004081],[85.286985,46.003625],[85.287955,46.003136],[85.288173,46.002893],[85.288587,46.001432],[85.289071,46.000393],[85.289010,45.999265],[85.288775,45.998710],[85.288782,45.998484],[85.288905,45.998403],[85.289289,45.998409],[85.290484,45.998980],[85.291236,45.999142],[85.291524,45.999147],[85.292232,45.998766],[85.292244,45.998391],[85.291422,45.997400],[85.291187,45.996845],[85.291254,45.996604],[85.291566,45.996609],[85.292621,45.997470],[85.293000,45.997626],[85.293504,45.997660],[85.293858,45.997465],[85.293868,45.997156],[85.293385,45.996439],[85.293495,45.994812],[85.293430,45.993818],[85.293037,45.993319],[85.291874,45.992882],[85.290142,45.992570],[85.289466,45.992668],[85.285738,45.994018],[85.284091,45.994852],[85.282714,45.995138],[85.282559,45.995094],[85.282567,45.994852],[85.284445,45.993914],[85.284453,45.993647],[85.284173,45.993375],[85.283771,45.993193],[85.283412,45.993146],[85.283142,45.992958],[85.283112,45.992740],[85.283433,45.992461],[85.285603,45.992187],[85.285994,45.991968],[85.286035,45.990641],[85.284641,45.989517],[85.283385,45.988987],[85.282881,45.988979],[85.280859,45.989547],[85.280607,45.989543],[85.280416,45.989490],[85.280234,45.989178],[85.280186,45.988802],[85.280037,45.988557],[85.279503,45.988348],[85.274953,45.988409],[85.270890,45.988637],[85.269468,45.989232],[85.268926,45.989307],[85.268717,45.989087],[85.268580,45.988483],[85.267886,45.988055],[85.267442,45.988048],[85.266774,45.988305],[85.265715,45.988422],[85.265367,45.988416],[85.265154,45.988321],[85.264936,45.988009],[85.264869,45.987106],[85.264718,45.986928],[85.264374,45.986806],[85.263871,45.986798],[85.263190,45.987096],[85.262877,45.987141],[85.262015,45.987078],[85.261712,45.986814],[85.261596,45.986303],[85.261354,45.985990],[85.260858,45.985741],[85.260638,45.985512],[85.260682,45.985229],[85.261373,45.984221],[85.261723,45.984159],[85.262485,45.984347],[85.263224,45.984851],[85.263640,45.984982],[85.265066,45.985005],[85.265608,45.984930],[85.266992,45.984417],[85.267104,45.983893],[85.266610,45.983200],[85.266628,45.982625],[85.266329,45.982219],[85.266140,45.982108],[85.265364,45.982388],[85.264217,45.982654],[85.263208,45.982705],[85.262947,45.982609],[85.262955,45.982350],[85.263566,45.981207],[85.263386,45.980829],[85.261502,45.979363],[85.259966,45.978629],[85.259129,45.978174],[85.258909,45.977953],[85.259048,45.977713],[85.260563,45.976810],[85.260610,45.976452],[85.260424,45.976257],[85.260103,45.976185],[85.258653,45.976179],[85.258428,45.976067],[85.258472,45.975784],[85.259246,45.975220],[85.260331,45.975036],[85.261096,45.975090],[85.261472,45.975321],[85.261900,45.975837],[85.262242,45.976035],[85.262779,45.976110],[85.264402,45.975960],[85.266093,45.975527],[85.268615,45.975074],[85.269612,45.974656],[85.269931,45.974411],[85.269917,45.974101],[85.269601,45.973854],[85.268667,45.973397],[85.268485,45.973085],[85.268400,45.972733],[85.268769,45.972054],[85.272023,45.970402],[85.272251,45.970406],[85.272302,45.970674],[85.272236,45.970890],[85.271838,45.971351],[85.271732,45.971659],[85.271815,45.972061],[85.272433,45.972638],[85.273691,45.973084],[85.275252,45.973042],[85.277845,45.972199],[85.279185,45.971953],[85.279980,45.971857],[85.281824,45.971979],[85.282546,45.971898],[85.283192,45.971600],[85.284312,45.971459],[85.284894,45.971277],[85.287176,45.970053],[85.287902,45.969463],[85.288279,45.968543],[85.288463,45.967644],[85.288432,45.967468],[85.287845,45.967058],[85.287116,45.966954],[85.286835,45.966707],[85.286665,45.966020],[85.286397,45.965757],[85.285607,45.965677],[85.284768,45.966039],[85.284072,45.966028],[85.283790,45.965840],[85.283856,45.965649],[85.284846,45.965465],[85.285554,45.965059],[85.285564,45.964741],[85.284090,45.963131],[85.282364,45.961534],[85.279988,45.960393],[85.278633,45.959971],[85.276928,45.959634],[85.276365,45.959609],[85.276014,45.959712],[85.275659,45.959948],[85.274471,45.961123],[85.274025,45.961200],[85.273022,45.961785],[85.272696,45.962289],[85.272581,45.963673],[85.271921,45.965583],[85.271328,45.966551],[85.270632,45.967308],[85.270341,45.967437],[85.269136,45.967618],[85.267830,45.967581],[85.267582,45.967460],[85.267458,45.967199],[85.267473,45.966732],[85.267695,45.965742],[85.267567,45.964855],[85.267291,45.964475],[85.267300,45.964191],[85.267545,45.963644],[85.267706,45.963487],[85.268497,45.963500],[85.269067,45.963684],[85.269474,45.963691],[85.269983,45.963523],[85.271090,45.962639],[85.271339,45.961958],[85.272247,45.961305],[85.274348,45.960061],[85.274585,45.959772],[85.274721,45.959248],[85.275486,45.958200],[85.275436,45.957865],[85.274629,45.957210],[85.273517,45.957083],[85.272953,45.957116],[85.271685,45.957781],[85.271399,45.958110],[85.271269,45.959194],[85.270844,45.959362],[85.270026,45.959441],[85.269733,45.959628],[85.269398,45.959982],[85.269002,45.960769],[85.268711,45.960856],[85.268427,45.960760],[85.268411,45.960100],[85.267984,45.959584],[85.267731,45.959622],[85.266248,45.960258],[85.265841,45.960235],[85.265754,45.959967],[85.266403,45.959534],[85.266906,45.958766],[85.267512,45.958558],[85.267839,45.958079],[85.268650,45.957449],[85.269786,45.956782],[85.269795,45.956473],[85.269645,45.956254],[85.268481,45.955943],[85.267666,45.955538],[85.266823,45.955299],[85.266009,45.954886],[85.265957,45.954601],[85.266157,45.954362],[85.266783,45.954280],[85.269198,45.955253],[85.270211,45.955444],[85.270559,45.955450],[85.270875,45.955296],[85.270984,45.954881],[85.270404,45.954254],[85.269931,45.954046],[85.268799,45.953811],[85.268056,45.953423],[85.267639,45.953350],[85.266942,45.953406],[85.265951,45.953649],[85.264585,45.953653],[85.261976,45.953127],[85.261599,45.952921],[85.261415,45.952693],[85.261461,45.952368],[85.261624,45.952145],[85.262475,45.952117],[85.263619,45.952352],[85.267863,45.952310],[85.269249,45.951697],[85.269912,45.951574],[85.270172,45.951712],[85.270317,45.952040],[85.270624,45.952203],[85.271163,45.952187],[85.272035,45.951933],[85.272696,45.951902],[85.273169,45.952085],[85.274370,45.953189],[85.274998,45.953441],[85.276208,45.954254],[85.276622,45.954394],[85.277417,45.954340],[85.277865,45.954197],[85.277977,45.953689],[85.277794,45.953394],[85.277142,45.952766],[85.277340,45.952569],[85.277980,45.952429],[85.278495,45.952061],[85.278731,45.951781],[85.278747,45.951272],[85.278394,45.950273],[85.278404,45.949981],[85.279048,45.949682],[85.279652,45.949558],[85.281745,45.949750],[85.282574,45.949697],[85.282773,45.949500],[85.282684,45.949256],[85.282440,45.949010],[85.280671,45.948431],[85.280075,45.947511],[85.279567,45.947261],[85.278582,45.947337],[85.277940,45.947527],[85.277331,45.947843],[85.276036,45.947822],[85.275406,45.947637],[85.274266,45.946516],[85.272907,45.946253],[85.272183,45.946016],[85.271423,45.946179],[85.271131,45.946333],[85.270616,45.947452],[85.270301,45.948332],[85.270225,45.948840],[85.269921,45.949361],[85.269706,45.949316],[85.269486,45.949046],[85.269344,45.948642],[85.268879,45.948176],[85.267216,45.947707],[85.266993,45.947545],[85.266526,45.947538],[85.265909,45.947712],[85.265755,45.947617],[85.265996,45.947245],[85.267471,45.946450],[85.268471,45.946266],[85.269104,45.945967],[85.269971,45.945847],[85.270966,45.945470],[85.271067,45.945296],[85.271048,45.944720],[85.270613,45.944446],[85.269230,45.944224],[85.266848,45.944119],[85.266540,45.944006],[85.265983,45.943421],[85.265697,45.943333],[85.262946,45.943223],[85.262254,45.943104],[85.261878,45.942873],[85.261862,45.942630],[85.262144,45.942417],[85.264524,45.942563],[85.265227,45.942307],[85.265515,45.942287],[85.266937,45.942426],[85.268437,45.941982],[85.269244,45.941469],[85.269848,45.941720],[85.270700,45.941684],[85.270958,45.941496],[85.271104,45.941030],[85.271832,45.941134],[85.272575,45.941538],[85.273054,45.941529],[85.274783,45.941064],[85.274673,45.940361],[85.273072,45.939049],[85.272795,45.938653],[85.272679,45.938183],[85.272818,45.937918],[85.274979,45.937869],[85.276035,45.937443],[85.276268,45.937272],[85.276204,45.937020],[85.275901,45.936731],[85.274579,45.936468],[85.274490,45.936225],[85.274767,45.935436],[85.274277,45.934985],[85.273073,45.934766],[85.272725,45.934785],[85.271768,45.935096],[85.271133,45.935111],[85.270595,45.935061],[85.270122,45.934853],[85.269969,45.934742],[85.270038,45.934476],[85.271028,45.934249],[85.271290,45.933894],[85.271251,45.933234],[85.270941,45.932787],[85.270596,45.932714],[85.269992,45.932863],[85.269575,45.933166],[85.269285,45.933245],[85.268938,45.933223],[85.268560,45.933058],[85.268162,45.932743],[85.268195,45.932476],[85.269160,45.932274],[85.269480,45.931987],[85.269494,45.931553],[85.268973,45.930944],[85.267895,45.930175],[85.267287,45.930057],[85.266818,45.930133],[85.265745,45.930717],[85.265176,45.930909],[85.264304,45.930453],[85.263443,45.930347],[85.263199,45.930143],[85.263112,45.929858],[85.263410,45.929512],[85.263395,45.928844],[85.263167,45.928114],[85.262961,45.927776],[85.262587,45.927512],[85.261606,45.927471],[85.260170,45.926656],[85.259581,45.926313],[85.258784,45.925399],[85.258376,45.925434],[85.258106,45.925630],[85.257810,45.926285],[85.257724,45.926726],[85.257529,45.926832],[85.257217,45.926869],[85.256911,45.926689],[85.256799,45.926052],[85.256526,45.925581],[85.256223,45.925334],[85.255875,45.925370],[85.254831,45.926197],[85.253808,45.926357],[85.251785,45.927307],[85.251497,45.927315],[85.251106,45.927209],[85.250260,45.926491],[85.248587,45.925835],[85.248200,45.925587],[85.247941,45.925274],[85.247989,45.924698],[85.248242,45.924602],[85.248778,45.924689],[85.249740,45.925335],[85.250085,45.925402],[85.250575,45.925402],[85.251552,45.925195],[85.252102,45.924828],[85.254274,45.922782],[85.255356,45.922060],[85.256841,45.920162],[85.257378,45.919265],[85.257915,45.918722],[85.257927,45.918346],[85.258292,45.917788],[85.258340,45.917380],[85.258268,45.917037],[85.257882,45.916709],[85.257812,45.916499],[85.257836,45.915702],[85.258372,45.915239],[85.258351,45.914950],[85.258102,45.914826],[85.257211,45.914853],[85.256638,45.914991],[85.256546,45.914810],[85.256906,45.914627],[85.257815,45.913903],[85.257680,45.913625],[85.257269,45.913552],[85.256455,45.913760],[85.254555,45.914771],[85.253230,45.915623],[85.251994,45.916088],[85.251501,45.916147],[85.251206,45.916022],[85.252398,45.915023],[85.254262,45.914023],[85.255092,45.913309],[85.256108,45.912770],[85.257332,45.912471],[85.257608,45.912309],[85.257706,45.911847],[85.257364,45.911478],[85.256214,45.910939],[85.254998,45.910765],[85.253981,45.910950],[85.253757,45.910847],[85.253671,45.910703],[85.253953,45.910307],[85.254836,45.909849],[85.255162,45.909511],[85.255272,45.908515],[85.254915,45.907850],[85.254682,45.907692],[85.254290,45.907586],[85.252627,45.907531],[85.252365,45.907882],[85.251565,45.908613],[85.251295,45.908621],[85.251031,45.908450],[85.250907,45.907822],[85.251029,45.907578],[85.251952,45.906974],[85.252134,45.906689],[85.252143,45.905841],[85.251956,45.905684],[85.251216,45.905627],[85.249705,45.906839],[85.248754,45.907422],[85.248322,45.907440],[85.248221,45.907259],[85.248419,45.907041],[85.249954,45.905996],[85.250299,45.905633],[85.250337,45.905392],[85.250202,45.905135],[85.249921,45.904943],[85.249311,45.904771],[85.247957,45.904629],[85.247619,45.903760],[85.246622,45.903294],[85.246587,45.902884],[85.246748,45.902168],[85.246702,45.901725],[85.246488,45.901522],[85.245982,45.901439],[85.245401,45.901793],[85.244829,45.902327],[85.244416,45.902354],[85.244246,45.902239],[85.244212,45.901809],[85.244625,45.900224],[85.244736,45.899211],[85.244890,45.898846],[85.245056,45.898728],[85.245773,45.898563],[85.245955,45.898257],[85.245945,45.898048],[85.245674,45.897689],[85.245508,45.897499],[85.245317,45.897450],[85.244586,45.897518],[85.243577,45.897812],[85.243312,45.897720],[85.243285,45.897632],[85.243738,45.897305],[85.244201,45.897212],[85.244447,45.897007],[85.244379,45.896497],[85.244113,45.896396],[85.243736,45.896399],[85.243290,45.896505],[85.241926,45.896551],[85.241096,45.896902],[85.240665,45.896917],[85.237318,45.896679],[85.236896,45.896605],[85.236710,45.896448],[85.236683,45.896327],[85.236861,45.896187],[85.239581,45.896195],[85.240892,45.895784],[85.242323,45.895484],[85.243965,45.894657],[85.245173,45.893903],[85.246407,45.893083],[85.246695,45.892853],[85.246877,45.892572],[85.246959,45.892077],[85.246871,45.891796],[85.246777,45.891761],[85.246265,45.891845],[85.245387,45.892216],[85.245020,45.892277],[85.244608,45.892271],[85.244295,45.892145],[85.244221,45.892002],[85.245088,45.891627],[85.245471,45.891048],[85.245505,45.890573],[85.245301,45.890369],[85.244639,45.890326],[85.243874,45.890515],[85.243167,45.890383],[85.242026,45.890353],[85.241777,45.890283],[85.241609,45.890126],[85.241596,45.889950],[85.241354,45.889658],[85.241007,45.889645],[85.240382,45.889919],[85.239580,45.889820],[85.238921,45.889622],[85.238832,45.889458],[85.239003,45.888972],[85.238866,45.888740],[85.238263,45.888364],[85.237901,45.887874],[85.237265,45.887401],[85.236774,45.886864],[85.236971,45.886654],[85.237354,45.886659],[85.238905,45.887138],[85.239312,45.887131],[85.239648,45.887094],[85.240180,45.886702],[85.240461,45.885361],[85.240044,45.884007],[85.240051,45.883422],[85.240761,45.882844],[85.240994,45.882497],[85.240904,45.881911],[85.240764,45.881817],[85.240429,45.881846],[85.240052,45.882216],[85.239754,45.882211],[85.239681,45.882068],[85.239847,45.881716],[85.239854,45.881486],[85.239752,45.881330],[85.239434,45.881359],[85.238054,45.881898],[85.236659,45.882574],[85.235691,45.882706],[85.234018,45.883119],[85.233293,45.882967],[85.233242,45.882699],[85.233502,45.881855],[85.233225,45.881175],[85.233343,45.881035],[85.233704,45.880919],[85.234453,45.880876],[85.235109,45.880518],[85.235416,45.879884],[85.235293,45.878721],[85.235502,45.878161],[85.236006,45.877726],[85.236582,45.877405],[85.237164,45.876574],[85.237231,45.875978],[85.236984,45.875331],[85.236381,45.875281],[85.236157,45.875365],[85.235412,45.876105],[85.234836,45.876130],[85.234715,45.875995],[85.234739,45.875799],[85.235257,45.875527],[85.235273,45.875352],[85.234852,45.875237],[85.233415,45.875203],[85.233057,45.874977],[85.233113,45.874723],[85.233860,45.874700],[85.234655,45.874504],[85.234792,45.874142],[85.234862,45.873467],[85.234757,45.873169],[85.234367,45.873042],[85.232995,45.872955],[85.232607,45.872741],[85.232568,45.872473],[85.232844,45.872289],[85.233584,45.872300],[85.234317,45.872169],[85.235098,45.871483],[85.235043,45.871140],[85.232688,45.870245],[85.232351,45.870315],[85.231529,45.870779],[85.231284,45.871164],[85.231022,45.871335],[85.230723,45.871331],[85.230504,45.871248],[85.230526,45.871119],[85.230833,45.870869],[85.230834,45.870314],[85.230492,45.870146],[85.228947,45.870077],[85.228662,45.870019],[85.228560,45.869884],[85.228573,45.869796],[85.230235,45.869746],[85.231082,45.869424],[85.231704,45.869433],[85.233772,45.869952],[85.235607,45.869934],[85.236172,45.869433],[85.236210,45.868803],[85.236074,45.868538],[85.235907,45.868360],[85.235581,45.868309],[85.233726,45.868348],[85.233130,45.868118],[85.232203,45.868004],[85.232005,45.867826],[85.231981,45.867638],[85.232881,45.867530],[85.233298,45.867348],[85.233305,45.866764],[85.233076,45.866473],[85.232403,45.866229],[85.231300,45.865173],[85.230875,45.865012],[85.229613,45.863582],[85.229734,45.863163],[85.230007,45.863012],[85.230191,45.862718],[85.230231,45.862352],[85.230088,45.861986],[85.229830,45.861661],[85.228870,45.861572],[85.228589,45.861447],[85.228544,45.861333],[85.228752,45.861182],[85.230138,45.861369],[85.230728,45.861211],[85.230739,45.860869],[85.230353,45.860587],[85.229728,45.860336],[85.229580,45.860146],[85.229551,45.859891],[85.230241,45.859262],[85.230396,45.858701],[85.230385,45.858083],[85.230248,45.857893],[85.229979,45.857877],[85.229695,45.857993],[85.229236,45.858538],[85.228826,45.858866],[85.228401,45.858880],[85.228310,45.858712],[85.228961,45.858204],[85.229083,45.857897],[85.229042,45.857124],[85.228579,45.857225],[85.227782,45.858074],[85.227465,45.858061],[85.227039,45.857934],[85.225668,45.856941],[85.223873,45.856693],[85.223828,45.856592],[85.223997,45.856386],[85.224472,45.856238],[85.225696,45.856478],[85.226098,45.856383],[85.226287,45.856253],[85.226330,45.856024],[85.226289,45.855823],[85.225978,45.855643],[85.223826,45.855177],[85.223365,45.855195],[85.222590,45.855393],[85.222338,45.855402],[85.222134,45.855265],[85.222122,45.855077],[85.222365,45.854939],[85.223733,45.854712],[85.223915,45.854431],[85.223923,45.854197],[85.223429,45.853760],[85.223625,45.853617],[85.223999,45.853668],[85.225750,45.854378],[85.227170,45.854433],[85.227500,45.854329],[85.227998,45.854090],[85.228051,45.853903],[85.227840,45.853582],[85.227791,45.853281],[85.228272,45.852958],[85.228427,45.852618],[85.226887,45.851260],[85.226230,45.851083],[85.224436,45.851003],[85.223446,45.851339],[85.222530,45.851847],[85.222037,45.851928],[85.220741,45.851412],[85.219622,45.851283],[85.219443,45.851105],[85.219489,45.850985],[85.220066,45.850839],[85.222244,45.850870],[85.223059,45.850561],[85.223978,45.850002],[85.224278,45.849973],[85.225152,45.850249],[85.225814,45.850271],[85.226876,45.850120],[85.228015,45.850157],[85.228286,45.850107],[85.228532,45.849868],[85.228542,45.849572],[85.228361,45.849223],[85.228022,45.849009],[85.226924,45.848651],[85.226261,45.848257],[85.225305,45.847512],[85.224911,45.846379],[85.224549,45.845978],[85.223764,45.846275],[85.223405,45.846679],[85.222903,45.847047],[85.222517,45.847205],[85.221300,45.846757],[85.221241,45.846568],[85.221421,45.846374],[85.222588,45.846425],[85.222954,45.846384],[85.223324,45.846202],[85.223408,45.845994],[85.223293,45.845671],[85.223079,45.845434],[85.222119,45.845399],[85.220339,45.845695],[85.218203,45.845852],[85.217779,45.845846],[85.217650,45.845765],[85.217655,45.845602],[85.217948,45.845393],[85.221914,45.844920],[85.222617,45.844613],[85.222652,45.844426],[85.222340,45.843900],[85.222501,45.843772],[85.223659,45.843568],[85.223789,45.843390],[85.223800,45.843027],[85.223368,45.842382],[85.221958,45.842424],[85.221758,45.842313],[85.221733,45.842158],[85.221921,45.842061],[85.222987,45.841976],[85.223319,45.841839],[85.223451,45.841620],[85.223356,45.841242],[85.222725,45.840615],[85.221921,45.840570],[85.221697,45.840688],[85.221525,45.841228],[85.221364,45.841213],[85.220815,45.840629],[85.220672,45.840619],[85.220168,45.840753],[85.219970,45.840964],[85.219730,45.841014],[85.218499,45.841030],[85.218133,45.841112],[85.215715,45.842647],[85.214897,45.842677],[85.214788,45.842521],[85.214989,45.842215],[85.216906,45.841403],[85.218005,45.840655],[85.218833,45.839916],[85.218956,45.839609],[85.218966,45.839291],[85.218653,45.838636],[85.216227,45.838567],[85.215824,45.838328],[85.215876,45.838207],[85.216021,45.838155],[85.216823,45.838208],[85.217088,45.838125],[85.217239,45.837905],[85.217244,45.837743],[85.217004,45.837393],[85.216576,45.837023],[85.216356,45.836448],[85.216672,45.836407],[85.217281,45.836624],[85.217661,45.836663],[85.218121,45.836616],[85.218378,45.836452],[85.218695,45.835829],[85.219015,45.835430],[85.219083,45.835099],[85.218944,45.834932],[85.218719,45.834912],[85.215486,45.835438],[85.214998,45.835389],[85.214925,45.835267],[85.215053,45.835169],[85.215779,45.834842],[85.217410,45.834639],[85.217967,45.834359],[85.218072,45.834051],[85.217951,45.833540],[85.217397,45.832956],[85.217057,45.832759],[85.216044,45.832761],[85.215869,45.832583],[85.215890,45.831941],[85.215639,45.831628],[85.215179,45.831429],[85.213392,45.830978],[85.212433,45.830371],[85.211744,45.829167],[85.211815,45.828834],[85.212109,45.828571],[85.212273,45.828290],[85.212356,45.827940],[85.212271,45.827647],[85.211931,45.827425],[85.211230,45.827323],[85.210116,45.826739],[85.210060,45.826621],[85.210164,45.826406],[85.210706,45.826188],[85.210685,45.825962],[85.210288,45.825497],[85.209856,45.825166],[85.209861,45.825007],[85.211545,45.824589],[85.211315,45.823967],[85.210730,45.823208],[85.210384,45.822476],[85.210049,45.822137],[85.209447,45.821928],[85.209430,45.821736],[85.209530,45.821579],[85.210252,45.821372],[85.210521,45.821175],[85.210498,45.820774],[85.209794,45.820055],[85.209555,45.819684],[85.209511,45.819190],[85.208991,45.818674],[85.208087,45.818243],[85.207786,45.817579],[85.206497,45.816500],[85.205695,45.816247],[85.204900,45.816119],[85.204715,45.815189],[85.204564,45.815078],[85.202823,45.815079],[85.202351,45.814938],[85.201350,45.813822],[85.200090,45.813712],[85.199785,45.813574],[85.199602,45.813304],[85.199707,45.812997],[85.200986,45.812531],[85.201024,45.812089],[85.200911,45.811887],[85.200086,45.811967],[85.198151,45.812465],[85.197438,45.812773],[85.196899,45.812849],[85.196557,45.812735],[85.196465,45.812625],[85.196473,45.812400],[85.196959,45.812098],[85.197555,45.812106],[85.198322,45.811984],[85.199984,45.811064],[85.199983,45.810371],[85.199452,45.810188],[85.199406,45.809769],[85.199564,45.809680],[85.200292,45.809632],[85.200742,45.809371],[85.200811,45.809080],[85.200597,45.808701],[85.200111,45.808235],[85.200059,45.807992],[85.200322,45.807595],[85.201358,45.806900],[85.201465,45.806550],[85.201436,45.806333],[85.201191,45.806171],[85.199352,45.806278],[85.199144,45.806075],[85.199212,45.805792],[85.200205,45.805322],[85.200702,45.804686],[85.200517,45.804508],[85.199794,45.804381],[85.198274,45.804585],[85.197839,45.804403],[85.197810,45.804227],[85.199298,45.803121],[85.199594,45.802833],[85.199602,45.802616],[85.199358,45.802371],[85.199132,45.802367],[85.198233,45.802881],[85.197829,45.802858],[85.197207,45.802557],[85.196154,45.802701],[85.195637,45.802468],[85.194936,45.802416],[85.194743,45.802480],[85.194726,45.802990],[85.195036,45.804472],[85.194860,45.804753],[85.194486,45.804907],[85.194071,45.804834],[85.193258,45.803804],[85.191688,45.803364],[85.191443,45.803185],[85.191446,45.803094],[85.192024,45.802926],[85.193631,45.802949],[85.193826,45.802843],[85.193802,45.802467],[85.193440,45.801861],[85.192708,45.801283],[85.192239,45.801051],[85.191648,45.800909],[85.190904,45.800347],[85.188543,45.800380],[85.188454,45.800229],[85.188675,45.799982],[85.189485,45.799642],[85.189743,45.799379],[85.189752,45.799137],[85.189440,45.798807],[85.189038,45.798709],[85.187584,45.798780],[85.187529,45.798579],[85.187849,45.798291],[85.187855,45.798099],[85.187590,45.797803],[85.186098,45.797164],[85.185412,45.796645],[85.184374,45.794869],[85.183276,45.793810],[85.181990,45.793441],[85.181470,45.792949],[85.180898,45.792206],[85.180190,45.791645],[85.179528,45.791485],[85.177806,45.791344],[85.177240,45.791144],[85.177128,45.790942],[85.177194,45.790743],[85.177580,45.790598],[85.180213,45.790944],[85.182415,45.790992],[85.183210,45.790719],[85.183442,45.790547],[85.183478,45.790172],[85.183123,45.789724],[85.182522,45.789540],[85.181585,45.789410],[85.180704,45.789398],[85.180209,45.789240],[85.179756,45.788507],[85.179260,45.788367],[85.178559,45.788332],[85.177005,45.787775],[85.174406,45.788206],[85.172684,45.788775],[85.171883,45.789231],[85.170744,45.789457],[85.169805,45.789427],[85.169740,45.789201],[85.170258,45.789033],[85.172125,45.788750],[85.172676,45.788315],[85.172616,45.787939],[85.172134,45.787397],[85.170320,45.787130],[85.169969,45.786949],[85.169449,45.786457],[85.169236,45.786429],[85.168657,45.786647],[85.168407,45.786643],[85.168475,45.786377],[85.168998,45.786050],[85.169006,45.785791],[85.168689,45.785653],[85.167960,45.785726],[85.167070,45.786006],[85.165750,45.785937],[85.164970,45.785751],[85.163734,45.784940],[85.163249,45.784490],[85.161778,45.784294],[85.161501,45.784022],[85.161476,45.783688],[85.163474,45.782347],[85.163709,45.782067],[85.163646,45.781799],[85.163254,45.781417],[85.161926,45.781599],[85.161642,45.781553],[85.161675,45.780576],[85.161567,45.780199],[85.160978,45.779639],[85.159539,45.779577],[85.159319,45.779373],[85.159299,45.778914],[85.159095,45.778577],[85.158666,45.778220],[85.157576,45.777712],[85.156425,45.776484],[85.154880,45.776370],[85.154579,45.776123],[85.154515,45.775880],[85.156855,45.774637],[85.159249,45.773895],[85.159955,45.773437],[85.160157,45.773089],[85.160130,45.772822],[85.158747,45.771791],[85.158730,45.771591],[85.158460,45.771102],[85.157229,45.771218],[85.156568,45.771050],[85.155627,45.771062],[85.153784,45.771319],[85.153101,45.771092],[85.153050,45.770840],[85.153401,45.770670],[85.155479,45.770483],[85.156218,45.770118],[85.156256,45.770027],[85.155944,45.769738],[85.155835,45.769445],[85.155997,45.769230],[85.156865,45.768908],[85.156871,45.768733],[85.156498,45.768486],[85.155907,45.768343],[85.153384,45.768290],[85.152856,45.768057],[85.152612,45.767853],[85.152625,45.767477],[85.152997,45.766648],[85.153069,45.766273],[85.152766,45.766068],[85.152048,45.765816],[85.151891,45.764820],[85.151612,45.764590],[85.149910,45.764565],[85.149380,45.764382],[85.149229,45.764271],[85.149329,45.764114],[85.149910,45.763839],[85.149752,45.763569],[85.149543,45.763416],[85.148532,45.763376],[85.148063,45.763169],[85.147991,45.762817],[85.148627,45.762292],[85.149780,45.762000],[85.149915,45.761517],[85.149421,45.761335],[85.146337,45.761331],[85.146018,45.761243],[85.145838,45.760931],[85.146452,45.759654],[85.146431,45.759195],[85.146229,45.758833],[85.145822,45.758518],[85.145421,45.758403],[85.144505,45.758390],[85.143708,45.758712],[85.141837,45.760162],[85.141550,45.760200],[85.141233,45.760061],[85.141244,45.759736],[85.142185,45.759015],[85.142451,45.758535],[85.142435,45.758292],[85.142252,45.758089],[85.140928,45.758136],[85.140218,45.758351],[85.139453,45.758782],[85.138636,45.759714],[85.138007,45.759637],[85.137859,45.759418],[85.138030,45.758953],[85.139490,45.757656],[85.140353,45.757159],[85.141435,45.756841],[85.142054,45.756500],[85.143140,45.755013],[85.143096,45.754544],[85.142761,45.754214],[85.141871,45.754109],[85.141424,45.754302],[85.140813,45.754778],[85.140051,45.755117],[85.139633,45.755161],[85.139282,45.755331],[85.138881,45.755918],[85.138605,45.755981],[85.138071,45.755931],[85.137413,45.755637],[85.137170,45.755433],[85.137532,45.754929],[85.138711,45.754596],[85.138934,45.754332],[85.139074,45.754042],[85.139047,45.753783],[85.138624,45.753267],[85.138262,45.753036],[85.136821,45.753390],[85.136452,45.753385],[85.135887,45.753184],[85.135462,45.752710],[85.135107,45.751911],[85.134748,45.751597],[85.133249,45.751173],[85.133034,45.750836],[85.132987,45.750460],[85.132769,45.750197],[85.131985,45.750135],[85.131648,45.749888],[85.131755,45.749539],[85.131980,45.749208],[85.131872,45.748881],[85.131352,45.748380],[85.130854,45.748331],[85.130278,45.748431],[85.128806,45.748984],[85.127984,45.748972],[85.127969,45.748729],[85.128445,45.748386],[85.129668,45.747787],[85.130510,45.747199],[85.130625,45.746607],[85.130508,45.746205],[85.129961,45.745445],[85.129752,45.745291],[85.129217,45.745258],[85.128544,45.745423],[85.127394,45.745230],[85.126853,45.745397],[85.125976,45.745960],[85.125246,45.746032],[85.125158,45.745838],[85.125905,45.745232],[85.125822,45.744872],[85.125900,45.744656],[85.125588,45.744384],[85.125245,45.744287],[85.124760,45.744288],[85.123946,45.744291],[85.122855,45.744124],[85.122033,45.744111],[85.121822,45.744016],[85.121948,45.743801],[85.122936,45.743482],[85.123386,45.743222],[85.123399,45.742822],[85.123099,45.742533],[85.121815,45.742095],[85.121009,45.742659],[85.120570,45.742602],[85.120457,45.742425],[85.120936,45.741990],[85.121284,45.741202],[85.121296,45.740868],[85.121133,45.740732],[85.120512,45.740789],[85.119837,45.741004],[85.119166,45.741102],[85.119021,45.740815],[85.119256,45.740552],[85.119229,45.740284],[85.119045,45.740106],[85.118028,45.740199],[85.117876,45.740113],[85.117740,45.739551],[85.117344,45.739261],[85.116304,45.739002],[85.115396,45.739054],[85.114328,45.738904],[85.112449,45.737345],[85.112165,45.737282],[85.111694,45.737450],[85.110937,45.738340],[85.110459,45.738374],[85.110152,45.738260],[85.110099,45.737708],[85.110650,45.736590],[85.110593,45.736171],[85.110238,45.735723],[85.109093,45.735729],[85.108586,45.735913],[85.107229,45.736885],[85.106981,45.736797],[85.106861,45.736486],[85.106984,45.735670],[85.106617,45.735221],[85.106279,45.734999],[85.104713,45.734722],[85.103356,45.734658],[85.103145,45.734546],[85.102877,45.733991],[85.102573,45.733810],[85.101967,45.733750],[85.101019,45.733893],[85.099854,45.733782],[85.099552,45.733534],[85.099144,45.732200],[85.098467,45.731729],[85.095569,45.731680],[85.094637,45.732065],[85.094021,45.732606],[85.093637,45.732683],[85.093198,45.732609],[85.093174,45.732257],[85.093327,45.731617],[85.093754,45.730990],[85.093744,45.730589],[85.093524,45.730384],[85.093084,45.730335],[85.092831,45.730414],[85.091575,45.731195],[85.091098,45.731161],[85.090506,45.729982],[85.087951,45.728209],[85.087250,45.727404],[85.086033,45.727032],[85.085602,45.726715],[85.084472,45.725526],[85.083913,45.725116],[85.083307,45.724328],[85.083027,45.724123],[85.082530,45.724006],[85.082249,45.723825],[85.081719,45.722931],[85.080971,45.722433],[85.080304,45.721695],[85.076791,45.721699],[85.076604,45.721579],[85.076713,45.721205],[85.076949,45.720925],[85.076957,45.720683],[85.076718,45.720345],[85.074319,45.719225],[85.072657,45.718902],[85.071240,45.718768],[85.070144,45.718305],[85.069158,45.717427],[85.067451,45.716669],[85.066588,45.716052],[85.064919,45.715579],[85.064166,45.715548],[85.063886,45.715359],[85.064085,45.714110],[85.063696,45.713593],[85.063054,45.713840],[85.062853,45.714129],[85.062112,45.714466],[85.059885,45.713163],[85.059502,45.713156],[85.059186,45.713309],[85.059173,45.713684],[85.058871,45.714121],[85.058518,45.714290],[85.058038,45.714348],[85.057396,45.714578],[85.056855,45.714634],[85.055627,45.714519],[85.055406,45.714340],[85.055564,45.713590],[85.055251,45.713301],[85.054980,45.713187],[85.054593,45.713314],[85.054196,45.713724],[85.053779,45.714000],[85.052990,45.713985],[85.052426,45.713690],[85.051987,45.713590],[85.051541,45.713673],[85.051377,45.713937],[85.051313,45.714729],[85.051527,45.715109],[85.050908,45.715381],[85.048174,45.715863],[85.047038,45.715841],[85.044674,45.716363],[85.043848,45.716372],[85.041986,45.716887],[85.041379,45.717142],[85.039757,45.717311],[85.038343,45.716991],[85.037877,45.716982],[85.036790,45.717912],[85.035600,45.718398],[85.035288,45.718417],[85.034757,45.718181],[85.034126,45.718102],[85.032031,45.718060],[85.031232,45.718311],[85.030453,45.719022],[85.029551,45.719447],[85.026192,45.720290],[85.025041,45.720659],[85.024355,45.721072],[85.023776,45.721194],[85.022700,45.721122],[85.022271,45.720721],[85.022598,45.719617],[85.022315,45.719502],[85.021748,45.719600],[85.021516,45.719728],[85.021110,45.719704],[85.020793,45.719497],[85.020649,45.719185],[85.020278,45.718818],[85.019651,45.718614],[85.018325,45.718495],[85.017785,45.718526],[85.017504,45.718679],[85.017279,45.718607],[85.017353,45.717548],[85.016949,45.717098],[85.016549,45.716889],[85.016662,45.716407],[85.016556,45.715695],[85.016323,45.715181],[85.016046,45.714866],[85.015069,45.714738],[85.013140,45.714740],[85.012172,45.715013],[85.011608,45.715043],[85.011157,45.715235],[85.010173,45.715966],[85.009826,45.715959],[85.009368,45.715682],[85.008850,45.715764],[85.008269,45.716261],[85.007982,45.716915],[85.007944,45.717315],[85.008343,45.717566],[85.009419,45.717629],[85.009663,45.717835],[85.009645,45.718344],[85.009025,45.718924],[85.007332,45.719357],[85.007074,45.719527],[85.006889,45.720008],[85.006387,45.719972],[85.006144,45.719750],[85.006028,45.719305],[85.005624,45.719205],[85.002996,45.719498],[85.002353,45.719385],[85.002246,45.719195],[85.000683,45.718996],[84.999254,45.719100],[84.998215,45.718987],[84.996667,45.718738],[84.996172,45.718511],[84.995117,45.717846],[84.994504,45.717232],[84.993970,45.717088],[84.991953,45.716871],[84.991177,45.716462],[84.990324,45.716219],[84.989293,45.716557],[84.988060,45.716549],[84.987379,45.716159],[84.986917,45.715690],[84.986325,45.715478],[84.984687,45.715402],[84.984403,45.715305],[84.984251,45.714859],[84.984043,45.714654],[84.981356,45.714449],[84.980957,45.714214],[84.979785,45.714150],[84.978242,45.713784],[84.977275,45.713372],[84.975142,45.712751],[84.972707,45.711859],[84.972203,45.711565],[84.971751,45.711155],[84.971725,45.710895],[84.972347,45.710240],[84.972999,45.709769],[84.974232,45.709109],[84.974689,45.708718],[84.974818,45.708478],[84.974704,45.708325],[84.974456,45.708229],[84.973879,45.708284],[84.972764,45.708662],[84.972441,45.708655],[84.972233,45.708451],[84.972180,45.707915],[84.971865,45.707032],[84.971309,45.706861],[84.970642,45.706756],[84.969791,45.706789],[84.969329,45.706980],[84.968853,45.707228],[84.966985,45.708895],[84.964760,45.709819],[84.963712,45.710023],[84.961620,45.709956],[84.961030,45.709727],[84.960578,45.709300],[84.958809,45.708930],[84.958259,45.708585],[84.958175,45.708274],[84.958759,45.707668],[84.959580,45.706182],[84.960244,45.705359],[84.960491,45.704495],[84.959886,45.703048],[84.959550,45.702732],[84.958870,45.703011],[84.958610,45.703248],[84.958547,45.703997],[84.957904,45.705221],[84.957238,45.707061],[84.956672,45.707827],[84.956417,45.707930],[84.956070,45.707923],[84.955787,45.707809],[84.955917,45.707518],[84.956681,45.706590],[84.956742,45.705907],[84.956655,45.705664],[84.956410,45.705500],[84.955653,45.705267],[84.954321,45.704398],[84.952867,45.703592],[84.951918,45.702713],[84.949948,45.701329],[84.949490,45.700769],[84.948297,45.700369],[84.946940,45.698414],[84.946391,45.697258],[84.945790,45.696916],[84.945465,45.696731],[84.944858,45.696009],[84.944442,45.695316],[84.943827,45.694803],[84.943145,45.694497],[84.942742,45.694071],[84.942300,45.693420],[84.942039,45.692730],[84.941814,45.692016],[84.941873,45.691047],[84.941709,45.690318],[84.941048,45.688802],[84.940470,45.687947],[84.938644,45.686900],[84.938132,45.686223],[84.937943,45.685518],[84.937781,45.685356],[84.937569,45.685285],[84.936618,45.685467],[84.936297,45.685435],[84.935635,45.684603],[84.935596,45.684036],[84.935201,45.683401],[84.934993,45.683222],[84.934706,45.683242],[84.934444,45.683545],[84.934014,45.683845],[84.933071,45.683853],[84.931466,45.682668],[84.928545,45.681577],[84.927747,45.680894],[84.927334,45.680752],[84.926645,45.680681],[84.926345,45.680382],[84.925896,45.679623],[84.925627,45.678515],[84.925176,45.677779],[84.925415,45.677142],[84.925411,45.676606],[84.922931,45.674288],[84.922475,45.673986],[84.922547,45.672684],[84.922078,45.671815],[84.920900,45.670448],[84.919709,45.669432],[84.919510,45.668677],[84.919558,45.668112],[84.919821,45.667530],[84.919978,45.666840],[84.919953,45.666217],[84.918943,45.665325],[84.918414,45.665098],[84.918083,45.664716],[84.917952,45.664046],[84.918077,45.663255],[84.916734,45.661860],[84.916211,45.661474],[84.915619,45.661355],[84.915380,45.661058],[84.915309,45.657833],[84.915127,45.656635],[84.914490,45.654527],[84.914192,45.653903],[84.913040,45.652821],[84.912526,45.652210],[84.912005,45.651783],[84.911756,45.651444],[84.911453,45.651247],[84.909946,45.651060],[84.909474,45.650943],[84.909136,45.650736],[84.909061,45.650208],[84.909167,45.649918],[84.909400,45.649722],[84.909830,45.649555],[84.910119,45.649297],[84.910240,45.649099],[84.910228,45.648936],[84.909063,45.648075],[84.908531,45.647159],[84.907871,45.647113],[84.907264,45.647256],[84.906942,45.647426],[84.906424,45.647404],[84.906000,45.646966],[84.905822,45.646633],[84.905594,45.646507],[84.905213,45.646500],[84.904686,45.646733],[84.904370,45.646748],[84.902987,45.646138],[84.901908,45.646018],[84.901218,45.645817],[84.900741,45.645533],[84.900074,45.645354],[84.899299,45.645398],[84.898444,45.645967],[84.897985,45.645971],[84.897274,45.645558],[84.896744,45.645418],[84.895723,45.645333],[84.893018,45.644453],[84.891718,45.644188],[84.889041,45.642595],[84.888589,45.642090],[84.886658,45.641082],[84.886426,45.640911],[84.886077,45.641038],[84.885476,45.641512],[84.885159,45.641540],[84.884883,45.641447],[84.884858,45.641171],[84.885191,45.640380],[84.885106,45.640115],[84.884845,45.639922],[84.883954,45.639740],[84.882311,45.638671],[84.880578,45.638732],[84.879851,45.638297],[84.878947,45.638139],[84.877651,45.637494],[84.876394,45.637410],[84.875493,45.637481],[84.873053,45.638023],[84.871887,45.638533],[84.871236,45.638589],[84.870807,45.638326],[84.870676,45.637994],[84.870266,45.637687],[84.870077,45.637662],[84.869329,45.637937],[84.868022,45.637931],[84.867296,45.637326],[84.866922,45.637144],[84.865413,45.637143],[84.864773,45.637416],[84.864394,45.637363],[84.864016,45.637311],[84.863747,45.637197],[84.863204,45.636478],[84.862984,45.636324],[84.862806,45.636321],[84.862127,45.636660],[84.860493,45.636498],[84.859789,45.636269],[84.859102,45.635906],[84.858894,45.634817],[84.858861,45.634106],[84.858555,45.633725],[84.857331,45.633729],[84.856206,45.632883],[84.855194,45.632122],[84.853739,45.631638],[84.851048,45.631191],[84.847680,45.631350],[84.846315,45.631636],[84.845398,45.631963],[84.842871,45.632863],[84.842460,45.633056],[84.842192,45.633536],[84.840752,45.634221],[84.840247,45.634405],[84.839295,45.634438],[84.838592,45.633875],[84.838362,45.633378],[84.838376,45.633003],[84.837902,45.632360],[84.837613,45.631537],[84.836355,45.630897],[84.835464,45.629353],[84.834223,45.628271],[84.833590,45.627960],[84.831010,45.630007],[84.826863,45.633360],[84.827307,45.636996],[84.827212,45.639455],[84.827475,45.644346],[84.827636,45.644805],[84.828088,45.645353],[84.829756,45.646609],[84.829656,45.647259],[84.826495,45.648516],[84.824386,45.649599],[84.822866,45.650508],[84.821856,45.650816],[84.821321,45.650832],[84.819593,45.650643],[84.817904,45.651324],[84.817304,45.651472],[84.816453,45.651340],[84.814352,45.651304],[84.813252,45.651176],[84.812853,45.651035],[84.811154,45.651031],[84.806863,45.652283],[84.803982,45.653643],[84.803712,45.654165],[84.803511,45.656859],[84.803181,45.658022],[84.800900,45.659201],[84.797516,45.660619],[84.796652,45.661714],[84.794823,45.662583],[84.793662,45.663380],[84.792889,45.663676],[84.792066,45.663753],[84.788688,45.663466],[84.786960,45.662349],[84.785536,45.661045],[84.785458,45.660601],[84.785679,45.659828],[84.786270,45.658428],[84.785914,45.657803],[84.784660,45.656102],[84.783412,45.655177],[84.780946,45.653778],[84.778984,45.652548],[84.776136,45.651167],[84.773892,45.650732],[84.772743,45.650310],[84.772196,45.649706],[84.772142,45.648662],[84.772851,45.646094],[84.773767,45.643389],[84.773981,45.642182],[84.773956,45.641029],[84.773607,45.640513],[84.773205,45.640155],[84.773097,45.639886],[84.773325,45.639539],[84.773680,45.639279],[84.776138,45.639375],[84.777445,45.639725],[84.778191,45.639806],[84.778865,45.639618],[84.788363,45.634848],[84.790946,45.633835],[84.792232,45.633173],[84.793685,45.631278],[84.800542,45.623977],[84.802024,45.623118],[84.803371,45.621789],[84.803906,45.620855],[84.803919,45.620546],[84.803404,45.620027],[84.803319,45.619783],[84.803467,45.619343],[84.804205,45.618672],[84.805033,45.616941],[84.804833,45.615676],[84.804874,45.614616],[84.805204,45.614071],[84.805455,45.613432],[84.806077,45.612692],[84.806252,45.612160],[84.806089,45.611631],[84.806127,45.610968],[84.805963,45.610756],[84.805672,45.610605],[84.805602,45.610407],[84.805939,45.610159],[84.806526,45.609242],[84.806469,45.608731],[84.806273,45.608440],[84.805970,45.608272],[84.805716,45.608242],[84.805197,45.608321],[84.804257,45.608672],[84.803382,45.608865],[84.802972,45.608870],[84.802821,45.608788],[84.802694,45.608080],[84.802193,45.607541],[84.802191,45.606058],[84.801450,45.605586],[84.800580,45.604752],[84.799369,45.603812],[84.798451,45.602856],[84.797197,45.601969],[84.795302,45.601363],[84.794537,45.600894],[84.794124,45.600511],[84.793681,45.600306],[84.792787,45.600244],[84.792336,45.600082],[84.792170,45.599924],[84.792171,45.599118],[84.792007,45.598915],[84.791605,45.598711],[84.791027,45.598613],[84.790127,45.598705],[84.789784,45.598653],[84.788063,45.597574],[84.787289,45.597318],[84.785090,45.597641],[84.783618,45.597593],[84.783240,45.597243],[84.783256,45.596834],[84.783117,45.596301],[84.780917,45.594219],[84.780773,45.593949],[84.780778,45.593373],[84.780678,45.593196],[84.779810,45.592925],[84.779463,45.592534],[84.779627,45.591994],[84.780522,45.591589],[84.780522,45.591117],[84.779935,45.590488],[84.779506,45.590226],[84.778960,45.590060],[84.777710,45.589971],[84.777000,45.590033],[84.775983,45.589914],[84.775752,45.589746],[84.775837,45.589539],[84.776463,45.589183],[84.776470,45.589008],[84.776322,45.588851],[84.776057,45.588792],[84.775616,45.588817],[84.774497,45.589314],[84.773788,45.589221],[84.773782,45.589058],[84.774251,45.588791],[84.774804,45.588622],[84.775310,45.588155],[84.775337,45.587893],[84.775158,45.587635],[84.775197,45.587406],[84.775412,45.587222],[84.775827,45.587084],[84.776599,45.586956],[84.777099,45.586623],[84.777268,45.586413],[84.777279,45.586138],[84.777008,45.585769],[84.776612,45.585432],[84.774689,45.584766],[84.774587,45.584630],[84.774455,45.583909],[84.774095,45.583560],[84.773862,45.583447],[84.772204,45.583579],[84.771850,45.583376],[84.771731,45.583227],[84.771852,45.582988],[84.772316,45.582708],[84.772358,45.582554],[84.772161,45.582275],[84.770510,45.581183],[84.769743,45.581060],[84.769461,45.580975],[84.769329,45.580839],[84.769290,45.580630],[84.769662,45.580248],[84.769897,45.579856],[84.769623,45.578970],[84.771489,45.578241],[84.772102,45.577910],[84.772398,45.577486],[84.772180,45.577106],[84.771868,45.577033],[84.771013,45.577192],[84.769569,45.577941],[84.768937,45.578005],[84.768814,45.577948],[84.768786,45.577760],[84.770028,45.576998],[84.770326,45.576674],[84.770352,45.576332],[84.770280,45.576197],[84.769679,45.575910],[84.769734,45.575731],[84.771338,45.574814],[84.771460,45.574595],[84.771483,45.574019],[84.771348,45.573841],[84.771195,45.573792],[84.770814,45.573818],[84.770113,45.574106],[84.769561,45.574083],[84.769336,45.573924],[84.768036,45.571790],[84.767696,45.570732],[84.766030,45.568424],[84.764438,45.566869],[84.761397,45.565031],[84.759978,45.564419],[84.759947,45.564298],[84.760047,45.564166],[84.760525,45.564088],[84.761376,45.563640],[84.761534,45.563255],[84.761544,45.562992],[84.761216,45.562564],[84.760837,45.562502],[84.760272,45.562558],[84.759580,45.562908],[84.757992,45.564126],[84.757517,45.565002],[84.757010,45.565489],[84.756252,45.565850],[84.755721,45.565760],[84.755541,45.565193],[84.755168,45.564722],[84.755011,45.564335],[84.756446,45.563390],[84.756705,45.563153],[84.756778,45.562920],[84.755830,45.562714],[84.755773,45.562525],[84.755852,45.562184],[84.756112,45.561914],[84.756168,45.561672],[84.755870,45.561266],[84.754285,45.561192],[84.754196,45.561070],[84.754330,45.560818],[84.754830,45.560527],[84.754932,45.560354],[84.754379,45.559604],[84.754028,45.559309],[84.753665,45.559301],[84.752735,45.559350],[84.752566,45.559292],[84.752419,45.559110],[84.752538,45.558795],[84.754093,45.557355],[84.755863,45.555941],[84.757119,45.555147],[84.757562,45.554759],[84.757566,45.554638],[84.757399,45.554501],[84.757164,45.554463],[84.756275,45.554680],[84.755816,45.554712],[84.755695,45.554622],[84.755781,45.554415],[84.756673,45.553802],[84.756694,45.553539],[84.756509,45.553147],[84.755342,45.552110],[84.755028,45.551957],[84.754797,45.551953],[84.754109,45.552194],[84.753872,45.552189],[84.753598,45.552042],[84.753513,45.551786],[84.753500,45.550900],[84.752842,45.549993],[84.752145,45.549698],[84.751039,45.548801],[84.750575,45.548525],[84.750324,45.548407],[84.749526,45.548316],[84.748094,45.547247],[84.747624,45.547096],[84.747399,45.546933],[84.747466,45.546404],[84.747761,45.546059],[84.747533,45.545048],[84.746969,45.544586],[84.745837,45.544195],[84.745153,45.544061],[84.744789,45.543623],[84.744711,45.543212],[84.744276,45.542773],[84.743698,45.542628],[84.743095,45.542729],[84.742585,45.543249],[84.741831,45.543234],[84.738598,45.542713],[84.738056,45.542447],[84.737681,45.541988],[84.736939,45.541672],[84.735535,45.541347],[84.734845,45.540481],[84.734910,45.539280],[84.734766,45.538600],[84.734431,45.537908],[84.734317,45.536749],[84.734620,45.535837],[84.735454,45.534660],[84.735815,45.534379],[84.736459,45.534061],[84.736976,45.533609],[84.737164,45.533225],[84.737177,45.532907],[84.736975,45.532461],[84.736153,45.531746],[84.735301,45.531353],[84.735007,45.530971],[84.734894,45.530500],[84.734454,45.529924],[84.734405,45.529371],[84.734992,45.528958],[84.736778,45.528360],[84.737137,45.528162],[84.737381,45.527858],[84.737432,45.527442],[84.737309,45.527263],[84.736436,45.527078],[84.735232,45.526975],[84.735153,45.526886],[84.735339,45.526560],[84.735362,45.526005],[84.735133,45.525461],[84.734877,45.524429],[84.734511,45.524066],[84.733735,45.523850],[84.733503,45.523690],[84.733483,45.523448],[84.735063,45.523359],[84.736536,45.523101],[84.737336,45.522753],[84.737810,45.522355],[84.738543,45.521267],[84.739200,45.521047],[84.739479,45.520756],[84.739508,45.520334],[84.739405,45.519802],[84.738789,45.519460],[84.738765,45.519292],[84.738901,45.519007],[84.739229,45.518704],[84.740033,45.518211],[84.740177,45.517763],[84.739747,45.517189],[84.739278,45.517026],[84.738327,45.516853],[84.736570,45.516771],[84.736405,45.516604],[84.736334,45.516281],[84.736382,45.515994],[84.737247,45.515461],[84.737627,45.514750],[84.737530,45.514339],[84.736975,45.514127],[84.736809,45.513936],[84.736846,45.513749],[84.738107,45.512860],[84.738120,45.512538],[84.737705,45.512362],[84.736264,45.512267],[84.736140,45.512089],[84.736327,45.511883],[84.737125,45.511536],[84.737456,45.511188],[84.737426,45.511021],[84.737276,45.510909],[84.736372,45.510744],[84.735671,45.510885],[84.734741,45.511375],[84.734523,45.511337],[84.734418,45.511135],[84.734882,45.510241],[84.734724,45.509737],[84.734900,45.508625],[84.736655,45.506808],[84.736729,45.506453],[84.736678,45.506232],[84.736526,45.506062],[84.736041,45.505956],[84.733620,45.506282],[84.731960,45.506168],[84.731774,45.506043],[84.731292,45.505181],[84.730600,45.505079],[84.729595,45.505079],[84.729206,45.504984],[84.728792,45.504766],[84.728691,45.504508],[84.728966,45.504293],[84.730085,45.503832],[84.730236,45.503193],[84.730711,45.502321],[84.730718,45.502167],[84.730477,45.501915],[84.729675,45.501899],[84.729573,45.501788],[84.729584,45.501513],[84.729939,45.501253],[84.729979,45.500701],[84.729796,45.500522],[84.729312,45.500446],[84.729155,45.500343],[84.729202,45.500056],[84.729690,45.499622],[84.730540,45.498449],[84.730928,45.498103],[84.731714,45.497789],[84.731950,45.497394],[84.731960,45.497151],[84.731872,45.496962],[84.731675,45.496848],[84.731407,45.496844],[84.729756,45.497227],[84.729523,45.497122],[84.729342,45.496889],[84.729326,45.496545],[84.729554,45.495598],[84.729572,45.495168],[84.728835,45.493516],[84.728728,45.493075],[84.728814,45.491252],[84.729020,45.490107],[84.729023,45.489590],[84.728662,45.489268],[84.727931,45.489400],[84.727647,45.489374],[84.727357,45.489188],[84.727306,45.488836],[84.727476,45.488176],[84.727542,45.486940],[84.726930,45.485766],[84.726839,45.485209],[84.726875,45.484329],[84.726733,45.484004],[84.726026,45.483547],[84.725929,45.483148],[84.725917,45.482718],[84.726330,45.482195],[84.727292,45.481343],[84.727577,45.480769],[84.726604,45.479692],[84.726237,45.479509],[84.725722,45.479451],[84.723986,45.479871],[84.723737,45.479865],[84.723570,45.479728],[84.723641,45.479433],[84.723888,45.479205],[84.723863,45.478660],[84.723674,45.477871],[84.723755,45.477498],[84.724092,45.476953],[84.724145,45.476383],[84.723946,45.475857],[84.723780,45.475697],[84.723401,45.475669],[84.723052,45.475750],[84.722701,45.475917],[84.722173,45.476471],[84.722024,45.476468],[84.721876,45.476464],[84.721291,45.476067],[84.720251,45.475770],[84.718681,45.475624],[84.717261,45.474996],[84.716215,45.474833],[84.716172,45.474719],[84.716370,45.474514],[84.716699,45.474466],[84.717763,45.474632],[84.717969,45.474548],[84.718659,45.473944],[84.718930,45.473871],[84.719607,45.474198],[84.720065,45.474195],[84.720653,45.474054],[84.722083,45.473244],[84.722753,45.472715],[84.722841,45.472454],[84.721649,45.471181],[84.720345,45.470355],[84.719811,45.470310],[84.719148,45.470383],[84.718576,45.470573],[84.717420,45.471499],[84.717196,45.471592],[84.716815,45.471608],[84.716487,45.471191],[84.716605,45.469900],[84.716575,45.469026],[84.716417,45.468216],[84.716107,45.467349],[84.715884,45.465520],[84.715736,45.465221],[84.715598,45.465084],[84.714739,45.465011],[84.714554,45.464886],[84.714441,45.464153],[84.714277,45.463940],[84.713504,45.463649],[84.712409,45.463062],[84.711908,45.462661],[84.711701,45.462348],[84.711465,45.460388],[84.711148,45.459980],[84.711036,45.459669],[84.711013,45.458787],[84.710596,45.457329],[84.710618,45.456779],[84.710830,45.456252],[84.711922,45.454982],[84.711897,45.454727],[84.711221,45.453650],[84.711259,45.452725],[84.710725,45.451794],[84.709501,45.451050],[84.709133,45.450725],[84.708791,45.450228],[84.708109,45.450039],[84.706619,45.450260],[84.706375,45.450109],[84.706257,45.449931],[84.706258,45.449488],[84.705687,45.448749],[84.705713,45.448538],[84.706384,45.448289],[84.706583,45.448072],[84.706662,45.447287],[84.706542,45.446742],[84.706310,45.446287],[84.705961,45.445958],[84.705319,45.445801],[84.704350,45.446076],[84.703719,45.446552],[84.703217,45.447180],[84.702782,45.447944],[84.702443,45.448091],[84.701863,45.448015],[84.701665,45.447897],[84.702579,45.446340],[84.702579,45.445917],[84.702229,45.445601],[84.701683,45.445556],[84.701432,45.445449],[84.701315,45.445259],[84.701326,45.444976],[84.702562,45.443686],[84.702836,45.443104],[84.702848,45.442807],[84.702436,45.442402],[84.699869,45.442501],[84.698693,45.442751],[84.698176,45.442739],[84.697435,45.442393],[84.697231,45.442422],[84.697033,45.442613],[84.696508,45.443522],[84.695993,45.443752],[84.695502,45.443841],[84.693646,45.443391],[84.692951,45.442779],[84.692568,45.442561],[84.692485,45.442259],[84.692772,45.441360],[84.692713,45.440465],[84.692414,45.439772],[84.692008,45.439220],[84.691288,45.438795],[84.690383,45.438533],[84.689525,45.438714],[84.688372,45.439275],[84.687551,45.439268],[84.687139,45.439004],[84.686793,45.438601],[84.686834,45.436876],[84.686057,45.435798],[84.685463,45.435785],[84.684703,45.436187],[84.684560,45.436182],[84.684336,45.435981],[84.684233,45.435745],[84.684462,45.435245],[84.684772,45.433781],[84.684724,45.433070],[84.685473,45.430180],[84.685596,45.429060],[84.685239,45.428496],[84.684723,45.428012],[84.683543,45.426175],[84.683147,45.425388],[84.683134,45.424991],[84.682990,45.424578],[84.683059,45.424062],[84.683351,45.423902],[84.684496,45.423684],[84.684678,45.423467],[84.684688,45.423204],[84.684489,45.422979],[84.682538,45.422259],[84.682234,45.421989],[84.681133,45.421588],[84.680154,45.420957],[84.679608,45.420495],[84.679428,45.420222],[84.679321,45.419791],[84.679113,45.419509],[84.678829,45.419470],[84.678443,45.419603],[84.677630,45.420704],[84.676841,45.420808],[84.675128,45.420657],[84.675089,45.420460],[84.675383,45.420245],[84.675973,45.420070],[84.676167,45.419853],[84.676413,45.418932],[84.677169,45.418472],[84.677965,45.418202],[84.678084,45.418050],[84.677995,45.417484],[84.676484,45.417208],[84.675777,45.417180],[84.674605,45.417333],[84.672126,45.417896],[84.670861,45.417714],[84.669942,45.417794],[84.669858,45.417745],[84.669761,45.417689],[84.669727,45.417379],[84.671213,45.416098],[84.671334,45.415757],[84.671328,45.415469],[84.670957,45.415374],[84.670026,45.415452],[84.669760,45.415413],[84.669388,45.415205],[84.668577,45.413970],[84.667720,45.413421],[84.666500,45.412863],[84.666208,45.412590],[84.665272,45.412063],[84.665232,45.411895],[84.665360,45.411638],[84.666939,45.411419],[84.667689,45.411093],[84.668768,45.410165],[84.668823,45.409991],[84.668680,45.409712],[84.667969,45.409353],[84.667885,45.409097],[84.668855,45.407627],[84.669082,45.406747],[84.668765,45.406506],[84.668462,45.406499],[84.667332,45.406942],[84.666201,45.406816],[84.665519,45.406634],[84.664855,45.406310],[84.664602,45.405950],[84.664496,45.405496],[84.664221,45.405235],[84.663463,45.404876],[84.663596,45.404403],[84.664051,45.404028],[84.664575,45.403155],[84.664905,45.402364],[84.664921,45.401713],[84.664084,45.401377],[84.663639,45.401054],[84.660928,45.400058],[84.660536,45.400049],[84.660333,45.400065],[84.660136,45.400228],[84.659835,45.401069],[84.659466,45.401625],[84.658724,45.402030],[84.658357,45.402130],[84.657721,45.401995],[84.657469,45.401614],[84.656575,45.400666],[84.655917,45.400631],[84.655467,45.400884],[84.654941,45.400388],[84.654334,45.400107],[84.654004,45.399757],[84.653775,45.399255],[84.653627,45.398245],[84.653258,45.396817],[84.652973,45.396251],[84.652751,45.396162],[84.651538,45.396728],[84.651004,45.396716],[84.650923,45.396405],[84.651776,45.395589],[84.652882,45.393868],[84.653604,45.392531],[84.654928,45.390664],[84.655364,45.390181],[84.657177,45.388876],[84.657378,45.388613],[84.657386,45.388421],[84.657263,45.388235],[84.656895,45.388227],[84.655272,45.388683],[84.654392,45.389257],[84.653400,45.389678],[84.652921,45.389775],[84.652303,45.389762],[84.651710,45.389464],[84.650218,45.389030],[84.649220,45.389033],[84.647584,45.388086],[84.646164,45.386797],[84.644956,45.386428],[84.644810,45.386082],[84.644973,45.385159],[84.645218,45.384567],[84.645532,45.384286],[84.645684,45.383926],[84.645622,45.383273],[84.645349,45.382966],[84.645250,45.382642],[84.645310,45.382347],[84.645573,45.382165],[84.647041,45.381579],[84.647351,45.381285],[84.647426,45.381036],[84.647549,45.379932],[84.647404,45.379277],[84.647186,45.379227],[84.646100,45.379624],[84.645864,45.379586],[84.645719,45.379361],[84.646209,45.378875],[84.647004,45.378316],[84.647368,45.377564],[84.647224,45.377172],[84.646794,45.376941],[84.645970,45.376790],[84.644294,45.376644],[84.644220,45.376421],[84.644347,45.376094],[84.645123,45.375138],[84.645017,45.374705],[84.644792,45.374533],[84.643789,45.374820],[84.642760,45.374985],[84.640417,45.375054],[84.639956,45.375144],[84.639446,45.375012],[84.639468,45.374770],[84.639733,45.374529],[84.640624,45.374219],[84.640775,45.374014],[84.640788,45.372840],[84.640977,45.372159],[84.641068,45.370253],[84.641256,45.368887],[84.641169,45.368287],[84.640653,45.366693],[84.640556,45.366039],[84.639564,45.364175],[84.639012,45.363762],[84.637362,45.363450],[84.637069,45.363364],[84.636889,45.363164],[84.636737,45.362638],[84.636735,45.361268],[84.636658,45.360836],[84.635665,45.359035],[84.635465,45.358855],[84.633170,45.358529],[84.632810,45.358220],[84.632799,45.358032],[84.633078,45.357729],[84.634497,45.356900],[84.634631,45.356661],[84.634497,45.356457],[84.634282,45.356344],[84.632795,45.356729],[84.632413,45.356741],[84.632276,45.356694],[84.632138,45.356648],[84.631626,45.356127],[84.630275,45.353524],[84.629897,45.353065],[84.628701,45.352007],[84.628287,45.351137],[84.627910,45.350786],[84.627088,45.349311],[84.626896,45.349064],[84.626303,45.348650],[84.625750,45.347577],[84.624988,45.347043],[84.624172,45.346273],[84.624166,45.345997],[84.624417,45.345238],[84.624350,45.344731],[84.623848,45.344244],[84.623318,45.343878],[84.622916,45.343694],[84.622217,45.343565],[84.621769,45.343339],[84.620701,45.342229],[84.620001,45.341805],[84.618818,45.340743],[84.617212,45.339756],[84.616766,45.339216],[84.615654,45.338728],[84.614864,45.338214],[84.614184,45.337615],[84.613802,45.336997],[84.613464,45.336835],[84.612501,45.336626],[84.611918,45.336321],[84.611756,45.335750],[84.611554,45.335612],[84.610812,45.335395],[84.610298,45.334912],[84.610171,45.334659],[84.608585,45.333817],[84.608254,45.333371],[84.605027,45.330791],[84.598435,45.326857],[84.597610,45.326468],[84.595911,45.325876],[84.595500,45.325517],[84.595031,45.324709],[84.594858,45.324074],[84.594343,45.323633],[84.594201,45.323333],[84.594096,45.322742],[84.593886,45.322528],[84.592840,45.322076],[84.592248,45.321379],[84.591939,45.321259],[84.590885,45.321283],[84.589848,45.321019],[84.589855,45.320852],[84.590910,45.319980],[84.590914,45.319612],[84.590734,45.319412],[84.590331,45.319270],[84.588663,45.319102],[84.587731,45.318907],[84.587654,45.318220],[84.587428,45.317981],[84.587043,45.317811],[84.586790,45.317517],[84.586715,45.317052],[84.586797,45.315812],[84.586685,45.315513],[84.586355,45.315210],[84.585948,45.315210],[84.584626,45.315671],[84.583924,45.315624],[84.583904,45.315410],[84.584450,45.315091],[84.585085,45.314883],[84.585264,45.314719],[84.585302,45.314503],[84.585219,45.314233],[84.583592,45.313118],[84.582019,45.312576],[84.581070,45.312092],[84.580550,45.311518],[84.579300,45.310740],[84.580617,45.298815],[84.581370,45.293615],[84.581700,45.290465],[84.581873,45.288814],[84.581893,45.288655],[84.583729,45.274264],[84.585991,45.259935],[84.587351,45.252114],[84.588880,45.241430],[84.593049,45.237495],[84.595234,45.236056],[84.596042,45.235391],[84.596581,45.234764],[84.597916,45.231504],[84.598392,45.230944],[84.600232,45.229542],[84.601654,45.228864],[84.602614,45.228107],[84.603672,45.227603],[84.609166,45.223000],[84.610646,45.221521],[84.612645,45.220192],[84.614728,45.219140],[84.615587,45.218503],[84.616466,45.217038],[84.618008,45.214076],[84.619816,45.212631],[84.621316,45.210653],[84.622429,45.207418],[84.623131,45.206334],[84.624846,45.203087],[84.626572,45.200328],[84.626698,45.199566],[84.627370,45.198077],[84.628761,45.195650],[84.630363,45.193303],[84.631059,45.191595],[84.631324,45.190608],[84.631871,45.189134],[84.632311,45.188116],[84.632791,45.187327],[84.632741,45.187003],[84.633285,45.185936],[84.633982,45.185013],[84.634920,45.184108],[84.635691,45.183538],[84.636500,45.183086],[84.638872,45.182092],[84.639615,45.181694],[84.640722,45.180939],[84.642572,45.179483],[84.644259,45.178380],[84.647498,45.175575],[84.650337,45.173349],[84.653053,45.170648],[84.656051,45.168088],[84.659964,45.165405],[84.663004,45.163111],[84.665751,45.161415],[84.666865,45.160103],[84.668894,45.158546],[84.668625,45.154298],[84.667501,45.147594],[84.666849,45.141640],[84.661586,45.102329],[84.661570,45.102214],[84.657399,45.063472],[84.656437,45.055772],[84.653769,45.034423],[84.651920,45.019628],[84.650606,45.009105],[84.642366,45.003279],[84.651636,45.000123],[84.647673,44.967719],[84.642963,44.929192],[84.635663,44.930232],[84.634382,44.908382],[84.634008,44.906009],[84.633950,44.905129],[84.634331,44.901016],[84.634429,44.898059],[84.634648,44.895139],[84.634729,44.894057],[84.635799,44.879768],[84.636122,44.877217],[84.636116,44.876643],[84.635529,44.871854],[84.635266,44.868529],[84.635019,44.867664],[84.635062,44.867464],[84.635274,44.867237],[84.635634,44.867073],[84.648424,44.866724],[84.648629,44.866326],[84.649099,44.857979],[84.649382,44.850177],[84.650086,44.835602],[84.650094,44.835428],[84.651010,44.816472],[84.651255,44.811387],[84.652485,44.791034],[84.640506,44.791777],[84.630276,44.792410],[84.629526,44.792448],[84.627917,44.792339],[84.627881,44.792381],[84.627784,44.792315],[84.626002,44.791772],[84.626424,44.784236],[84.628155,44.783790],[84.631462,44.782164],[84.634611,44.779902],[84.636454,44.778988],[84.637168,44.779097],[84.643083,44.775259],[84.644525,44.774213],[84.645267,44.773108],[84.647955,44.766689],[84.648371,44.765999],[84.648762,44.765546],[84.649307,44.765173],[84.651599,44.763973],[84.656981,44.761954],[84.673661,44.755259],[84.673993,44.754364],[84.674213,44.752916],[84.674249,44.752572],[84.674052,44.752129],[84.674418,44.751924],[84.674513,44.750624],[84.674778,44.750283],[84.675544,44.750009],[84.676149,44.749463],[84.676421,44.749412],[84.677489,44.748794],[84.678277,44.748112],[84.678217,44.747489],[84.677795,44.746779],[84.678357,44.746109],[84.677402,44.745347],[84.675364,44.744141],[84.673525,44.743619],[84.673095,44.743694],[84.672752,44.743162],[84.672936,44.741871],[84.673930,44.740723],[84.675537,44.740859],[84.677334,44.739846],[84.680953,44.739827],[84.683171,44.740532],[84.686591,44.740510],[84.690614,44.739240],[84.693980,44.737180],[84.694775,44.736461],[84.694752,44.734886],[84.695555,44.734453],[84.701375,44.734275],[84.702576,44.733554],[84.703173,44.733549],[84.703601,44.735259],[84.704006,44.735547],[84.705620,44.735680],[84.706415,44.735382],[84.708403,44.733797],[84.708403,44.733518],[84.710574,44.731216],[84.712531,44.727190],[84.708663,44.723931],[84.707630,44.721641],[84.707607,44.719931],[84.708379,44.717923],[84.711353,44.715188],[84.714581,44.714928],[84.715884,44.715030],[84.716726,44.715361],[84.717598,44.716550],[84.718078,44.716873],[84.718644,44.716959],[84.719044,44.716654],[84.719520,44.715761],[84.719863,44.715575],[84.721334,44.715417],[84.724428,44.714722],[84.728107,44.712652],[84.729627,44.711172],[84.730692,44.711074],[84.732432,44.711230],[84.733352,44.711517],[84.734616,44.711634],[84.735600,44.711609],[84.737427,44.712180],[84.737808,44.712041],[84.738346,44.711499],[84.738930,44.710461],[84.738960,44.709677],[84.739081,44.709247],[84.739502,44.709052],[84.740257,44.708930],[84.740744,44.708719],[84.740901,44.708326],[84.740919,44.707004],[84.741899,44.703956],[84.742949,44.703350],[84.744395,44.702942],[84.745016,44.702586],[84.745027,44.702365],[84.744615,44.701601],[84.744695,44.701215],[84.746013,44.699896],[84.746990,44.698700],[84.746876,44.696799],[84.747578,44.694901],[84.748762,44.693602],[84.751158,44.693011],[84.754134,44.690982],[84.754713,44.689553],[84.754294,44.687980],[84.754271,44.686404],[84.755324,44.686472],[84.760441,44.683706],[84.760359,44.683192],[84.762751,44.680619],[84.764462,44.679911],[84.764486,44.679270],[84.763921,44.678638],[84.763905,44.677616],[84.764006,44.676761],[84.764264,44.676691],[84.764811,44.676723],[84.766411,44.677124],[84.767155,44.677053],[84.767282,44.676833],[84.766908,44.676519],[84.768369,44.674998],[84.770078,44.674304],[84.770744,44.674232],[84.771283,44.674411],[84.772872,44.675695],[84.773841,44.676131],[84.775131,44.676126],[84.775661,44.675845],[84.776840,44.674355],[84.777475,44.672619],[84.780171,44.670971],[84.781911,44.669628],[84.782677,44.669187],[84.783706,44.668869],[84.785088,44.668621],[84.787860,44.668587],[84.788285,44.668648],[84.789414,44.669584],[84.792799,44.672048],[84.793781,44.672561],[84.794600,44.672723],[84.795145,44.672732],[84.795699,44.672511],[84.796239,44.672468],[84.796804,44.673941],[84.798373,44.680282],[84.798832,44.681266],[84.799205,44.681775],[84.801935,44.683390],[84.803963,44.683307],[84.805007,44.683060],[84.805481,44.682774],[84.808970,44.683014],[84.814328,44.683620],[84.827029,44.684220],[84.854176,44.685682],[84.850732,44.692229],[84.846902,44.699509],[84.844367,44.704551],[84.844323,44.704639],[84.844093,44.705096],[84.839956,44.713330],[84.834886,44.723258],[84.834568,44.723853],[84.834329,44.724302],[84.833707,44.725464],[84.832012,44.728637],[84.830664,44.731163],[84.827312,44.737436],[84.827266,44.737522],[84.825890,44.740098],[84.823488,44.744594],[84.819735,44.751617],[84.819073,44.752856],[84.818650,44.753684],[84.816924,44.757060],[84.813223,44.764301],[84.804500,44.781361],[84.793111,44.802800],[84.792700,44.803742],[84.792358,44.805540],[84.792271,44.807951],[84.792252,44.808488],[84.797185,44.809062],[84.801437,44.809945],[84.807038,44.811108],[84.811057,44.811783],[84.812349,44.812319],[84.820131,44.815550],[84.823754,44.816800],[84.832423,44.820423],[84.833633,44.820840],[84.836678,44.823385],[84.838086,44.823652],[84.839882,44.823350],[84.846322,44.825000],[84.848510,44.825788],[84.848924,44.826098],[84.849167,44.826405],[84.849445,44.826488],[84.851074,44.826329],[84.855525,44.824625],[84.857646,44.823057],[84.858940,44.822448],[84.860933,44.821312],[84.866397,44.818720],[84.868138,44.817756],[84.878609,44.812640],[84.883730,44.810043],[84.888863,44.807615],[84.894707,44.804674],[84.898242,44.802894],[84.899398,44.802723],[84.907716,44.802132],[84.911469,44.801968],[84.915147,44.801627],[84.916810,44.801625],[84.920389,44.802445],[84.930981,44.804460],[84.937379,44.805846],[84.937929,44.805769],[84.938309,44.805509],[84.940354,44.803297],[84.941218,44.802504],[84.941321,44.802409],[84.942386,44.801774],[84.943337,44.801341],[84.944358,44.801085],[84.946548,44.800753],[84.951335,44.800580],[84.952734,44.800332],[84.953901,44.799959],[84.956859,44.797761],[84.957072,44.797402],[84.957776,44.795151],[84.958662,44.793430],[84.959205,44.792735],[84.960275,44.788443],[84.960865,44.787582],[84.961687,44.786834],[84.963977,44.783353],[84.965005,44.782116],[84.965182,44.781931],[84.965606,44.781760],[84.966677,44.781452],[84.967586,44.780906],[84.968870,44.779427],[84.971216,44.777377],[84.973021,44.776118],[84.974924,44.775296],[84.976346,44.774239],[84.977015,44.773467],[84.978810,44.772003],[84.979267,44.771402],[84.979994,44.769846],[84.980278,44.769643],[84.981954,44.769059],[84.984138,44.768088],[84.987479,44.767095],[84.987957,44.767247],[84.988361,44.767665],[84.989213,44.768221],[84.990063,44.768519],[84.991571,44.768725],[84.992330,44.768762],[84.992898,44.768673],[84.994711,44.768071],[84.998676,44.765732],[85.000337,44.764893],[85.002150,44.763459],[85.002461,44.763131],[85.003469,44.761438],[85.004701,44.760059],[85.005053,44.759757],[85.005609,44.759535],[85.006399,44.758844],[85.007994,44.756854],[85.008398,44.756420],[85.008984,44.756168],[85.009307,44.755853],[85.009619,44.755342],[85.009918,44.755222],[85.010403,44.755283],[85.010856,44.754854],[85.012936,44.754010],[85.015326,44.752852],[85.019371,44.751548],[85.021954,44.750606],[85.023985,44.749693],[85.026679,44.748397],[85.031624,44.745585],[85.035508,44.744528],[85.038746,44.743350],[85.041371,44.742551],[85.046596,44.740205],[85.047629,44.739195],[85.049385,44.736003],[85.050844,44.732733],[85.053245,44.726642],[85.053518,44.724483],[85.054406,44.723351],[85.054792,44.723165],[85.054130,44.718957],[85.054008,44.718185],[85.053116,44.717064],[85.052654,44.716137],[85.052025,44.714299],[85.051897,44.713341],[85.050676,44.713225],[85.050493,44.713131],[85.050423,44.712878],[85.052348,44.701721],[85.052880,44.698130],[85.045317,44.696576],[85.043487,44.696058],[85.041838,44.695915],[85.039937,44.695185],[85.037886,44.694735],[85.033308,44.693531],[85.030225,44.692450],[85.028989,44.691688],[85.027517,44.690473],[85.026816,44.689256],[85.026042,44.688199],[85.025342,44.686690],[85.025452,44.685603],[85.025102,44.682601],[85.025254,44.681588],[85.024998,44.678793],[85.024834,44.678200],[85.024615,44.675593],[85.024406,44.674495],[85.024220,44.670030],[85.023852,44.668079],[85.023623,44.666221],[85.023643,44.665647],[85.022113,44.653035],[85.021783,44.650311],[85.019509,44.632371],[85.018256,44.619649],[85.046780,44.623117],[85.055088,44.624382],[85.065200,44.625716],[85.068360,44.626379],[85.010296,44.574837],[84.943356,44.565107],[84.901129,44.558965],[84.900269,44.558840],[84.853844,44.552091],[84.855923,44.545343],[84.857301,44.544188],[84.858277,44.542542],[84.857855,44.540468],[84.858432,44.539758],[84.858239,44.538907],[84.855154,44.535334],[84.855133,44.533601],[84.856267,44.529615],[84.855629,44.527467],[84.851935,44.521493],[84.852300,44.518644],[84.853818,44.514324],[84.854789,44.512761],[84.854930,44.509750],[84.855315,44.508736],[84.859035,44.504269],[84.858617,44.502851],[84.858984,44.500962],[84.861117,44.498363],[84.861069,44.495592],[84.856958,44.487426],[84.856120,44.486224],[84.850476,44.480184],[84.844470,44.474113],[84.837721,44.468012],[84.833754,44.465946],[84.829329,44.464535],[84.826605,44.462975],[84.825886,44.462563],[84.825623,44.461838],[84.825474,44.461711],[84.824074,44.460324],[84.822429,44.458697],[84.814750,44.451099],[84.812930,44.449115],[84.805873,44.443468],[84.802462,44.441923],[84.797428,44.438118],[84.797017,44.437265],[84.794958,44.434761],[84.794748,44.434513],[84.794541,44.434253],[84.793679,44.433205],[84.792348,44.431586],[84.791518,44.429736],[84.791313,44.429021],[84.790893,44.428017],[84.790475,44.427017],[84.788806,44.423023],[84.788425,44.422762],[84.787192,44.420194],[84.787374,44.419189],[84.787354,44.417632],[84.787351,44.417336],[84.787504,44.414757],[84.787633,44.410037],[84.788196,44.408032],[84.787960,44.405311],[84.788120,44.403020],[84.788205,44.395447],[84.787999,44.395012],[84.786392,44.393885],[84.784593,44.393474],[84.779999,44.392661],[84.778200,44.391962],[84.778187,44.391120],[84.778183,44.390869],[84.778156,44.389137],[84.777918,44.386676],[84.777644,44.381815],[84.777422,44.380244],[84.777369,44.376807],[84.777499,44.372375],[84.778002,44.366079],[84.777918,44.360501],[84.778649,44.356494],[84.779221,44.354624],[84.779000,44.353199],[84.778961,44.350769],[84.778534,44.349196],[84.778649,44.343622],[84.779777,44.339037],[84.781102,44.334591],[84.781064,44.332153],[84.782565,44.326280],[84.784715,44.324115],[84.785498,44.323104],[84.786596,44.317943],[84.786557,44.316390],[84.785905,44.314435],[84.784783,44.311936],[84.784059,44.309836],[84.783770,44.308133],[84.784313,44.306792],[84.786195,44.305051],[84.791442,44.300117],[84.792636,44.297942],[84.793504,44.295550],[84.793577,44.292579],[84.793908,44.287978],[84.795567,44.280679],[84.795743,44.279099],[84.796497,44.276378],[84.796672,44.274798],[84.796223,44.271660],[84.795606,44.270237],[84.795766,44.267802],[84.798248,44.261343],[84.798203,44.258770],[84.796535,44.253353],[84.795286,44.249644],[84.793381,44.242234],[84.791880,44.235093],[84.791469,44.233808],[84.791637,44.231949],[84.791766,44.227373],[84.791721,44.224656],[84.791088,44.222522],[84.785779,44.212703],[84.783958,44.210286],[84.780438,44.201029],[84.776986,44.195767],[84.773700,44.188942],[84.772038,44.184090],[84.768783,44.178398],[84.764528,44.173145],[84.762294,44.169595],[84.759663,44.166468],[84.753819,44.160653],[84.746141,44.151857],[84.739896,44.146182],[84.738881,44.144327],[84.737838,44.141798],[84.735758,44.137209],[84.733194,44.132039],[84.732903,44.130831],[84.731819,44.128561],[84.733327,44.128022],[84.734489,44.127394],[84.735691,44.126492],[84.737154,44.126033],[84.737980,44.126171],[84.739752,44.127214],[84.740785,44.128270],[84.742542,44.129701],[84.746018,44.131274],[84.748445,44.132484],[84.752200,44.134146],[84.757995,44.136974],[84.761242,44.139468],[84.764666,44.141589],[84.766058,44.142208],[84.768360,44.143605],[84.769829,44.144627],[84.780047,44.150448],[84.782004,44.151461],[84.785960,44.153831],[84.787178,44.154739],[84.788218,44.155769],[84.789412,44.156676],[84.790856,44.158055],[84.791967,44.158710],[84.794507,44.159909],[84.797325,44.161421],[84.802599,44.162325],[84.804240,44.162755],[84.806191,44.162948],[84.807675,44.163543],[84.811463,44.163851],[84.813575,44.163780],[84.816911,44.163153],[84.820691,44.161163],[84.822781,44.160381],[84.823796,44.160181],[84.824876,44.160108],[84.825732,44.160148],[84.826491,44.160294],[84.826886,44.160251],[84.827945,44.159810],[84.828777,44.159849],[84.830503,44.160163],[84.832266,44.160719],[84.832899,44.161258],[84.832045,44.163815],[84.834912,44.164007],[84.835861,44.164565],[84.836181,44.165185],[84.836353,44.166695],[84.836611,44.167234],[84.837374,44.168217],[84.837625,44.168891],[84.838044,44.169482],[84.838494,44.170043],[84.839443,44.170868],[84.840033,44.171146],[84.841012,44.171409],[84.843255,44.171271],[84.844526,44.171338],[84.845129,44.171761],[84.845963,44.172173],[84.848811,44.173108],[84.850536,44.173864],[84.850993,44.173851],[84.852014,44.173285],[84.853415,44.173550],[84.854612,44.173088],[84.855437,44.172968],[84.856213,44.172997],[84.857029,44.173130],[84.857409,44.173283],[84.859801,44.170537],[84.860917,44.169503],[84.861435,44.169111],[84.862161,44.168723],[84.862563,44.168649],[84.864497,44.168682],[84.866612,44.168852],[84.868331,44.168765],[84.871141,44.168973],[84.873738,44.169302],[84.876219,44.170298],[84.877493,44.170671],[84.881573,44.170768],[84.884226,44.170548],[84.887608,44.171051],[84.888928,44.171099],[84.891098,44.171472],[84.893216,44.171636],[84.895731,44.172416],[84.897359,44.173331],[84.902280,44.176645],[84.903876,44.177535],[84.905427,44.177981],[84.906283,44.178131],[84.909873,44.178464],[84.914258,44.178705],[84.916375,44.178987],[84.917341,44.179288],[84.917669,44.179562],[84.918056,44.180121],[84.918538,44.181283],[84.918924,44.182543],[84.920113,44.184445],[84.922699,44.187738],[84.924854,44.190318],[84.926108,44.192046],[84.927720,44.194525],[84.928821,44.195674],[84.929393,44.196921],[84.929859,44.197573],[84.930669,44.198366],[84.931997,44.200664],[84.932833,44.203378],[84.933089,44.204728],[84.933590,44.206200],[84.934059,44.206948],[84.934718,44.207416],[84.934861,44.207661],[84.935413,44.211352],[84.935345,44.213272],[84.934984,44.214756],[84.935112,44.215602],[84.935582,44.217466],[84.935238,44.218157],[84.935225,44.219029],[84.935137,44.219202],[84.935024,44.220273],[84.935024,44.222086],[84.935292,44.223241],[84.935294,44.224026],[84.935124,44.225059],[84.935166,44.225502],[84.937159,44.227971],[84.937169,44.228206],[84.937021,44.228424],[84.936994,44.229197],[84.936627,44.229853],[84.936681,44.230164],[84.936792,44.230487],[84.937239,44.231013],[84.937292,44.231182],[84.937087,44.231708],[84.937093,44.232026],[84.937197,44.232228],[84.937682,44.232339],[84.937938,44.232518],[84.937994,44.232741],[84.937605,44.233210],[84.937966,44.234365],[84.937814,44.234725],[84.937802,44.235081],[84.937929,44.235438],[84.938163,44.235739],[84.938172,44.235994],[84.937968,44.236144],[84.937896,44.236377],[84.937934,44.236607],[84.938231,44.236968],[84.938289,44.237458],[84.938581,44.238124],[84.938751,44.239255],[84.938740,44.240559],[84.938563,44.241281],[84.938009,44.242114],[84.937843,44.243197],[84.937836,44.244134],[84.937550,44.244680],[84.937348,44.244823],[84.937291,44.245084],[84.937690,44.246032],[84.938521,44.246920],[84.938791,44.247523],[84.938857,44.248773],[84.939382,44.249568],[84.939422,44.251422],[84.939344,44.252030],[84.939437,44.252320],[84.939645,44.252554],[84.940053,44.253380],[84.941913,44.255162],[84.942371,44.255405],[84.944603,44.255921],[84.945587,44.256437],[84.946316,44.257261],[84.948139,44.258809],[84.949512,44.259245],[84.950678,44.259920],[84.952145,44.261152],[84.954091,44.262032],[84.955675,44.263219],[84.956512,44.264318],[84.957110,44.266602],[84.957403,44.267235],[84.957619,44.268074],[84.958088,44.268685],[84.958705,44.269734],[84.959139,44.270695],[84.959095,44.272615],[84.959339,44.274650],[84.959952,44.278689],[84.960272,44.279723],[84.960490,44.280179],[84.962527,44.282885],[84.962720,44.283540],[84.963565,44.285446],[84.964404,44.287021],[84.967303,44.289490],[84.968438,44.291969],[84.968420,44.292474],[84.968064,44.293803],[84.967554,44.295221],[84.967469,44.295805],[84.967723,44.296562],[84.968546,44.297263],[84.969085,44.297394],[84.974891,44.297944],[84.975884,44.298298],[84.976684,44.298478],[84.978026,44.299048],[84.984211,44.302236],[84.986326,44.303596],[84.986935,44.304268],[84.988030,44.305752],[84.991418,44.308583],[84.993118,44.309469],[84.996152,44.310681],[84.999449,44.311555],[85.002212,44.311816],[85.005042,44.312334],[85.014524,44.314639],[85.017603,44.315228],[85.019674,44.315872],[85.020661,44.316088],[85.023883,44.316417],[85.025562,44.316759],[85.033107,44.316813],[85.038608,44.317273],[85.042004,44.317420],[85.042966,44.317284],[85.045372,44.316633],[85.046566,44.316568],[85.049708,44.316737],[85.052031,44.317171],[85.053771,44.317324],[85.060154,44.317324],[85.062834,44.317442],[85.065403,44.317281],[85.066334,44.317163],[85.066913,44.316962],[85.068622,44.316630],[85.069985,44.316533],[85.073047,44.315850],[85.075074,44.315752],[85.076656,44.315350],[85.081431,44.314629],[85.085444,44.313694],[85.087025,44.313467],[85.088944,44.313049],[85.095402,44.312228],[85.098705,44.311678],[85.102104,44.311347],[85.106765,44.310154],[85.107839,44.309695],[85.108537,44.309531],[85.109658,44.309555],[85.109790,44.308386],[85.110330,44.307052],[85.110338,44.306538],[85.110608,44.305479],[85.111321,44.304863],[85.111626,44.304444],[85.111985,44.303115],[85.112390,44.302498],[85.112270,44.301315],[85.111953,44.300643],[85.111960,44.300431],[85.112320,44.299754],[85.112309,44.299422],[85.112051,44.299058],[85.112031,44.298880],[85.112282,44.298137],[85.112088,44.297928],[85.112018,44.297570],[85.112084,44.296968],[85.111985,44.295800],[85.112037,44.295218],[85.112497,44.294651],[85.112552,44.294381],[85.112383,44.293932],[85.112391,44.293681],[85.112760,44.292838],[85.112680,44.292139],[85.112421,44.291680],[85.112256,44.290536],[85.112487,44.289363],[85.112451,44.288606],[85.112238,44.288292],[85.112135,44.287257],[85.111797,44.286846],[85.111779,44.286609],[85.111278,44.285672],[85.110066,44.285019],[85.109647,44.284647],[85.109164,44.284445],[85.107807,44.283372],[85.107590,44.282676],[85.107536,44.280880],[85.107431,44.280690],[85.107597,44.279481],[85.107780,44.278223],[85.107510,44.274601],[85.107251,44.270974],[85.106989,44.267352],[85.106721,44.263730],[85.106703,44.263531],[85.106660,44.259908],[85.106616,44.256277],[85.106614,44.256120],[85.106480,44.255725],[85.106386,44.254899],[85.106049,44.253550],[85.105376,44.251578],[85.104934,44.250892],[85.105034,44.250579],[85.105376,44.250178],[85.105402,44.249915],[85.105287,44.249778],[85.104484,44.249392],[85.104652,44.248685],[85.104173,44.247061],[85.103892,44.246647],[85.103222,44.246042],[85.103039,44.245333],[85.102050,44.244412],[85.101989,44.244183],[85.102185,44.243831],[85.101664,44.243106],[85.102024,44.241777],[85.101324,44.240659],[85.101184,44.239292],[85.100883,44.237725],[85.100900,44.236935],[85.100641,44.235434],[85.100375,44.234925],[85.100365,44.234568],[85.100645,44.233580],[85.100361,44.231924],[85.100662,44.231327],[85.100655,44.230856],[85.100248,44.230099],[85.100458,44.229544],[85.100716,44.229237],[85.100691,44.228945],[85.099850,44.228239],[85.099811,44.228051],[85.100144,44.227688],[85.100192,44.227276],[85.099779,44.226725],[85.099898,44.226211],[85.099324,44.225749],[85.099338,44.225473],[85.099175,44.225320],[85.098894,44.224709],[85.098532,44.224305],[85.097801,44.222788],[85.097575,44.222117],[85.096461,44.220829],[85.096370,44.220446],[85.095618,44.219588],[85.095522,44.219374],[85.095546,44.218643],[85.095352,44.218329],[85.095479,44.216892],[85.095347,44.216361],[85.095119,44.216139],[85.095175,44.215448],[85.094905,44.214946],[85.094702,44.213928],[85.094405,44.213336],[85.094365,44.212831],[85.094565,44.211801],[85.095031,44.210767],[85.095024,44.210589],[85.094853,44.210318],[85.095116,44.209859],[85.095051,44.209353],[85.095440,44.209246],[85.095547,44.209100],[85.095534,44.208842],[85.095162,44.208012],[85.095148,44.207809],[85.095305,44.207461],[85.094945,44.207089],[85.094679,44.204050],[85.094488,44.203739],[85.094372,44.202689],[85.094100,44.202365],[85.094069,44.202008],[85.094112,44.201732],[85.094523,44.201210],[85.094739,44.200660],[85.094595,44.199691],[85.094772,44.198985],[85.094514,44.198571],[85.093792,44.197940],[85.093577,44.197574],[85.093536,44.197257],[85.093643,44.195519],[85.093425,44.194603],[85.093765,44.193868],[85.093877,44.192321],[85.093911,44.192138],[85.094217,44.191796],[85.094219,44.191400],[85.093195,44.189934],[85.093052,44.189445],[85.092998,44.188343],[85.092834,44.187805],[85.092453,44.187201],[85.092380,44.186826],[85.092522,44.186080],[85.092235,44.185551],[85.092105,44.184275],[85.091792,44.183497],[85.091495,44.183165],[85.091359,44.182871],[85.091348,44.182563],[85.091141,44.181943],[85.090070,44.180403],[85.090054,44.180091],[85.089874,44.179722],[85.089545,44.179416],[85.089104,44.178394],[85.088648,44.177808],[85.087848,44.176192],[85.087705,44.175065],[85.087745,44.173853],[85.087625,44.173708],[85.087581,44.171915],[85.088599,44.170211],[85.088653,44.169991],[85.088558,44.169761],[85.088577,44.169430],[85.088728,44.168993],[85.089078,44.168442],[85.089126,44.167775],[85.089041,44.166972],[85.088483,44.165091],[85.088054,44.164702],[85.087852,44.164234],[85.087842,44.163884],[85.088674,44.161971],[85.089092,44.161335],[85.090762,44.160113],[85.090967,44.159717],[85.090913,44.159276],[85.090578,44.159037],[85.090373,44.158763],[85.090313,44.157852],[85.090828,44.156991],[85.091080,44.156220],[85.091319,44.154795],[85.091147,44.154156],[85.092210,44.153021],[85.092393,44.152658],[85.092340,44.152178],[85.092127,44.151741],[85.092099,44.151295],[85.092357,44.149920],[85.092709,44.149556],[85.092835,44.149277],[85.092762,44.148959],[85.091799,44.147880],[85.092366,44.144361],[85.092445,44.142306],[85.092759,44.139984],[85.094015,44.136052],[85.094830,44.132503],[85.095357,44.128089],[85.095884,44.125137],[85.095940,44.123395],[85.096588,44.116567],[85.096698,44.112056],[85.096569,44.110116],[85.096270,44.108935],[85.096191,44.107783],[85.095923,44.106301],[85.095511,44.101975],[85.095499,44.100892],[85.095638,44.099773],[85.095685,44.097932],[85.095611,44.097052],[85.095468,44.096501],[85.094010,44.095338],[85.089145,44.090389],[85.079686,44.084188],[85.078685,44.083919],[85.072463,44.080974],[85.072057,44.080409],[85.070245,44.079279],[85.067653,44.079015],[85.063851,44.077767],[85.056391,44.072977],[85.052182,44.071152],[85.051960,44.070150],[85.051148,44.069298],[85.047948,44.068616],[85.046746,44.067909],[85.046325,44.066912],[85.045322,44.066353],[85.043124,44.065941],[85.041509,44.064668],[85.041470,44.063094],[85.040850,44.061814],[85.040812,44.059951],[85.041194,44.059230],[85.042757,44.057363],[85.042542,44.056648],[85.039510,44.054242],[85.036293,44.052694],[85.034095,44.052282],[85.031491,44.051160],[85.028104,44.051192],[85.025889,44.049915],[85.025476,44.049062],[85.023867,44.048220],[85.022473,44.048372],[85.021883,44.048666],[85.020487,44.048530],[85.016648,44.045700],[85.013997,44.042435],[85.010165,44.040028],[85.006762,44.039050],[85.001190,44.039233],[84.999397,44.038819],[84.992553,44.035009],[84.990714,44.032597],[84.988713,44.031891],[84.986522,44.032052],[84.984728,44.031926],[84.979103,44.029104],[84.974638,44.024129],[84.969750,44.018022],[84.965691,44.013901],[84.963830,44.010060],[84.960392,44.006941],[84.959986,44.006367],[84.959940,44.004081],[84.959061,44.002078],[84.958571,44.001213],[84.958347,44.000572],[84.958060,43.998692],[84.958371,43.997432],[84.958278,43.996798],[84.957880,43.995899],[84.957483,43.993930],[84.957244,43.993335],[84.955858,43.991951],[84.955513,43.991383],[84.953391,43.989291],[84.951847,43.986943],[84.950136,43.985989],[84.949447,43.985221],[84.949130,43.984613],[84.948943,43.983781],[84.948704,43.983278],[84.947466,43.981816],[84.946895,43.980943],[84.946590,43.980124],[84.945675,43.979409],[84.945503,43.979026],[84.945451,43.977982],[84.944906,43.976700],[84.945278,43.974257],[84.945132,43.973517],[84.945252,43.972949],[84.945477,43.970268],[84.945901,43.968750],[84.946325,43.966611],[84.945789,43.965203],[84.945749,43.964688],[84.946067,43.963698],[84.946173,43.962998],[84.945934,43.961558],[84.945895,43.960593],[84.946107,43.959564],[84.946186,43.958058],[84.946107,43.956776],[84.945232,43.955375],[84.945139,43.955005],[84.945126,43.954199],[84.945324,43.953341],[84.945430,43.951756],[84.945112,43.950936],[84.945112,43.950580],[84.945947,43.948785],[84.946385,43.947108],[84.946809,43.946462],[84.947737,43.945446],[84.948081,43.944839],[84.950706,43.942850],[84.955460,43.937332],[84.956096,43.936449],[84.956362,43.935974],[84.956481,43.935300],[84.956468,43.934310],[84.956348,43.933451],[84.956408,43.932929],[84.956846,43.932428],[84.957403,43.932113],[84.960665,43.931434],[84.961436,43.931051],[84.961899,43.930697],[84.962709,43.930474],[84.963134,43.930197],[84.963293,43.929776],[84.963306,43.928138],[84.963525,43.927616],[84.965209,43.925639],[84.965595,43.924874],[84.965740,43.924016],[84.965661,43.923144],[84.965196,43.922245],[84.963856,43.920841],[84.962570,43.920072],[84.962065,43.919648],[84.961986,43.919357],[84.962065,43.919014],[84.962397,43.918539],[84.962517,43.918183],[84.962450,43.917839],[84.961986,43.917112],[84.962039,43.916874],[84.962450,43.916413],[84.962834,43.916136],[84.962888,43.915859],[84.962702,43.915674],[84.961455,43.915050],[84.961376,43.914759],[84.962172,43.913242],[84.962371,43.912608],[84.962291,43.912225],[84.961959,43.911907],[84.960692,43.911079],[84.960228,43.909823],[84.960241,43.909479],[84.960825,43.908715],[84.960971,43.908213],[84.960772,43.906839],[84.960759,43.906007],[84.960440,43.904936],[84.960334,43.904130],[84.960202,43.903720],[84.959764,43.903111],[84.959658,43.902741],[84.959777,43.902279],[84.960652,43.901000],[84.960785,43.899957],[84.960745,43.899098],[84.960440,43.898516],[84.959923,43.898158],[84.958570,43.897653],[84.957575,43.897387],[84.956978,43.897082],[84.955878,43.896141],[84.955215,43.895902],[84.953716,43.895661],[84.952695,43.895395],[84.951064,43.894441],[84.949871,43.894002],[84.948890,43.893749],[84.947352,43.893614],[84.946305,43.893361],[84.944065,43.892169],[84.943535,43.891983],[84.942925,43.891942],[84.941865,43.892046],[84.941401,43.891979],[84.941163,43.891767],[84.941017,43.891265],[84.940977,43.890591],[84.940368,43.889296],[84.939997,43.888925],[84.937174,43.887627],[84.937188,43.887283],[84.937386,43.886900],[84.937930,43.886307],[84.938088,43.885937],[84.938062,43.885554],[84.936883,43.884165],[84.936697,43.883676],[84.936790,43.883254],[84.937267,43.882554],[84.938088,43.881710],[84.938287,43.881301],[84.938274,43.880839],[84.938035,43.880495],[84.937134,43.879860],[84.936631,43.879304],[84.936538,43.878802],[84.936591,43.877904],[84.936459,43.877481],[84.935849,43.876661],[84.935518,43.875921],[84.935439,43.874798],[84.935518,43.873966],[84.935863,43.872474],[84.936339,43.871021],[84.936710,43.870599],[84.937811,43.869782],[84.938500,43.868515],[84.939294,43.867565],[84.939692,43.866205],[84.939943,43.865888],[84.940380,43.865559],[84.941758,43.864717],[84.942394,43.864017],[84.942846,43.862551],[84.943204,43.862222],[84.943309,43.861866],[84.943720,43.861126],[84.944092,43.860810],[84.945377,43.860165],[84.945802,43.859743],[84.947047,43.857778],[84.947684,43.857065],[84.948306,43.856605],[84.948824,43.856473],[84.950660,43.856364],[84.952291,43.855549],[84.954664,43.854788],[84.956461,43.853385],[84.957416,43.852555],[84.958557,43.851382],[84.960042,43.850183],[84.960055,43.849853],[84.959419,43.848676],[84.959299,43.847315],[84.959604,43.846312],[84.959909,43.845837],[84.961236,43.845391],[84.961660,43.845115],[84.961704,43.844302],[84.962060,43.842654],[84.961940,43.841788],[84.961207,43.841305],[84.959521,43.840984],[84.958575,43.840929],[84.956124,43.841095],[84.955584,43.840832],[84.955054,43.840282],[84.954913,43.840027],[84.954693,43.838960],[84.953510,43.837301],[84.953096,43.836285],[84.952384,43.835227],[84.952027,43.834211],[84.951902,43.832346],[84.951618,43.831345],[84.951621,43.830776],[84.951395,43.830285],[84.950841,43.829925],[84.949968,43.829568],[84.948817,43.828753],[84.948477,43.828355],[84.947777,43.826527],[84.947539,43.826199],[84.946663,43.825570],[84.945734,43.825048],[84.944264,43.823967],[84.942366,43.822236],[84.940029,43.820591],[84.938590,43.819692],[84.938419,43.819104],[84.938662,43.818531],[84.938713,43.818098],[84.938609,43.817901],[84.937781,43.817124],[84.936914,43.816554],[84.935887,43.816069],[84.935622,43.815704],[84.933733,43.813889],[84.932527,43.813137],[84.931086,43.812472],[84.931024,43.812351],[84.931076,43.811823],[84.930131,43.811240],[84.929913,43.810819],[84.929765,43.809959],[84.929092,43.809210],[84.927929,43.808226],[84.927712,43.807789],[84.927626,43.807051],[84.926777,43.805657],[84.926391,43.805257],[84.925891,43.804959],[84.925581,43.804657],[84.925355,43.803835],[84.925398,43.802875],[84.925321,43.802565],[84.923591,43.800690],[84.923340,43.799916],[84.923075,43.799583],[84.920970,43.797597],[84.920782,43.797261],[84.920457,43.796454],[84.920389,43.795499],[84.920477,43.795245],[84.921168,43.794375],[84.921096,43.793546],[84.921140,43.793343],[84.921307,43.793190],[84.921382,43.792472],[84.921219,43.792023],[84.921053,43.791058],[84.921185,43.790444],[84.922005,43.789515],[84.922444,43.788330],[84.922899,43.787713],[84.923272,43.787496],[84.924312,43.787228],[84.924586,43.786977],[84.924686,43.786650],[84.924860,43.786429],[84.924666,43.785329],[84.924484,43.784804],[84.924437,43.784266],[84.924562,43.783844],[84.924723,43.783671],[84.924712,43.783359],[84.923881,43.782058],[84.923862,43.780703],[84.923217,43.779810],[84.923052,43.779442],[84.923035,43.779315],[84.923437,43.778568],[84.923546,43.777613],[84.923460,43.777180],[84.923465,43.775518],[84.923395,43.775312],[84.923054,43.774921],[84.922996,43.774680],[84.923015,43.774447],[84.923203,43.774132],[84.924830,43.772658],[84.925252,43.771983],[84.925337,43.770984],[84.925680,43.770101],[84.925527,43.768986],[84.925558,43.768245],[84.926153,43.766986],[84.926130,43.766377],[84.925110,43.764488],[84.924685,43.762990],[84.924645,43.761271],[84.925258,43.760202],[84.925280,43.759882],[84.925148,43.759230],[84.925340,43.758784],[84.925342,43.758409],[84.925198,43.757453],[84.924946,43.756751],[84.925063,43.756111],[84.925017,43.755593],[84.924844,43.755030],[84.924391,43.754401],[84.924315,43.754045],[84.924481,43.753457],[84.925471,43.751300],[84.925704,43.750502],[84.925736,43.749902],[84.925480,43.748992],[84.924956,43.748453],[84.923994,43.747802],[84.923692,43.747220],[84.922724,43.746736],[84.921639,43.746683],[84.920380,43.746833],[84.918309,43.746600],[84.916427,43.746309],[84.914996,43.745777],[84.914561,43.745541],[84.914178,43.744844],[84.913991,43.744696],[84.911465,43.743433],[84.910225,43.742506],[84.909854,43.741582],[84.909784,43.740856],[84.909653,43.740493],[84.908451,43.739074],[84.907174,43.737251],[84.906236,43.735523],[84.906160,43.735162],[84.905791,43.734469],[84.905736,43.734200],[84.904585,43.732955],[84.904323,43.732546],[84.903946,43.731544],[84.902900,43.729600],[84.902150,43.728601],[84.901907,43.727968],[84.901472,43.727447],[84.901149,43.726880],[84.900901,43.726308],[84.900774,43.725694],[84.900135,43.724605],[84.899971,43.723561],[84.898450,43.722593],[84.897879,43.721899],[84.897856,43.721662],[84.898131,43.720667],[84.898166,43.719256],[84.897987,43.717848],[84.898019,43.717455],[84.898749,43.715867],[84.898875,43.715128],[84.898816,43.714286],[84.898721,43.713859],[84.898512,43.713503],[84.897019,43.712457],[84.896592,43.711910],[84.896454,43.711583],[84.896472,43.711080],[84.896815,43.709888],[84.896356,43.708703],[84.896372,43.708273],[84.896659,43.707105],[84.896625,43.706693],[84.896536,43.706404],[84.895194,43.704206],[84.895086,43.703912],[84.895122,43.703365],[84.894146,43.702407],[84.894066,43.702249],[84.894031,43.701430],[84.893914,43.701121],[84.893443,43.700531],[84.893133,43.700023],[84.893021,43.699665],[84.892909,43.696852],[84.892734,43.696074],[84.892885,43.693645],[84.892226,43.692598],[84.891668,43.691946],[84.891509,43.691595],[84.891415,43.691088],[84.891579,43.689987],[84.891538,43.689777],[84.891079,43.688825],[84.890936,43.688035],[84.890375,43.687013],[84.890524,43.686082],[84.890452,43.685892],[84.889972,43.685555],[84.889930,43.685401],[84.890004,43.684934],[84.889865,43.684225],[84.890002,43.682411],[84.889778,43.680946],[84.889557,43.680552],[84.888387,43.679164],[84.886883,43.677630],[84.886139,43.677201],[84.883939,43.674985],[84.883121,43.673950],[84.882807,43.673301],[84.882937,43.672346],[84.882796,43.672017],[84.882281,43.671479],[84.882244,43.670844],[84.881787,43.670312],[84.881723,43.669922],[84.881418,43.669586],[84.881359,43.669275],[84.881036,43.669017],[84.880942,43.668394],[84.880575,43.667858],[84.880398,43.667279],[84.879572,43.666735],[84.879519,43.665901],[84.879373,43.665617],[84.878169,43.664551],[84.878143,43.663821],[84.877910,43.663421],[84.876811,43.662287],[84.875797,43.661549],[84.875187,43.660603],[84.874413,43.660086],[84.873850,43.659212],[84.872882,43.658689],[84.872671,43.658305],[84.872665,43.657753],[84.872035,43.657271],[84.871349,43.656245],[84.870865,43.655839],[84.870798,43.655611],[84.870988,43.655030],[84.870968,43.654712],[84.870558,43.654326],[84.870286,43.653645],[84.870095,43.653462],[84.868824,43.653168],[84.867539,43.652413],[84.866693,43.652387],[84.865823,43.652116],[84.865072,43.652092],[84.864638,43.652177],[84.863977,43.652084],[84.863518,43.651290],[84.862494,43.650629],[84.862202,43.649960],[84.861701,43.649546],[84.861268,43.648416],[84.861034,43.648052],[84.860068,43.647424],[84.858949,43.646901],[84.857128,43.646258],[84.856641,43.645994],[84.855924,43.645439],[84.854653,43.643912],[84.854078,43.643486],[84.852817,43.643021],[84.852475,43.642737],[84.852128,43.642162],[84.851849,43.641913],[84.850161,43.641315],[84.849420,43.640908],[84.849006,43.640037],[84.847656,43.638837],[84.847500,43.637925],[84.847277,43.637590],[84.847154,43.636534],[84.845833,43.635734],[84.845769,43.635616],[84.845549,43.634877],[84.845504,43.634055],[84.844740,43.631983],[84.844701,43.631542],[84.844869,43.630772],[84.844848,43.630369],[84.844328,43.628556],[84.843856,43.627832],[84.843985,43.627726],[84.844024,43.627328],[84.843874,43.626817],[84.844149,43.626201],[84.843612,43.625084],[84.843197,43.624498],[84.843700,43.623574],[84.843566,43.623122],[84.843816,43.621911],[84.843344,43.621337],[84.843175,43.620626],[84.843044,43.618850],[84.843491,43.618184],[84.843611,43.617062],[84.844003,43.616686],[84.844045,43.616511],[84.843608,43.615611],[84.843545,43.615374],[84.843595,43.614355],[84.843237,43.613598],[84.843212,43.613233],[84.843519,43.612306],[84.843429,43.610672],[84.843517,43.610116],[84.843422,43.609823],[84.843073,43.609417],[84.843091,43.608926],[84.843442,43.607750],[84.843191,43.606780],[84.843232,43.605725],[84.843034,43.604367],[84.843049,43.603440],[84.843198,43.602597],[84.843847,43.601517],[84.844414,43.600777],[84.846690,43.598408],[84.847451,43.596801],[84.848465,43.595707],[84.849838,43.593887],[84.850919,43.591054],[84.851686,43.590172],[84.852295,43.589111],[84.852653,43.588227],[84.852773,43.587158],[84.852715,43.586500],[84.852977,43.586033],[84.853655,43.585329],[84.853971,43.584456],[84.853985,43.584047],[84.853879,43.583707],[84.853607,43.583286],[84.853124,43.582861],[84.850507,43.581700],[84.847262,43.581330],[84.845020,43.580618],[84.843767,43.579936],[84.842913,43.579627],[84.841647,43.579336],[84.839055,43.579078],[84.838579,43.578907],[84.834877,43.578578],[84.828682,43.579496],[84.825613,43.580073],[84.824013,43.580505],[84.823008,43.580678],[84.822297,43.580754],[84.821520,43.580724],[84.820985,43.581070],[84.821155,43.581323],[84.821743,43.582575],[84.821694,43.584577],[84.821240,43.587158],[84.821256,43.587483],[84.821305,43.588043],[84.822150,43.589296],[84.822336,43.589810],[84.822487,43.590673],[84.822475,43.591490],[84.822419,43.591715],[84.821721,43.592815],[84.821249,43.593362],[84.821096,43.595180],[84.820374,43.597192],[84.819443,43.598892],[84.818614,43.600065],[84.818200,43.600390],[84.817710,43.600610],[84.817113,43.601190],[84.816729,43.601716],[84.816340,43.604278],[84.815952,43.605036],[84.815604,43.606344],[84.815142,43.607052],[84.813591,43.608918],[84.812761,43.610449],[84.812734,43.612308],[84.811555,43.614146],[84.811335,43.615025],[84.811127,43.615325],[84.811120,43.615671],[84.812172,43.616159],[84.812340,43.616402],[84.812407,43.616880],[84.812345,43.617499],[84.812710,43.618492],[84.812645,43.619152],[84.812399,43.619643],[84.812085,43.620056],[84.809637,43.621441],[84.808778,43.621731],[84.805943,43.622120],[84.805074,43.622728],[84.804035,43.623611],[84.802799,43.624251],[84.800018,43.624641],[84.798337,43.624757],[84.797824,43.624887],[84.797233,43.625744],[84.796753,43.626640],[84.796307,43.627091],[84.793403,43.629285],[84.793192,43.629585],[84.792515,43.631727],[84.792179,43.632525],[84.791776,43.633202],[84.791103,43.634015],[84.790997,43.634515],[84.791151,43.635366],[84.791016,43.635556],[84.790464,43.635792],[84.789495,43.636636],[84.788490,43.637256],[84.788308,43.637539],[84.788219,43.638082],[84.787868,43.639044],[84.787196,43.640106],[84.787149,43.641052],[84.786765,43.641879],[84.785598,43.642324],[84.784239,43.642405],[84.783695,43.642629],[84.783531,43.642877],[84.783458,43.643308],[84.783092,43.643765],[84.781944,43.644592],[84.780962,43.644917],[84.780363,43.644991],[84.779209,43.644912],[84.778676,43.644779],[84.777973,43.644498],[84.777577,43.644234],[84.776016,43.642963],[84.774967,43.641943],[84.773210,43.640675],[84.772081,43.640028],[84.771820,43.639801],[84.771619,43.639239],[84.770699,43.637979],[84.770113,43.637475],[84.759010,43.637131],[84.747368,43.634703],[84.734459,43.632714],[84.721213,43.631166],[84.708541,43.631683],[84.698954,43.635672],[84.690305,43.639670],[84.667562,43.649639],[84.658269,43.654082],[84.643625,43.656842],[84.635416,43.656041],[84.619568,43.656965],[84.605245,43.661118],[84.597754,43.669486],[84.597797,43.680015],[84.603204,43.690613],[84.606126,43.693651],[84.606493,43.693732],[84.607189,43.694007],[84.610806,43.695861],[84.612654,43.696986],[84.613171,43.697638],[84.613621,43.698649],[84.614347,43.699710],[84.614335,43.701227],[84.614473,43.701574],[84.615390,43.702520],[84.616402,43.703009],[84.617163,43.703783],[84.617577,43.704356],[84.618034,43.705500],[84.618364,43.705987],[84.618491,43.706416],[84.618332,43.707116],[84.618127,43.707509],[84.618055,43.708500],[84.618501,43.709902],[84.618459,43.710541],[84.618848,43.711466],[84.619127,43.711863],[84.619877,43.712576],[84.620448,43.712939],[84.622058,43.713862],[84.623672,43.714570],[84.624873,43.714714],[84.626462,43.714455],[84.629140,43.714541],[84.630901,43.715187],[84.631431,43.715617],[84.631941,43.716253],[84.631813,43.717502],[84.632220,43.718388],[84.633080,43.718845],[84.634443,43.719404],[84.634830,43.719699],[84.634797,43.720164],[84.634299,43.722161],[84.634260,43.722785],[84.634393,43.723421],[84.634404,43.724125],[84.634534,43.724679],[84.635098,43.725298],[84.635781,43.725763],[84.634079,43.726051],[84.633587,43.726271],[84.633096,43.726653],[84.632667,43.727440],[84.630203,43.729440],[84.629004,43.729801],[84.628404,43.729816],[84.626738,43.729473],[84.624524,43.728710],[84.622354,43.727627],[84.621955,43.727603],[84.620156,43.729312],[84.618988,43.730263],[84.618214,43.730480],[84.617785,43.730739],[84.616958,43.730945],[84.616380,43.731266],[84.612693,43.732251],[84.611461,43.732370],[84.609098,43.732215],[84.607941,43.732026],[84.606281,43.730820],[84.605506,43.730812],[84.604736,43.730929],[84.601652,43.731831],[84.598669,43.732234],[84.596338,43.732300],[84.595668,43.732444],[84.593723,43.733307],[84.593055,43.733991],[84.592266,43.734280],[84.590640,43.734683],[84.589913,43.734969],[84.588018,43.735250],[84.584679,43.736335],[84.582771,43.736212],[84.581498,43.736243],[84.578432,43.736588],[84.577065,43.736879],[84.576252,43.737219],[84.575546,43.737787],[84.574848,43.738505],[84.574350,43.738774],[84.573547,43.739586],[84.573446,43.739857],[84.572952,43.740489],[84.572192,43.741237],[84.571061,43.741616],[84.569154,43.742512],[84.568494,43.743090],[84.567914,43.743860],[84.567683,43.744730],[84.567682,43.745233],[84.567389,43.745624],[84.565880,43.746348],[84.563770,43.746874],[84.563101,43.746942],[84.560444,43.746939],[84.556768,43.747233],[84.555668,43.747422],[84.554664,43.748027],[84.553961,43.748754],[84.553782,43.749284],[84.553392,43.749985],[84.553221,43.750980],[84.552979,43.751077],[84.552543,43.751064],[84.551375,43.750644],[84.549235,43.750116],[84.547344,43.750025],[84.546402,43.750100],[84.545154,43.749852],[84.544020,43.749558],[84.543416,43.749317],[84.542786,43.748908],[84.539147,43.747571],[84.536274,43.747339],[84.534909,43.747599],[84.533730,43.747970],[84.533248,43.748323],[84.532581,43.748465],[84.532096,43.748758],[84.530704,43.749256],[84.530047,43.749294],[84.529588,43.749155],[84.528858,43.749101],[84.527772,43.749184],[84.527342,43.749065],[84.526763,43.749039],[84.526073,43.749157],[84.525333,43.749491],[84.523539,43.749766],[84.522851,43.749659],[84.521749,43.749176],[84.520576,43.748948],[84.518953,43.749607],[84.517080,43.750149],[84.515398,43.750508],[84.514740,43.750803],[84.513622,43.751233],[84.512190,43.752185],[84.511306,43.752218],[84.508485,43.751641],[84.507217,43.751245],[84.504558,43.750187],[84.503709,43.749701],[84.503288,43.749180],[84.502756,43.748711],[84.501443,43.747852],[84.501232,43.747567],[84.501256,43.747129],[84.502019,43.746588],[84.502739,43.745925],[84.503055,43.745391],[84.503186,43.744913],[84.502819,43.744239],[84.500416,43.741976],[84.499904,43.741015],[84.499938,43.740511],[84.500203,43.739948],[84.500231,43.739721],[84.500114,43.739546],[84.499786,43.739405],[84.498788,43.739335],[84.495924,43.737890],[84.493932,43.736574],[84.492161,43.734686],[84.490150,43.734890],[84.487836,43.734790],[84.486960,43.734847],[84.486812,43.735221],[84.486753,43.736408],[84.486499,43.736894],[84.486222,43.736990],[84.485817,43.736969],[84.484589,43.736328],[84.483933,43.736290],[84.483081,43.736450],[84.481933,43.737113],[84.481714,43.737134],[84.481605,43.737145],[84.480899,43.737018],[84.479344,43.736475],[84.478153,43.735944],[84.475261,43.735064],[84.473690,43.735009],[84.471682,43.735588],[84.471238,43.735634],[84.470062,43.735493],[84.467837,43.734827],[84.466817,43.734725],[84.459368,43.735749],[84.458235,43.735804],[84.456032,43.735580],[84.453609,43.735119],[84.451073,43.734344],[84.450073,43.733732],[84.449508,43.733551],[84.449001,43.733519],[84.446164,43.734901],[84.443812,43.736383],[84.443361,43.736767],[84.442755,43.737530],[84.442287,43.737862],[84.440854,43.738431],[84.440438,43.738402],[84.439862,43.738259],[84.438828,43.737764],[84.436016,43.736772],[84.435142,43.736353],[84.434055,43.735661],[84.432671,43.734324],[84.431812,43.733691],[84.430630,43.733054],[84.428927,43.732495],[84.427494,43.732394],[84.424412,43.732622],[84.422920,43.732628],[84.417988,43.732465],[84.416528,43.732232],[84.414065,43.731622],[84.412040,43.731528],[84.408210,43.731741],[84.406102,43.731624],[84.405244,43.731419],[84.404115,43.731053],[84.403861,43.730927],[84.403662,43.730689],[84.403455,43.729958],[84.403611,43.728802],[84.403476,43.727881],[84.401863,43.725941],[84.401053,43.725599],[84.398285,43.725335],[84.396692,43.724849],[84.395121,43.724668],[84.394133,43.724675],[84.393467,43.724831],[84.391663,43.726149],[84.390585,43.726703],[84.389339,43.726955],[84.387631,43.727046],[84.386148,43.727785],[84.385163,43.728432],[84.384022,43.729343],[84.383049,43.730433],[84.382707,43.731285],[84.382619,43.731915],[84.382667,43.733302],[84.382409,43.733983],[84.382107,43.734205],[84.380673,43.734825],[84.375968,43.736287],[84.375082,43.736702],[84.373177,43.737903],[84.370610,43.738507],[84.368414,43.739331],[84.367270,43.739882],[84.366637,43.740276],[84.366268,43.740639],[84.365591,43.741635],[84.365003,43.742804],[84.364358,43.743403],[84.363916,43.743442],[84.361871,43.742517],[84.359044,43.740799],[84.357561,43.739584],[84.357158,43.739348],[84.356026,43.738867],[84.354260,43.738554],[84.353277,43.738155],[84.352976,43.737894],[84.352805,43.737418],[84.352174,43.736352],[84.351704,43.736007],[84.349050,43.734845],[84.345029,43.733432],[84.343324,43.732917],[84.342589,43.732549],[84.342224,43.732219],[84.341970,43.731804],[84.341447,43.730357],[84.340742,43.729199],[84.340438,43.728081],[84.340181,43.726631],[84.340036,43.726391],[84.339683,43.726251],[84.338973,43.726162],[84.337415,43.726142],[84.335088,43.726255],[84.334386,43.726170],[84.333547,43.725924],[84.332944,43.725616],[84.332271,43.724928],[84.331771,43.724595],[84.331441,43.724500],[84.326075,43.723905],[84.323735,43.723413],[84.322631,43.722711],[84.321583,43.721806],[84.321003,43.721572],[84.320541,43.721560],[84.319796,43.721681],[84.318655,43.722023],[84.317673,43.722843],[84.317046,43.723165],[84.316022,43.723496],[84.315163,43.724207],[84.314079,43.726364],[84.313207,43.728680],[84.312577,43.731642],[84.312259,43.731743],[84.311392,43.731776],[84.308781,43.731490],[84.307562,43.731528],[84.306296,43.731951],[84.305161,43.732555],[84.304120,43.732723],[84.298796,43.731677],[84.294990,43.730298],[84.293968,43.730094],[84.292053,43.730091],[84.290395,43.730264],[84.288515,43.730635],[84.287853,43.730876],[84.287789,43.731305],[84.287923,43.731606],[84.288587,43.732575],[84.289657,43.734450],[84.290310,43.735859],[84.290386,43.736437],[84.290265,43.737372],[84.289965,43.737797],[84.289494,43.738139],[84.287109,43.739229],[84.286401,43.739478],[84.283525,43.739864],[84.282051,43.740213],[84.281517,43.740462],[84.281219,43.740965],[84.281326,43.741697],[84.282504,43.745340],[84.282511,43.745700],[84.280750,43.747364],[84.279371,43.749199],[84.279467,43.749668],[84.279950,43.750395],[84.280876,43.751624],[84.282088,43.752826],[84.282338,43.753227],[84.282437,43.753942],[84.282461,43.754326],[84.282243,43.755124],[84.280794,43.757270],[84.280001,43.758873],[84.280099,43.759185],[84.280727,43.759575],[84.281018,43.759891],[84.281273,43.760583],[84.281439,43.762167],[84.281416,43.763063],[84.281558,43.764246],[84.281567,43.765259],[84.281521,43.765817],[84.281159,43.766519],[84.279771,43.768231],[84.278671,43.769065],[84.277794,43.769539],[84.276834,43.769891],[84.275181,43.770378],[84.274098,43.770552],[84.272050,43.770242],[84.270480,43.769862],[84.268317,43.770410],[84.266558,43.771101],[84.266198,43.771422],[84.265671,43.772270],[84.265356,43.773999],[84.264699,43.775380],[84.264177,43.776167],[84.263695,43.776560],[84.262234,43.777295],[84.260345,43.778044],[84.258665,43.778483],[84.257628,43.778898],[84.257016,43.779244],[84.256676,43.779545],[84.255832,43.780671],[84.255012,43.782404],[84.254402,43.784506],[84.254137,43.784984],[84.253844,43.785273],[84.251548,43.786049],[84.249866,43.786325],[84.246514,43.786424],[84.243416,43.786234],[84.242886,43.786071],[84.242620,43.785695],[84.241487,43.783280],[84.240678,43.780916],[84.240075,43.779827],[84.238550,43.778895],[84.237546,43.778471],[84.234602,43.777549],[84.233153,43.777004],[84.230826,43.775458],[84.229523,43.774271],[84.226729,43.773919],[84.225335,43.773569],[84.224464,43.773556],[84.222917,43.775421],[84.221876,43.776246],[84.220641,43.776990],[84.218926,43.777569],[84.217313,43.777894],[84.215588,43.778615],[84.212777,43.779510],[84.210408,43.780062],[84.209671,43.780015],[84.208660,43.779637],[84.208475,43.779426],[84.208539,43.778574],[84.208348,43.778285],[84.206251,43.777655],[84.204662,43.777339],[84.203955,43.777338],[84.201560,43.777732],[84.198958,43.777696],[84.198308,43.777766],[84.197842,43.777884],[84.193137,43.779925],[84.192349,43.780139],[84.191292,43.780245],[84.189972,43.780054],[84.188654,43.780045],[84.184144,43.782157],[84.184413,43.784714],[84.184259,43.784844],[84.179980,43.786281],[84.177516,43.787715],[84.177209,43.787991],[84.175791,43.789862],[84.175141,43.791044],[84.174138,43.792555],[84.173906,43.792774],[84.173600,43.793539],[84.173492,43.794602],[84.173321,43.795099],[84.173261,43.795227],[84.173006,43.795333],[84.169645,43.795777],[84.163736,43.795714],[84.162041,43.796261],[84.159526,43.797808],[84.158552,43.798147],[84.155631,43.798500],[84.154768,43.798667],[84.154310,43.798883],[84.153741,43.799005],[84.152155,43.799679],[84.149268,43.801259],[84.146881,43.801670],[84.144252,43.801787],[84.143319,43.802032],[84.142541,43.802452],[84.141822,43.803220],[84.141161,43.804212],[84.140144,43.805161],[84.139229,43.805831],[84.137104,43.807020],[84.135018,43.807854],[84.134326,43.808052],[84.132856,43.808125],[84.131508,43.808038],[84.130681,43.807719],[84.129288,43.805179],[84.128515,43.804184],[84.127949,43.803521],[84.127266,43.802925],[84.126503,43.802483],[84.125503,43.802255],[84.123505,43.802067],[84.122620,43.801828],[84.121606,43.801851],[84.121115,43.802310],[84.120825,43.802909],[84.120056,43.803938],[84.119056,43.804807],[84.118325,43.805303],[84.117764,43.805491],[84.117143,43.805512],[84.115670,43.805097],[84.114734,43.804983],[84.113841,43.805454],[84.112292,43.806944],[84.112126,43.807233],[84.112100,43.807470],[84.112087,43.807749],[84.112189,43.808009],[84.113385,43.809124],[84.114049,43.811070],[84.114310,43.812224],[84.114447,43.814080],[84.113907,43.814240],[84.112155,43.814370],[84.111230,43.814717],[84.107957,43.815563],[84.106995,43.815959],[84.106105,43.816208],[84.104957,43.816235],[84.104110,43.816088],[84.103686,43.816015],[84.103469,43.815866],[84.102582,43.815895],[84.102124,43.816224],[84.100273,43.816903],[84.098430,43.817282],[84.097549,43.817323],[84.095877,43.817623],[84.094903,43.817658],[84.093868,43.817905],[84.092986,43.818003],[84.089265,43.819560],[84.089216,43.819722],[84.089696,43.820378],[84.089798,43.821135],[84.089709,43.821697],[84.088675,43.822815],[84.087540,43.823641],[84.085004,43.825038],[84.084446,43.825564],[84.084122,43.826625],[84.084219,43.826979],[84.084435,43.827233],[84.085758,43.828218],[84.088294,43.829784],[84.089131,43.830467],[84.089685,43.831446],[84.089998,43.832349],[84.090627,43.833014],[84.092002,43.833515],[84.096066,43.834216],[84.098854,43.835305],[84.101253,43.836358],[84.104505,43.837621],[84.104869,43.837910],[84.104854,43.838301],[84.104647,43.838743],[84.103807,43.839755],[84.101020,43.841313],[84.100912,43.841605],[84.102861,43.843572],[84.104010,43.844265],[84.105731,43.844823],[84.106346,43.845164],[84.108083,43.846684],[84.109400,43.848008],[84.110978,43.848981],[84.111531,43.849250],[84.112152,43.849421],[84.113588,43.849461],[84.114124,43.849561],[84.114255,43.849790],[84.114189,43.851623],[84.114347,43.853576],[84.114811,43.854333],[84.114801,43.854552],[84.114434,43.854740],[84.113717,43.854851],[84.112658,43.854693],[84.111602,43.854812],[84.109565,43.855292],[84.107190,43.856150],[84.106388,43.856330],[84.105624,43.856385],[84.103061,43.856456],[84.099088,43.855777],[84.098243,43.855754],[84.096691,43.855496],[84.095321,43.855497],[84.093417,43.855840],[84.090628,43.855650],[84.089527,43.855704],[84.088984,43.855897],[84.088821,43.856052],[84.088087,43.857801],[84.087841,43.859052],[84.087540,43.859672],[84.086041,43.862192],[84.085578,43.862783],[84.085007,43.863217],[84.084825,43.863531],[84.084848,43.864953],[84.083870,43.867436],[84.082872,43.868857],[84.082451,43.869230],[84.082150,43.869729],[84.081069,43.870586],[84.080505,43.870826],[84.080001,43.871220],[84.080913,43.871753],[84.081752,43.872609],[84.083273,43.874709],[84.082816,43.875362],[84.082065,43.876011],[84.080877,43.876449],[84.079036,43.877310],[84.078363,43.877444],[84.077033,43.877884],[84.075251,43.878825],[84.074731,43.879371],[84.074540,43.879703],[84.074099,43.881095],[84.073704,43.881677],[84.073204,43.882128],[84.072126,43.882549],[84.070869,43.882718],[84.069091,43.883284],[84.067867,43.883530],[84.067502,43.883701],[84.066072,43.884828],[84.064416,43.885749],[84.061594,43.886272],[84.059356,43.886153],[84.058529,43.885387],[84.057053,43.884582],[84.055678,43.884069],[84.055020,43.884056],[84.043981,43.881546],[84.036731,43.879797],[84.030037,43.879888],[84.026790,43.881879],[84.017681,43.887643],[84.002954,43.892171],[84.000472,43.893308],[83.997912,43.895968],[83.996283,43.898575],[83.996170,43.898722],[83.993801,43.901920],[83.993444,43.902240],[83.990326,43.905085],[83.987322,43.907379],[83.983873,43.910019],[83.980834,43.911329],[83.980138,43.911423],[83.975184,43.912099],[83.972555,43.912005],[83.967515,43.911831],[83.965174,43.910819],[83.962702,43.908666],[83.962624,43.908579],[83.959779,43.905580],[83.956934,43.902576],[83.953584,43.901823],[83.948775,43.900742],[83.944637,43.901177],[83.939663,43.901702],[83.939038,43.901905],[83.934440,43.903373],[83.931191,43.904727],[83.926848,43.906548],[83.926631,43.906730],[83.923357,43.909490],[83.921603,43.910512],[83.917687,43.912786],[83.914589,43.914841],[83.910883,43.917294],[83.908038,43.920204],[83.907483,43.920898],[83.904967,43.924043],[83.904594,43.924997],[83.903232,43.928488],[83.903024,43.929330],[83.902703,43.930616],[83.905698,43.931076],[83.909346,43.932450],[83.910746,43.933098],[83.912485,43.934072],[83.912776,43.934675],[83.912728,43.934938],[83.912466,43.935338],[83.911807,43.935863],[83.911080,43.936230],[83.908855,43.936817],[83.908289,43.937118],[83.906648,43.939452],[83.906173,43.940011],[83.905747,43.940357],[83.904520,43.940766],[83.903343,43.940970],[83.902816,43.941318],[83.902493,43.941905],[83.902279,43.943097],[83.901876,43.944577],[83.902000,43.946018],[83.902185,43.946761],[83.900460,43.947227],[83.899357,43.947658],[83.897595,43.947928],[83.895916,43.947922],[83.895069,43.947732],[83.894256,43.947913],[83.893599,43.948258],[83.893261,43.948339],[83.892578,43.948312],[83.891785,43.948406],[83.890889,43.948726],[83.888290,43.950159],[83.887897,43.950470],[83.886954,43.951541],[83.886168,43.952760],[83.885996,43.952882],[83.885743,43.952782],[83.885490,43.952307],[83.885076,43.952069],[83.884501,43.951794],[83.883360,43.951490],[83.881807,43.951334],[83.880592,43.951532],[83.879097,43.951271],[83.877346,43.951108],[83.876177,43.950882],[83.873478,43.949924],[83.872529,43.949833],[83.870464,43.949917],[83.869070,43.950172],[83.865702,43.951148],[83.864428,43.951792],[83.862220,43.952244],[83.858753,43.953133],[83.857967,43.953078],[83.857131,43.952760],[83.854719,43.951380],[83.853844,43.950998],[83.853224,43.950548],[83.852892,43.950069],[83.853191,43.949033],[83.853046,43.947665],[83.852798,43.947089],[83.852470,43.946549],[83.851884,43.946056],[83.850981,43.945644],[83.850453,43.945527],[83.849773,43.945574],[83.849224,43.945851],[83.848399,43.947065],[83.848148,43.947597],[83.847562,43.948193],[83.844354,43.949382],[83.843478,43.949596],[83.842942,43.949821],[83.842099,43.949989],[83.841356,43.949675],[83.839010,43.947835],[83.836323,43.945570],[83.834375,43.943606],[83.833174,43.942835],[83.831289,43.941401],[83.829098,43.940063],[83.828130,43.939298],[83.827843,43.939263],[83.822895,43.938673],[83.820274,43.938591],[83.815265,43.938436],[83.813022,43.938566],[83.808022,43.938860],[83.804638,43.939742],[83.803487,43.940243],[83.799194,43.942115],[83.794977,43.944194],[83.794095,43.944785],[83.790398,43.947245],[83.786708,43.949704],[83.785834,43.950213],[83.781937,43.952494],[83.778800,43.952905],[83.775578,43.952404],[83.771886,43.950551],[83.769529,43.949316],[83.767128,43.947622],[83.763504,43.946453],[83.760209,43.945265],[83.759038,43.945110],[83.754086,43.944468],[83.749349,43.944732],[83.748620,43.944858],[83.743743,43.945733],[83.743118,43.945928],[83.738517,43.947392],[83.735036,43.949289],[83.731007,43.951468],[83.729921,43.952387],[83.726646,43.955142],[83.725587,43.956650],[83.723337,43.959897],[83.720469,43.962799],[83.718453,43.964229],[83.714856,43.966765],[83.711831,43.968305],[83.708206,43.970100],[83.704772,43.970745],[83.702686,43.971999],[83.698399,43.973601],[83.696294,43.974547],[83.692016,43.976466],[83.691741,43.976511],[83.691465,43.976748],[83.690349,43.978030],[83.689859,43.978419],[83.689009,43.979339],[83.688568,43.980330],[83.688257,43.981506],[83.688035,43.981711],[83.687654,43.981846],[83.687187,43.981822],[83.686816,43.981652],[83.686500,43.981166],[83.686159,43.980227],[83.685688,43.979337],[83.685356,43.978930],[83.682744,43.976452],[83.681468,43.974979],[83.679590,43.973091],[83.677811,43.972351],[83.677311,43.972253],[83.676982,43.972275],[83.676273,43.972555],[83.674918,43.972863],[83.672087,43.973306],[83.670796,43.972730],[83.669506,43.972154],[83.667913,43.971111],[83.666437,43.970385],[83.666049,43.970103],[83.665334,43.969205],[83.665001,43.968968],[83.662755,43.968521],[83.662227,43.968244],[83.660486,43.967615],[83.659850,43.967239],[83.659404,43.967174],[83.658376,43.967544],[83.654991,43.967896],[83.651536,43.967593],[83.649444,43.967261],[83.648740,43.967227],[83.648225,43.967075],[83.646990,43.966326],[83.646458,43.966271],[83.642420,43.969026],[83.640372,43.970871],[83.640088,43.971035],[83.639822,43.971062],[83.636568,43.969434],[83.634752,43.968858],[83.633251,43.968946],[83.631736,43.968688],[83.630821,43.968809],[83.630109,43.968684],[83.628697,43.968013],[83.626008,43.966191],[83.624418,43.965458],[83.623714,43.965270],[83.621140,43.965603],[83.619638,43.966279],[83.615373,43.968206],[83.614514,43.968709],[83.610588,43.970979],[83.608175,43.972254],[83.605909,43.974157],[83.602629,43.976911],[83.601275,43.978559],[83.598716,43.981686],[83.596157,43.984810],[83.594231,43.987178],[83.591673,43.990306],[83.589123,43.993439],[83.587649,43.995808],[83.585595,43.999122],[83.584875,44.001044],[83.580334,44.005515],[83.577422,44.007283],[83.574832,44.008834],[83.571912,44.010373],[83.568725,44.010998],[83.563028,44.011119],[83.557644,44.011016],[83.550738,44.009743],[83.545169,44.009320],[83.543902,44.009415],[83.542122,44.009299],[83.541801,44.009147],[83.540907,44.008289],[83.540637,44.008149],[83.539977,44.007987],[83.539112,44.007983],[83.537895,44.007774],[83.534893,44.006859],[83.533078,44.005911],[83.531963,44.005044],[83.530897,44.004390],[83.529994,44.004054],[83.526431,44.002207],[83.525702,44.001933],[83.524976,44.001819],[83.521853,44.002020],[83.521111,44.001924],[83.520067,44.001935],[83.519437,44.002194],[83.518501,44.003136],[83.518128,44.003358],[83.517749,44.003416],[83.516864,44.003251],[83.516338,44.003270],[83.515250,44.003851],[83.514843,44.003861],[83.514322,44.003745],[83.512336,44.002362],[83.510761,44.002242],[83.509524,44.002285],[83.508981,44.002372],[83.508437,44.002460],[83.507540,44.002328],[83.506526,44.002010],[83.505847,44.001582],[83.505276,44.001087],[83.502868,44.001007],[83.500506,44.001641],[83.500178,44.001805],[83.500063,44.002087],[83.499993,44.004681],[83.499654,44.005935],[83.499702,44.006533],[83.499867,44.007051],[83.500220,44.007700],[83.501072,44.008848],[83.501678,44.009250],[83.502061,44.009803],[83.502418,44.010532],[83.502506,44.011108],[83.502362,44.011615],[83.502330,44.012179],[83.501980,44.012873],[83.502526,44.014110],[83.502498,44.015070],[83.502665,44.016025],[83.502631,44.017243],[83.502755,44.018168],[83.502735,44.022349],[83.502355,44.023011],[83.501804,44.023538],[83.500983,44.023794],[83.499369,44.024068],[83.497781,44.024582],[83.496256,44.025155],[83.495536,44.025605],[83.493299,44.026408],[83.492321,44.026634],[83.491180,44.027275],[83.491048,44.028219],[83.490678,44.029397],[83.490157,44.030356],[83.489281,44.030913],[83.487160,44.031984],[83.485645,44.032514],[83.485102,44.032933],[83.484047,44.034246],[83.482681,44.035020],[83.480761,44.035761],[83.479230,44.036090],[83.476947,44.036779],[83.474223,44.036733],[83.468898,44.036907],[83.468934,44.037776],[83.469098,44.038668],[83.469119,44.038685],[83.470117,44.039580],[83.471876,44.042146],[83.471845,44.042836],[83.471011,44.043667],[83.470921,44.044071],[83.471753,44.045554],[83.471823,44.046397],[83.471626,44.046715],[83.470353,44.048114],[83.469810,44.049377],[83.469120,44.050492],[83.468471,44.051343],[83.467872,44.051765],[83.467156,44.051810],[83.464799,44.052211],[83.464199,44.052373],[83.463890,44.052658],[83.463656,44.055041],[83.463696,44.055446],[83.463470,44.055899],[83.463425,44.056238],[83.463504,44.057283],[83.463934,44.058101],[83.463842,44.058973],[83.463604,44.059713],[83.463639,44.061386],[83.463477,44.062850],[83.463510,44.063652],[83.464403,44.064906],[83.464798,44.066282],[83.464429,44.066957],[83.464361,44.067814],[83.464412,44.069644],[83.464195,44.070342],[83.463246,44.071412],[83.462850,44.072125],[83.461628,44.072427],[83.460640,44.072521],[83.459619,44.072926],[83.458262,44.073196],[83.456504,44.073717],[83.455360,44.074286],[83.453982,44.074631],[83.452614,44.075177],[83.449830,44.075994],[83.448502,44.076490],[83.448416,44.078630],[83.447541,44.084547],[83.448580,44.090279],[83.448277,44.097805],[83.447740,44.103280],[83.447204,44.108746],[83.445965,44.115800],[83.445411,44.121730],[83.443627,44.126491],[83.442207,44.130341],[83.439765,44.136005],[83.434783,44.141382],[83.430130,44.146536],[83.424826,44.151911],[83.420525,44.155926],[83.413803,44.164921],[83.412042,44.168991],[83.411842,44.174012],[83.411998,44.177899],[83.413109,44.181802],[83.415729,44.187796],[83.419927,44.194053],[83.423248,44.198466],[83.427504,44.203121],[83.432365,44.208702],[83.435277,44.215383],[83.437876,44.221834],[83.438637,44.226422],[83.437840,44.230514],[83.437381,44.233928],[83.434392,44.237068],[83.431160,44.241388],[83.428903,44.241927],[83.426210,44.242966],[83.422425,44.246023],[83.421645,44.246759],[83.421444,44.247295],[83.421531,44.247698],[83.422816,44.248675],[83.424871,44.249526],[83.426619,44.249775],[83.429605,44.250713],[83.430378,44.251236],[83.430836,44.251826],[83.432608,44.252656],[83.435346,44.252729],[83.440177,44.251792],[83.440663,44.251628],[83.442123,44.251477],[83.445331,44.252459],[83.446568,44.253165],[83.448428,44.253882],[83.448843,44.254278],[83.449052,44.254788],[83.448453,44.255334],[83.447606,44.257297],[83.447055,44.258991],[83.446560,44.259779],[83.444510,44.261280],[83.443824,44.261988],[83.442261,44.263080],[83.441393,44.263945],[83.440519,44.266085],[83.440311,44.267011],[83.440297,44.268371],[83.440046,44.269678],[83.439443,44.270156],[83.437415,44.274494],[83.437363,44.274706],[83.437713,44.274994],[83.438711,44.275740],[83.441004,44.276963],[83.441425,44.277511],[83.441606,44.278199],[83.441460,44.279191],[83.440096,44.281410],[83.439827,44.282259],[83.439900,44.282639],[83.441058,44.283685],[83.442518,44.285197],[83.443964,44.285802],[83.444947,44.285878],[83.445650,44.286028],[83.447327,44.286564],[83.448116,44.287718],[83.448384,44.287993],[83.449300,44.288596],[83.452567,44.289567],[83.453550,44.290034],[83.454152,44.290155],[83.455949,44.290206],[83.456108,44.290354],[83.456457,44.291131],[83.456699,44.291886],[83.456728,44.293136],[83.456866,44.293648],[83.457485,44.294148],[83.458467,44.294615],[83.459783,44.294964],[83.460444,44.295328],[83.461550,44.295699],[83.463989,44.296249],[83.464673,44.296900],[83.465435,44.298022],[83.466743,44.299021],[83.468089,44.299233],[83.469669,44.299170],[83.470069,44.299211],[83.470546,44.299393],[83.471842,44.301791],[83.472229,44.302208],[83.473242,44.302314],[83.473752,44.302602],[83.474788,44.303539],[83.474953,44.303848],[83.474965,44.304118],[83.474325,44.305097],[83.474265,44.305901],[83.474657,44.307141],[83.475719,44.308163],[83.477136,44.309227],[83.477734,44.309508],[83.479624,44.309571],[83.479946,44.309673],[83.480104,44.309830],[83.480184,44.310917],[83.480273,44.311050],[83.480496,44.311070],[83.481858,44.310276],[83.482760,44.310254],[83.483606,44.310588],[83.484645,44.311609],[83.484954,44.312278],[83.486481,44.314006],[83.486861,44.314976],[83.486882,44.315465],[83.486785,44.315941],[83.486606,44.316149],[83.486386,44.316778],[83.486316,44.317339],[83.486159,44.317502],[83.483934,44.318403],[83.483400,44.318821],[83.482311,44.320251],[83.480942,44.320866],[83.478992,44.321902],[83.478093,44.322566],[83.476805,44.323722],[83.476309,44.324494],[83.476307,44.325001],[83.476616,44.325939],[83.477372,44.326901],[83.477938,44.327825],[83.478860,44.328961],[83.480651,44.330419],[83.481886,44.331678],[83.483665,44.333166],[83.485595,44.334940],[83.487686,44.336400],[83.489071,44.337179],[83.489865,44.337774],[83.490845,44.338789],[83.491406,44.339553],[83.491801,44.340596],[83.491890,44.341313],[83.491867,44.342159],[83.491720,44.342837],[83.491271,44.343312],[83.489344,44.344748],[83.487797,44.346527],[83.487455,44.347333],[83.486973,44.349791],[83.486537,44.351086],[83.486084,44.351981],[83.485753,44.354100],[83.485570,44.354526],[83.485543,44.354899],[83.486443,44.355794],[83.486494,44.355894],[83.486000,44.356247],[83.486532,44.356432],[83.486934,44.356908],[83.487208,44.357853],[83.487535,44.362613],[83.487938,44.363079],[83.489974,44.367347],[83.492244,44.369710],[83.494135,44.372550],[83.496536,44.374335],[83.497341,44.375286],[83.497349,44.375763],[83.498686,44.377178],[83.502666,44.378382],[83.505750,44.381688],[83.505758,44.382164],[83.506418,44.382534],[83.508310,44.389611],[83.508720,44.390636],[83.509548,44.391928],[83.512047,44.394870],[83.512942,44.395809],[83.517644,44.399532],[83.523243,44.405239],[83.528235,44.408668],[83.528918,44.409218],[83.530727,44.411071],[83.530864,44.411544],[83.531267,44.412020],[83.531571,44.414873],[83.529755,44.419596],[83.529131,44.420511],[83.527977,44.423427],[83.526463,44.425885],[83.524899,44.428722],[83.524579,44.429619],[83.522687,44.433518],[83.519710,44.437828],[83.518790,44.442538],[83.517347,44.444913],[83.516558,44.449683],[83.515919,44.451669],[83.515630,44.455859],[83.515895,44.459766],[83.516860,44.462611],[83.517646,44.467553],[83.521533,44.466860],[83.526855,44.465911],[83.537680,44.463604],[83.545332,44.461520],[83.546999,44.461529],[83.551171,44.462069],[83.555570,44.462498],[83.557337,44.462530],[83.560531,44.462192],[83.569203,44.462099],[83.573485,44.462121],[83.576925,44.462322],[83.581720,44.462375],[83.582180,44.462456],[83.582476,44.462768],[83.587378,44.463746],[83.592216,44.463754],[83.594821,44.463625],[83.598153,44.463155],[83.599463,44.462783],[83.601279,44.462743],[83.602852,44.462912],[83.605445,44.463542],[83.607277,44.464103],[83.608788,44.464361],[83.610933,44.465269],[83.613194,44.465680],[83.616412,44.465789],[83.620040,44.466309],[83.621462,44.466745],[83.624992,44.468073],[83.625728,44.468224],[83.629902,44.468403],[83.630594,44.468821],[83.631740,44.470147],[83.632391,44.471375],[83.633096,44.472330],[83.633906,44.473380],[83.635863,44.475599],[83.635969,44.475864],[83.637049,44.475471],[83.639348,44.474826],[83.644575,44.474201],[83.660006,44.472046],[83.667048,44.471114],[83.683230,44.468971],[83.719299,44.464195],[83.723992,44.463573],[83.730122,44.463228],[83.750052,44.461835],[83.752820,44.461741],[83.755640,44.462036],[83.793340,44.466780],[83.793464,44.475754],[83.793363,44.477572],[83.793419,44.480250],[83.793952,44.482045],[83.794201,44.484057],[83.794767,44.485563],[83.795530,44.487241],[83.796318,44.488691],[83.797922,44.490973],[83.798512,44.492233],[83.798589,44.492612],[83.798101,44.495218],[83.798100,44.495937],[83.797394,44.496935],[83.796280,44.497792],[83.795810,44.498294],[83.794647,44.500135],[83.793994,44.501411],[83.794017,44.503368],[83.793423,44.504457],[83.792633,44.505237],[83.792645,44.506078],[83.792067,44.506728],[83.791992,44.506990],[83.792011,44.507415],[83.792353,44.507864],[83.792135,44.508192],[83.792037,44.508569],[83.791663,44.508922],[83.792076,44.509680],[83.792049,44.510014],[83.791806,44.510405],[83.792012,44.511086],[83.791864,44.511318],[83.791350,44.511498],[83.791630,44.511896],[83.791126,44.512273],[83.791545,44.512543],[83.791594,44.512667],[83.791133,44.513032],[83.791049,44.513398],[83.791181,44.513738],[83.791842,44.514511],[83.791802,44.514887],[83.792220,44.515157],[83.792042,44.515369],[83.792186,44.515949],[83.791925,44.519447],[83.791857,44.520376],[83.790418,44.521816],[83.789102,44.522399],[83.787267,44.523750],[83.784284,44.527586],[83.782967,44.528169],[83.781642,44.528283],[83.779662,44.529062],[83.778231,44.530502],[83.776936,44.532415],[83.775916,44.534807],[83.775809,44.536240],[83.775402,44.536745],[83.775391,44.536963],[83.772993,44.537926],[83.771339,44.538343],[83.768317,44.539955],[83.764826,44.542272],[83.764405,44.542701],[83.759300,44.546116],[83.752695,44.549833],[83.751903,44.550462],[83.748312,44.551078],[83.747517,44.551285],[83.746803,44.551780],[83.745427,44.552950],[83.748646,44.560037],[83.751019,44.565523],[83.752717,44.568947],[83.753114,44.570357],[83.754140,44.577231],[83.754532,44.578269],[83.755186,44.580753],[83.755269,44.581744],[83.755446,44.587498],[83.754966,44.590214],[83.755020,44.591117],[83.755306,44.592534],[83.756283,44.604412],[83.756443,44.612225],[83.757233,44.617437],[83.758223,44.622479],[83.759797,44.633250],[83.760484,44.634183],[83.762242,44.640948],[83.763278,44.643952],[83.763922,44.646161],[83.764454,44.648739],[83.765371,44.651181],[83.766037,44.653645],[83.766706,44.655517],[83.767279,44.656758],[83.767821,44.658363],[83.768224,44.659227],[83.771314,44.667601],[83.771479,44.668238],[83.771362,44.669895],[83.771472,44.672191],[83.772425,44.676570],[83.772919,44.677749],[83.773828,44.678952],[83.774090,44.679991],[83.774850,44.681301],[83.776373,44.684483],[83.777054,44.686359],[83.778537,44.689922],[83.781580,44.695955],[83.781964,44.697306],[83.782565,44.698744],[83.783004,44.699536],[83.785960,44.703737],[83.789852,44.711911],[83.790802,44.713492],[83.793358,44.717230],[83.794473,44.719508],[83.794560,44.721331],[83.795122,44.723176],[83.795965,44.729172],[83.797304,44.732535],[83.798248,44.734344],[83.798942,44.736630],[83.798951,44.737429],[83.798610,44.738679],[83.798378,44.740240],[83.798146,44.745258],[83.797502,44.748089],[83.797357,44.749504],[83.796699,44.752783],[83.796414,44.753456],[83.796308,44.753971],[83.796361,44.754542],[83.796286,44.754995],[83.796007,44.755269],[83.795600,44.755402],[83.795396,44.755569],[83.795366,44.755779],[83.795765,44.756839],[83.795965,44.757118],[83.796715,44.757292],[83.797497,44.757318],[83.797853,44.757601],[83.798086,44.758499],[83.797998,44.759617],[83.797437,44.760012],[83.796830,44.760053],[83.796792,44.758900],[83.796573,44.758648],[83.795853,44.758320],[83.795434,44.758344],[83.795053,44.758523],[83.794874,44.758751],[83.794917,44.759016],[83.795114,44.759214],[83.796040,44.759258],[83.796142,44.759399],[83.796060,44.759659],[83.795802,44.759834],[83.794820,44.759970],[83.792582,44.759558],[83.792082,44.759614],[83.791241,44.760083],[83.790760,44.760176],[83.789807,44.760154],[83.789139,44.760294],[83.788761,44.760561],[83.788117,44.761808],[83.788104,44.762894],[83.788578,44.763283],[83.789255,44.763321],[83.790080,44.763625],[83.790263,44.764110],[83.790214,44.764695],[83.789790,44.764976],[83.788882,44.764674],[83.788204,44.764624],[83.787818,44.764334],[83.787263,44.763630],[83.786498,44.763607],[83.786420,44.763698],[83.786414,44.764547],[83.786186,44.764988],[83.786178,44.765191],[83.786830,44.765699],[83.787858,44.766154],[83.788152,44.766480],[83.788198,44.766703],[83.788083,44.767019],[83.787633,44.767377],[83.787370,44.767451],[83.786450,44.767530],[83.785862,44.767346],[83.785656,44.767005],[83.786257,44.766833],[83.786469,44.766680],[83.786510,44.766544],[83.785741,44.766441],[83.784974,44.766494],[83.784610,44.766427],[83.784402,44.766276],[83.784062,44.765736],[83.784516,44.765078],[83.784482,44.764740],[83.784324,44.764656],[83.783943,44.764855],[83.783498,44.765695],[83.783033,44.765876],[83.782102,44.765955],[83.781805,44.766072],[83.781214,44.767084],[83.781171,44.767778],[83.781375,44.768209],[83.781363,44.768589],[83.781200,44.768762],[83.779683,44.768864],[83.779540,44.769092],[83.779380,44.771289],[83.779215,44.771450],[83.778885,44.771471],[83.778299,44.771350],[83.777996,44.771223],[83.777609,44.770907],[83.777677,44.770115],[83.777531,44.770026],[83.775908,44.770515],[83.774856,44.770689],[83.774228,44.770658],[83.773979,44.770800],[83.773960,44.770999],[83.773663,44.771353],[83.772720,44.771579],[83.772687,44.771893],[83.772807,44.772160],[83.773430,44.772681],[83.773419,44.772825],[83.772061,44.773092],[83.771483,44.773624],[83.770649,44.773933],[83.770605,44.774022],[83.771191,44.774626],[83.771255,44.774979],[83.770873,44.775077],[83.769265,44.774498],[83.768954,44.774494],[83.768649,44.774614],[83.768203,44.775318],[83.767956,44.776290],[83.767967,44.776532],[83.768079,44.776650],[83.768557,44.776839],[83.770490,44.776887],[83.771194,44.777015],[83.771890,44.776931],[83.772296,44.776982],[83.772556,44.777090],[83.772735,44.777290],[83.772763,44.777870],[83.772670,44.778198],[83.772506,44.778307],[83.771370,44.778569],[83.770407,44.778487],[83.770022,44.778540],[83.769690,44.778880],[83.769969,44.779189],[83.771310,44.779452],[83.772059,44.779788],[83.772137,44.780196],[83.772050,44.780353],[83.771810,44.780492],[83.770187,44.780574],[83.769204,44.781384],[83.768427,44.781493],[83.767607,44.781369],[83.767299,44.781229],[83.767177,44.781088],[83.767133,44.780629],[83.766984,44.780229],[83.766473,44.779800],[83.766147,44.779697],[83.765695,44.779775],[83.765601,44.779905],[83.765623,44.780038],[83.766362,44.780738],[83.766377,44.781090],[83.766032,44.781271],[83.765502,44.781317],[83.765392,44.781244],[83.764862,44.780708],[83.764822,44.779859],[83.764073,44.779578],[83.763028,44.779768],[83.762898,44.779907],[83.763146,44.780247],[83.763121,44.780358],[83.762587,44.780341],[83.762322,44.780010],[83.761999,44.779806],[83.761479,44.779718],[83.760501,44.779965],[83.760076,44.780267],[83.759881,44.780517],[83.760130,44.780782],[83.761394,44.781051],[83.762617,44.780843],[83.763051,44.781035],[83.763608,44.781635],[83.763618,44.781856],[83.763091,44.782233],[83.762724,44.782254],[83.761636,44.781956],[83.761306,44.781980],[83.759179,44.782560],[83.758886,44.782402],[83.758876,44.782169],[83.759128,44.781699],[83.758815,44.781276],[83.757368,44.781157],[83.756275,44.781325],[83.755939,44.781617],[83.755391,44.781703],[83.754303,44.781661],[83.753746,44.781779],[83.751375,44.781687],[83.750710,44.781973],[83.750047,44.782079],[83.749384,44.782463],[83.748995,44.782941],[83.749010,44.783894],[83.748369,44.785799],[83.749195,44.786752],[83.751047,44.785969],[83.751589,44.786442],[83.752258,44.786633],[83.753074,44.787198],[83.751885,44.788064],[83.751612,44.787684],[83.750955,44.788167],[83.750285,44.788165],[83.748698,44.789130],[83.748690,44.788653],[83.747608,44.787716],[83.747204,44.787528],[83.746539,44.787724],[83.746142,44.788201],[83.745486,44.788586],[83.746417,44.788393],[83.745495,44.789350],[83.745502,44.789728],[83.744159,44.789166],[83.742695,44.789561],[83.742031,44.790044],[83.741909,44.790515],[83.741520,44.791001],[83.740719,44.791191],[83.740047,44.791198],[83.738727,44.791976],[83.738896,44.793880],[83.737705,44.794645],[83.736369,44.794658],[83.735690,44.794188],[83.735698,44.794566],[83.734363,44.794570],[83.733698,44.794964],[83.733309,44.795441],[83.734248,44.796004],[83.734919,44.796096],[83.735600,44.796566],[83.735720,44.795996],[83.736400,44.796368],[83.737735,44.796453],[83.738416,44.796834],[83.738956,44.797397],[83.738964,44.797874],[83.738705,44.798357],[83.736683,44.797513],[83.734942,44.797427],[83.734019,44.797818],[83.733095,44.798775],[83.732042,44.799546],[83.732187,44.800308],[83.733943,44.801338],[83.732614,44.802017],[83.731134,44.801169],[83.730324,44.801080],[83.729676,44.801941],[83.730371,44.803554],[83.730905,44.803739],[83.731698,44.803163],[83.732638,44.803159],[83.733723,44.804106],[83.732928,44.804494],[83.731860,44.804500],[83.730805,44.805362],[83.729357,44.806898],[83.730852,44.808222],[83.731669,44.809166],[83.731546,44.809646],[83.731822,44.810117],[83.730363,44.810987],[83.729028,44.811000],[83.728371,44.811474],[83.728355,44.810908],[83.727691,44.811193],[83.727027,44.811109],[83.726500,44.811589],[83.725828,44.811775],[83.725301,44.812255],[83.725576,44.812546],[83.725454,44.813017],[83.725859,44.813493],[83.725866,44.813970],[83.726141,44.814441],[83.725759,44.815593],[83.725362,44.815692],[83.723079,44.815321],[83.722675,44.815132],[83.722010,44.815138],[83.721750,44.815621],[83.721079,44.815816],[83.720819,44.816290],[83.720841,44.817243],[83.722476,44.819042],[83.721286,44.820005],[83.720620,44.819912],[83.719957,44.820197],[83.719283,44.820302],[83.717298,44.821553],[83.717176,44.822033],[83.716778,44.822510],[83.716786,44.822986],[83.716526,44.823460],[83.716031,44.825847],[83.715113,44.826804],[83.714036,44.826621],[83.712982,44.827481],[83.712997,44.828435],[83.712616,44.829388],[83.712623,44.829865],[83.712096,44.830345],[83.712104,44.830822],[83.711706,44.831308],[83.711989,44.832255],[83.712402,44.832732],[83.712417,44.833677],[83.711241,44.835116],[83.707252,44.837238],[83.705938,44.838671],[83.705815,44.839151],[83.705419,44.839628],[83.705311,44.841061],[83.705594,44.842009],[83.706832,44.843907],[83.706985,44.844858],[83.706596,44.845811],[83.705541,44.846770],[83.704876,44.847064],[83.703531,44.846788],[83.702193,44.846790],[83.700864,44.847566],[83.700871,44.847845],[83.702224,44.848697],[83.702897,44.848791],[83.704250,44.849544],[83.703859,44.850209],[83.702140,44.851651],[83.701842,44.853998],[83.700512,44.854252],[83.698899,44.854296],[83.697119,44.855253],[83.694436,44.857633],[83.694314,44.860714],[83.693236,44.862933],[83.692740,44.864249],[83.688451,44.865926],[83.687633,44.867006],[83.687296,44.868084],[83.686639,44.869115],[83.684690,44.870354],[83.684514,44.872005],[83.684896,44.873212],[83.682564,44.873307],[83.681188,44.873921],[83.681165,44.875236],[83.682294,44.876014],[83.683126,44.875909],[83.683359,44.876027],[83.684174,44.876276],[83.684351,44.876598],[83.684250,44.876879],[83.683818,44.877328],[83.683296,44.877626],[83.681925,44.877715],[83.681534,44.877377],[83.681236,44.876720],[83.681059,44.876635],[83.680804,44.876653],[83.680519,44.876938],[83.680251,44.877569],[83.680281,44.878207],[83.680080,44.878638],[83.679577,44.878949],[83.677639,44.879662],[83.677176,44.879964],[83.676731,44.880130],[83.675897,44.880114],[83.675577,44.880408],[83.674927,44.880638],[83.673894,44.880837],[83.673216,44.880873],[83.672932,44.880769],[83.672963,44.880409],[83.672892,44.880301],[83.672389,44.880367],[83.671621,44.880104],[83.671132,44.880115],[83.670116,44.880551],[83.669287,44.881025],[83.668630,44.881757],[83.668626,44.882438],[83.668823,44.882590],[83.669171,44.882629],[83.669816,44.882556],[83.670951,44.882612],[83.671073,44.882808],[83.669909,44.883530],[83.668168,44.883365],[83.667805,44.883372],[83.667528,44.883547],[83.667301,44.883806],[83.667334,44.884122],[83.667509,44.884440],[83.667519,44.884642],[83.667355,44.884958],[83.667402,44.885583],[83.667655,44.885903],[83.668190,44.886272],[83.668804,44.886550],[83.668934,44.887038],[83.668735,44.887490],[83.668428,44.887687],[83.668285,44.887677],[83.667762,44.887198],[83.667316,44.887085],[83.666299,44.888277],[83.665972,44.888420],[83.665694,44.888451],[83.665498,44.888320],[83.665160,44.887858],[83.665100,44.887580],[83.665417,44.886969],[83.665528,44.886663],[83.665491,44.886520],[83.665010,44.886285],[83.664572,44.885432],[83.664313,44.885260],[83.664031,44.885199],[83.663575,44.885251],[83.663251,44.885460],[83.662518,44.886617],[83.662287,44.886778],[83.661897,44.886842],[83.661006,44.886637],[83.660235,44.886307],[83.659386,44.886380],[83.659058,44.886501],[83.658100,44.887134],[83.657996,44.887360],[83.658074,44.887629],[83.658781,44.887982],[83.658883,44.888381],[83.658631,44.888733],[83.658243,44.888965],[83.656602,44.889529],[83.656048,44.889541],[83.655448,44.889173],[83.655192,44.888663],[83.655282,44.888293],[83.655792,44.887978],[83.655742,44.887679],[83.655595,44.887594],[83.654602,44.887488],[83.654051,44.887559],[83.652726,44.888395],[83.652059,44.888396],[83.651686,44.888180],[83.651183,44.887215],[83.650732,44.886979],[83.650319,44.886933],[83.649881,44.886998],[83.649420,44.887198],[83.649222,44.887696],[83.649191,44.888052],[83.648860,44.888372],[83.647780,44.888564],[83.646502,44.888490],[83.645424,44.889008],[83.645139,44.889416],[83.645088,44.889987],[83.644951,44.890379],[83.644036,44.891062],[83.643695,44.891146],[83.643171,44.891157],[83.641631,44.891461],[83.640464,44.891452],[83.640079,44.891367],[83.639876,44.891093],[83.639834,44.890828],[83.639500,44.890666],[83.638619,44.890820],[83.637030,44.891467],[83.635554,44.891601],[83.635076,44.891434],[83.634631,44.891084],[83.635138,44.890705],[83.635130,44.890528],[83.634903,44.890376],[83.634641,44.890255],[83.633778,44.890240],[83.633427,44.890117],[83.633080,44.889833],[83.632652,44.889698],[83.632224,44.889708],[83.631528,44.889989],[83.630906,44.889791],[83.630515,44.889821],[83.629877,44.890046],[83.629503,44.890067],[83.628848,44.889925],[83.628049,44.890031],[83.627758,44.890173],[83.627683,44.890880],[83.627132,44.891328],[83.626890,44.891489],[83.625746,44.891591],[83.625077,44.892446],[83.624841,44.892494],[83.623308,44.891623],[83.622800,44.891554],[83.622583,44.891626],[83.622318,44.892080],[83.622411,44.892682],[83.622042,44.893206],[83.621863,44.893848],[83.621515,44.894046],[83.620747,44.894173],[83.619876,44.895029],[83.618321,44.895503],[83.617341,44.895402],[83.616792,44.894696],[83.616550,44.894600],[83.616141,44.894643],[83.615849,44.894505],[83.615634,44.894206],[83.615591,44.893928],[83.615422,44.893742],[83.614548,44.893482],[83.613177,44.892093],[83.612536,44.891849],[83.612093,44.891783],[83.611388,44.891841],[83.610864,44.892089],[83.610378,44.892121],[83.609749,44.891747],[83.609510,44.891727],[83.607640,44.893100],[83.607081,44.893227],[83.606686,44.893176],[83.606023,44.892824],[83.604957,44.892915],[83.604840,44.893087],[83.604829,44.893890],[83.603968,44.893910],[83.603088,44.893651],[83.602550,44.893587],[83.601599,44.893697],[83.600476,44.893968],[83.600295,44.894175],[83.600066,44.895029],[83.600075,44.895498],[83.600281,44.895840],[83.600603,44.896125],[83.600689,44.896592],[83.600534,44.896976],[83.600668,44.897171],[83.601268,44.897563],[83.601602,44.897999],[83.601632,44.898257],[83.601452,44.898876],[83.602084,44.899590],[83.602490,44.900295],[83.602602,44.901053],[83.602476,44.902341],[83.602104,44.903592],[83.601302,44.904916],[83.601156,44.905490],[83.601277,44.906214],[83.602294,44.907019],[83.602338,44.907331],[83.602179,44.907614],[83.600455,44.908794],[83.598951,44.909982],[83.598748,44.910367],[83.599488,44.911491],[83.599588,44.911979],[83.599542,44.912293],[83.598804,44.913050],[83.595762,44.914649],[83.594279,44.914839],[83.593339,44.915220],[83.592794,44.915791],[83.592337,44.916461],[83.591182,44.917316],[83.590061,44.917891],[83.589687,44.917900],[83.589379,44.917793],[83.589077,44.917288],[83.588638,44.917041],[83.587877,44.917160],[83.587533,44.917299],[83.586427,44.917134],[83.585989,44.917178],[83.585622,44.917322],[83.585347,44.917552],[83.585192,44.917949],[83.585224,44.919051],[83.585147,44.919459],[83.584770,44.920059],[83.583028,44.921609],[83.582358,44.922419],[83.581401,44.923862],[83.581417,44.924229],[83.581867,44.925114],[83.581793,44.925598],[83.581493,44.925930],[83.581088,44.926037],[83.580742,44.926003],[83.580005,44.925708],[83.579652,44.925792],[83.579366,44.926166],[83.579199,44.927603],[83.578923,44.927821],[83.578766,44.927831],[83.578610,44.927841],[83.577567,44.927363],[83.577425,44.927387],[83.577344,44.927693],[83.577271,44.929516],[83.576818,44.929874],[83.575499,44.930252],[83.574567,44.930924],[83.573955,44.931184],[83.572890,44.931243],[83.572395,44.930807],[83.572300,44.930002],[83.572088,44.929897],[83.571569,44.929842],[83.571134,44.929941],[83.570762,44.930385],[83.570361,44.930577],[83.569799,44.930624],[83.568225,44.930201],[83.568039,44.930273],[83.567970,44.930452],[83.567994,44.931001],[83.567924,44.931159],[83.566158,44.931358],[83.566030,44.931333],[83.565901,44.931309],[83.565880,44.931098],[83.566010,44.930968],[83.566771,44.930717],[83.567303,44.930278],[83.567122,44.930084],[83.566809,44.930100],[83.566328,44.930234],[83.565358,44.930718],[83.563960,44.930751],[83.561618,44.931738],[83.561247,44.931789],[83.560402,44.931463],[83.559929,44.931495],[83.558005,44.932662],[83.557552,44.932753],[83.554834,44.932312],[83.553924,44.931988],[83.553144,44.931373],[83.553008,44.931118],[83.552668,44.930937],[83.552386,44.930855],[83.551930,44.930874],[83.551590,44.930963],[83.551363,44.931180],[83.551080,44.932159],[83.551187,44.932583],[83.551370,44.932701],[83.551908,44.932510],[83.552362,44.932466],[83.552504,44.932851],[83.552458,44.933558],[83.552173,44.933823],[83.551655,44.933903],[83.551421,44.933849],[83.550902,44.933507],[83.550122,44.933560],[83.549826,44.933711],[83.549619,44.933995],[83.549663,44.934184],[83.550171,44.934417],[83.550165,44.934544],[83.549257,44.935323],[83.549230,44.935805],[83.548979,44.936158],[83.548701,44.936300],[83.547615,44.936550],[83.546107,44.936507],[83.545440,44.936714],[83.543816,44.936851],[83.543499,44.937260],[83.543777,44.937706],[83.543788,44.937963],[83.543654,44.938144],[83.543034,44.938341],[83.542673,44.938350],[83.541535,44.938099],[83.540428,44.937590],[83.540099,44.937518],[83.539699,44.938119],[83.539353,44.938343],[83.538660,44.938348],[83.537039,44.937484],[83.536242,44.936865],[83.535794,44.936652],[83.534879,44.936464],[83.534567,44.936514],[83.534461,44.936673],[83.534295,44.937070],[83.534236,44.937629],[83.534016,44.937880],[83.533548,44.938006],[83.531780,44.937691],[83.531010,44.937710],[83.529761,44.938142],[83.529040,44.937780],[83.528657,44.937692],[83.528441,44.937753],[83.527874,44.938337],[83.526518,44.938494],[83.526211,44.938658],[83.526020,44.939030],[83.526051,44.939342],[83.526278,44.939527],[83.527042,44.939787],[83.527253,44.939997],[83.527212,44.941228],[83.527082,44.941776],[83.526953,44.942084],[83.526390,44.942499],[83.525907,44.942558],[83.525200,44.942787],[83.524622,44.942835],[83.524409,44.942726],[83.524206,44.942275],[83.523979,44.942090],[83.523673,44.942009],[83.522319,44.942200],[83.520978,44.941608],[83.520105,44.941427],[83.519281,44.941549],[83.518467,44.941903],[83.517307,44.942625],[83.516903,44.942724],[83.516115,44.942321],[83.514907,44.941916],[83.514741,44.941650],[83.514607,44.940068],[83.514522,44.939880],[83.514244,44.939586],[83.513550,44.939332],[83.513339,44.939312],[83.512093,44.939873],[83.510131,44.940527],[83.509695,44.940572],[83.509482,44.940721],[83.509541,44.941391],[83.509237,44.942045],[83.509059,44.943001],[83.508267,44.943447],[83.506925,44.943925],[83.506833,44.945062],[83.506545,44.945261],[83.506111,44.945394],[83.503806,44.945121],[83.502880,44.945205],[83.500025,44.947009],[83.499949,44.947989],[83.499584,44.948492],[83.498883,44.948726],[83.497888,44.948894],[83.497754,44.949066],[83.497783,44.949265],[83.498589,44.949558],[83.498830,44.949775],[83.499056,44.950103],[83.499032,44.950426],[83.501688,44.952804],[83.502083,44.953256],[83.502359,44.953736],[83.502480,44.954560],[83.502252,44.955412],[83.502261,44.955668],[83.502075,44.955881],[83.501051,44.956434],[83.499629,44.957543],[83.498745,44.958748],[83.497599,44.960763],[83.496998,44.961387],[83.495902,44.961800],[83.494291,44.962160],[83.489837,44.962862],[83.488358,44.962899],[83.485279,44.963799],[83.483422,44.964692],[83.479370,44.967706],[83.478891,44.968428],[83.478086,44.970168],[83.477033,44.972910],[83.475891,44.974520],[83.474631,44.975827],[83.474063,44.976108],[83.470403,44.977916],[83.464641,44.979957],[83.459798,44.980479],[83.457986,44.980851],[83.452337,44.981703],[83.450437,44.982018],[83.445772,44.982347],[83.439614,44.981686],[83.435689,44.981040],[83.434008,44.980917],[83.424901,44.980343],[83.412260,44.979899],[83.399774,44.980567],[83.394798,44.980644],[83.391591,44.980840],[83.390978,44.981060],[83.386916,44.981962],[83.383852,44.982809],[83.379597,44.983722],[83.370296,44.986076],[83.360283,44.988364],[83.355820,44.989548],[83.353122,44.990131],[83.352347,44.990441],[83.349992,44.990797],[83.350439,44.991264],[83.350121,44.991596],[83.350164,44.991759],[83.350442,44.991824],[83.350424,44.991926],[83.349880,44.992059],[83.349496,44.992404],[83.348745,44.992628],[83.348342,44.993075],[83.348017,44.993157],[83.347560,44.993104],[83.346826,44.992801],[83.346186,44.992993],[83.345937,44.992968],[83.345040,44.992550],[83.344486,44.991810],[83.344180,44.991751],[83.343434,44.991885],[83.343095,44.991854],[83.342190,44.991501],[83.339979,44.991591],[83.338205,44.991842],[83.336917,44.992326],[83.335801,44.991808],[83.334970,44.991594],[83.334420,44.991349],[83.333621,44.991208],[83.332965,44.990939],[83.332506,44.991045],[83.331334,44.990897],[83.330383,44.991039],[83.328932,44.991620],[83.327962,44.992215],[83.322740,44.992621],[83.313376,44.993173],[83.308569,44.993574],[83.301159,44.993956],[83.298542,44.994182],[83.295333,44.994512],[83.290158,44.995234],[83.285407,44.995771],[83.283456,44.995901],[83.280824,44.996331],[83.272977,44.997258],[83.265258,44.998327],[83.263651,44.998375],[83.252786,45.000511],[83.247153,45.001410],[83.236489,45.003039],[83.224628,45.005005],[83.212161,45.006790],[83.205423,45.007904],[83.198162,45.008926],[83.193510,45.009767],[83.189254,45.010389],[83.174937,45.012769],[83.150784,45.017006],[83.143164,45.018553],[83.137692,45.019664],[83.121702,45.023022],[83.115416,45.024409],[83.096548,45.028573],[83.094415,45.028925],[83.076258,45.033383],[83.068176,45.035176],[83.044211,45.040968],[83.029390,45.044351],[83.025810,45.045168],[83.002598,45.050702],[82.992540,45.053960],[82.979744,45.057922],[82.977548,45.058486],[82.974674,45.059492],[82.973414,45.059755],[82.970261,45.061035],[82.969167,45.061583],[82.967263,45.062262],[82.965296,45.063204],[82.963958,45.063984],[82.961683,45.065007],[82.959943,45.065903],[82.955826,45.067638],[82.950519,45.069196],[82.947704,45.070151],[82.943535,45.071339],[82.942105,45.071851],[82.940125,45.072355],[82.937902,45.073082],[82.933449,45.074335],[82.926950,45.076516],[82.918812,45.078928],[82.917101,45.079530],[82.915183,45.080036],[82.913472,45.080646],[82.907221,45.082558],[82.887153,45.089676],[82.878212,45.092942],[82.875121,45.093909],[82.865656,45.097431],[82.861624,45.098729],[82.858860,45.099792],[82.855475,45.100907],[82.843129,45.108324],[82.835776,45.112995],[82.833762,45.114105],[82.830298,45.116413],[82.827897,45.117250],[82.818908,45.120862],[82.816826,45.121566],[82.813294,45.123260],[82.811420,45.123877],[82.808342,45.125249],[82.804484,45.126812],[82.800074,45.129104],[82.797221,45.130471],[82.792288,45.133308],[82.789062,45.134904],[82.784933,45.137095],[82.780656,45.139542],[82.779604,45.140252],[82.776468,45.141825],[82.771211,45.144725],[82.767956,45.146367],[82.757845,45.152162],[82.752611,45.153032],[82.742751,45.155330],[82.733385,45.157204],[82.721004,45.160030],[82.719473,45.160243],[82.717051,45.159913],[82.712557,45.159125],[82.708576,45.158338],[82.683121,45.153828],[82.681783,45.153554],[82.675609,45.156911],[82.674319,45.157810],[82.670448,45.159803],[82.667626,45.161440],[82.665783,45.162313],[82.661605,45.164635],[82.660216,45.165524],[82.658222,45.166513],[82.655568,45.168024],[82.653689,45.169220],[82.648754,45.171886],[82.646653,45.173210],[82.640604,45.177742],[82.638220,45.179379],[82.632606,45.183610],[82.625931,45.188397],[82.622772,45.190940],[82.617239,45.195849],[82.612010,45.200078],[82.611772,45.200546],[82.610685,45.204415],[82.610342,45.204994],[82.600494,45.210074],[82.598696,45.211486],[82.593454,45.215093],[82.590347,45.217454],[82.582862,45.219299],[82.587476,45.223905],[82.601014,45.346210],[82.564667,45.399534],[82.547201,45.425238],[82.546751,45.425873],[82.448000,45.461357],[82.282035,45.538896],[82.282001,45.542305],[82.281879,45.554502],[82.266753,45.620153],[82.279587,45.639378],[82.285828,45.647273],[82.288558,45.655417],[82.289116,45.697476],[82.290090,45.716443],[82.295760,45.727134],[82.304093,45.735586],[82.340270,45.772534],[82.341810,45.780416],[82.345162,45.807422],[82.348034,45.813541],[82.349618,45.823002],[82.348026,45.846302],[82.345354,45.853695],[82.338749,45.863956],[82.335869,45.873708],[82.336043,45.882221],[82.344059,45.894471],[82.344825,45.905540],[82.345391,45.912466],[82.344294,45.923853],[82.342676,45.935121],[82.346131,45.943740],[82.357208,45.951213],[82.389528,45.965692],[82.401289,45.972227],[82.423466,45.971006],[82.435612,45.968940],[82.443460,45.973154],[82.461516,45.979995],[82.462284,45.982343],[82.481993,46.042635],[82.506105,46.116424],[82.518326,46.153824],[82.556353,46.213276],[82.578351,46.247641],[82.608739,46.295069],[82.614903,46.305502],[82.726772,46.494703],[82.727235,46.495487],[82.774208,46.600108],[82.788883,46.677843],[82.790698,46.682050],[82.812598,46.732823],[82.829778,46.772665],[82.878488,46.797233],[82.876385,46.822892],[82.876303,46.823887],[82.892631,46.861944],[82.903134,46.886411],[82.923538,46.932061],[82.927712,46.945270],[82.934629,46.968110],[82.935804,46.980987],[82.937877,47.014057],[82.939600,47.016278],[82.948724,47.020979],[82.967021,47.035797],[82.980299,47.050197],[82.988018,47.058786],[82.992941,47.065111],[82.993181,47.065419],[82.995850,47.072227],[83.000961,47.094763],[83.009510,47.104455],[83.013305,47.123069],[83.022411,47.132939],[83.023170,47.141305],[83.023441,47.150220],[83.028569,47.159475],[83.031673,47.168276],[83.031142,47.175782],[83.030323,47.181885],[83.029451,47.188891],[83.029269,47.195065],[83.027369,47.215423],[83.029959,47.219573],[83.035748,47.219506],[83.052914,47.215994],[83.062598,47.219899],[83.075512,47.225101],[83.093317,47.225615],[83.108340,47.222107],[83.120843,47.224562],[83.134387,47.229733],[83.144119,47.235759],[83.154817,47.236089],[83.162949,47.230161],[83.170482,47.223034],[83.174404,47.218472],[83.188735,47.215419],[83.206940,47.213695],[83.210700,47.208757],[83.215977,47.202167],[83.219408,47.189128],[83.222095,47.186915],[83.237903,47.186332],[83.247786,47.175877],[83.257818,47.173229],[83.276464,47.174229],[83.294657,47.176430],[83.306395,47.179700],[83.316386,47.174156],[83.324482,47.168005],[83.332368,47.167868],[83.349300,47.172624],[83.370452,47.178563],[83.371738,47.168669],[83.371920,47.163333],[83.387012,47.155263],[83.391860,47.148372],[83.395005,47.145859],[83.398939,47.140941],[83.408209,47.132414],[83.418827,47.118832],[83.430591,47.118271],[83.442675,47.125272],[83.453011,47.129148],[83.463280,47.132074],[83.469593,47.128767],[83.472999,47.122367],[83.484218,47.118172],[83.487631,47.112200],[83.493084,47.107668],[83.511548,47.108490],[83.517337,47.104239],[83.522616,47.098740],[83.529729,47.092875],[83.534509,47.087521],[83.538528,47.083816],[83.546302,47.080502],[83.566966,47.080619],[83.573665,47.075728],[83.573344,47.068781],[83.570451,47.062827],[83.571161,47.060568],[83.576133,47.059233],[83.603367,47.058947],[83.610936,47.052110],[83.612505,47.051219],[83.618134,47.048028],[83.631028,47.047289],[83.641938,47.045372],[83.649399,47.044063],[83.665108,47.043427],[83.689622,47.035188],[83.700572,47.032155],[83.702772,47.026778],[83.699354,47.015626],[83.708015,47.013850],[83.713024,47.016690],[83.726692,47.024435],[83.741567,47.026317],[83.750393,47.027379],[83.766540,47.027003],[83.780170,47.022877],[83.789618,47.018225],[83.798629,47.014204],[83.816497,47.012173],[83.827310,47.007450],[83.841746,47.001722],[83.851980,46.994817],[83.874976,46.994232],[83.883470,46.989829],[83.883957,46.989577],[83.885863,46.981941],[83.893714,46.982375],[83.907744,46.985825],[83.913470,46.980629],[83.915900,46.972649],[83.924772,46.969911],[83.932973,46.969998],[83.937900,46.977738],[83.951535,46.987246],[83.963569,46.989501],[83.978778,46.981863],[83.991233,46.989889],[84.002738,46.990609],[84.013001,46.982104],[84.020178,46.979724],[84.038516,46.973525],[84.054188,46.969996],[84.066119,46.967655],[84.075096,46.966382],[84.086447,46.965212],[84.103565,46.965935],[84.115563,46.966830],[84.128773,46.970016],[84.132731,46.970971],[84.136991,46.973063],[84.150276,46.977333],[84.158582,46.982218],[84.170676,46.988609],[84.178798,46.993740],[84.195106,47.003512],[84.200012,47.004155],[84.215279,46.998809],[84.226009,46.997703],[84.236346,47.001934],[84.242508,46.996893],[84.250382,46.995033],[84.259310,47.000102],[84.268207,47.003484],[84.278784,46.998642],[84.283552,46.996852],[84.289141,46.994755],[84.297721,46.993985],[84.305399,46.995313],[84.314566,46.997222],[84.323778,47.001278],[84.330355,47.004661],[84.336514,47.005402],[84.341621,47.002173],[84.348797,46.996280],[84.359825,46.994006],[84.371501,46.993337],[84.377846,46.994428],[84.382998,46.995313],[84.393603,46.998838],[84.425430,47.008864],[84.438544,47.009266],[84.449554,47.006416],[84.454519,47.001265],[84.458697,46.996614],[84.464508,46.992901],[84.471442,46.990621],[84.484163,46.984711],[84.496865,46.979159],[84.506507,46.973068],[84.517204,46.974430],[84.548796,46.986460],[84.563129,46.991644],[84.581496,46.994306],[84.588381,46.995569],[84.603028,46.996539],[84.628762,46.994151],[84.639241,46.993947],[84.649751,46.999579],[84.662188,46.999436],[84.668690,46.994872],[84.679781,47.004564],[84.680329,47.004600],[84.693264,47.007108],[84.699565,47.008469],[84.711389,47.008058],[84.748027,47.009848],[84.759946,47.000103],[84.765646,46.993605],[84.781724,46.980088],[84.795312,46.972533]]
和布克赛尔蒙古自治县	[[84.764119,46.779902],[84.763494,46.783476],[84.762871,46.787058],[84.762654,46.787910],[84.762288,46.789365],[84.762300,46.790082],[84.761476,46.790948],[84.761927,46.792802],[84.761317,46.794095],[84.762377,46.794944],[84.767190,46.797196],[84.769896,46.797598],[84.772396,46.797582],[84.775536,46.798172],[84.781155,46.800118],[84.789512,46.802435],[84.792429,46.803118],[84.799716,46.804337],[84.801376,46.804466],[84.803264,46.805588],[84.803691,46.806163],[84.808328,46.810404],[84.813353,46.812931],[84.820020,46.814297],[84.821276,46.815282],[84.821504,46.816420],[84.819678,46.818729],[84.819701,46.820160],[84.820766,46.823456],[84.821650,46.825432],[84.820977,46.826416],[84.820725,46.826506],[84.820656,46.826664],[84.822050,46.832166],[84.828378,46.832553],[84.830443,46.832828],[84.832617,46.833261],[84.834206,46.833887],[84.835072,46.834591],[84.836130,46.835460],[84.836467,46.836195],[84.836596,46.837038],[84.836485,46.837765],[84.836579,46.838467],[84.836959,46.839175],[84.837277,46.840357],[84.837866,46.841937],[84.838174,46.842391],[84.839150,46.843417],[84.841084,46.844992],[84.842798,46.845947],[84.844119,46.846530],[84.845255,46.846634],[84.848353,46.846603],[84.852002,46.846022],[84.853263,46.846071],[84.856093,46.846625],[84.858080,46.846663],[84.859605,46.846860],[84.861775,46.847301],[84.862994,46.847803],[84.868031,46.850433],[84.871797,46.851569],[84.873452,46.852499],[84.876104,46.853352],[84.878343,46.854942],[84.879403,46.855503],[84.880945,46.855903],[84.884447,46.855810],[84.886333,46.855471],[84.887425,46.855274],[84.891116,46.853852],[84.893172,46.853812],[84.895246,46.853322],[84.895924,46.853319],[84.897474,46.853533],[84.900883,46.853596],[84.903509,46.853752],[84.905778,46.853515],[84.907212,46.853263],[84.908662,46.853181],[84.910921,46.852634],[84.913900,46.851605],[84.915542,46.851248],[84.916610,46.851129],[84.917537,46.851131],[84.918549,46.851274],[84.921871,46.852531],[84.923360,46.852844],[84.924648,46.852884],[84.925715,46.852812],[84.928723,46.852281],[84.930391,46.852452],[84.933853,46.853078],[84.934545,46.853339],[84.935999,46.854406],[84.938110,46.856618],[84.938469,46.857308],[84.938763,46.858476],[84.939076,46.859180],[84.939510,46.859685],[84.940624,46.860172],[84.943604,46.861920],[84.955088,46.861090],[84.959888,46.864154],[84.962755,46.870843],[84.964733,46.874925],[84.968315,46.876541],[84.975769,46.879770],[84.980024,46.883104],[84.979771,46.885222],[84.979327,46.888808],[84.979240,46.890244],[84.979013,46.893840],[84.979127,46.897127],[84.979249,46.900727],[84.979493,46.902886],[84.979895,46.906478],[84.981787,46.909484],[84.983863,46.912803],[84.985153,46.914861],[84.987220,46.918185],[84.989924,46.920416],[84.993290,46.923196],[84.995523,46.924289],[84.999823,46.926386],[85.002606,46.926924],[85.007690,46.927899],[85.012775,46.928879],[85.017938,46.928820],[85.023205,46.928761],[85.027670,46.928904],[85.032935,46.929071],[85.038174,46.928672],[85.043411,46.928263],[85.047542,46.928290],[85.052812,46.928328],[85.054684,46.928970],[85.059386,46.930603],[85.064114,46.931992],[85.068953,46.933415],[85.071850,46.934474],[85.076487,46.936169],[85.078183,46.937278],[85.081983,46.939774],[85.082470,46.940626],[85.084400,46.943975],[85.084505,46.944227],[85.085904,46.947694],[85.087313,46.951164],[85.088660,46.954018],[85.090277,46.957445],[85.090955,46.958179],[85.093761,46.961229],[85.096568,46.964278],[85.099330,46.966233],[85.102986,46.968816],[85.107240,46.971022],[85.111432,46.973187],[85.115189,46.974879],[85.119579,46.976856],[85.120724,46.977411],[85.125000,46.979496],[85.129283,46.981580],[85.133557,46.983664],[85.134433,46.984054],[85.138810,46.986041],[85.143186,46.988024],[85.147552,46.990006],[85.151070,46.991303],[85.155695,46.993002],[85.160312,46.994701],[85.160528,46.994752],[85.165516,46.995863],[85.170496,46.996975],[85.175484,46.998090],[85.175908,47.001528],[85.178792,47.005305],[85.187167,47.007617],[85.191523,47.013016],[85.194442,47.016263],[85.195837,47.018949],[85.198652,47.024311],[85.204543,47.029752],[85.209638,47.035697],[85.213997,47.041098],[85.219978,47.044951],[85.231745,47.052265],[85.238642,47.056321],[85.253666,47.054741],[85.260536,47.054404],[85.268982,47.056206],[85.273223,47.062353],[85.275814,47.066962],[85.276431,47.068921],[85.281414,47.069048],[85.285684,47.069157],[85.291091,47.066624],[85.303197,47.060961],[85.307183,47.058045],[85.317950,47.050152],[85.319769,47.048936],[85.326159,47.044896],[85.331313,47.045727],[85.335493,47.047133],[85.342466,47.049817],[85.350841,47.053054],[85.355715,47.054443],[85.358274,47.054608],[85.363529,47.054942],[85.368775,47.055275],[85.371907,47.055279],[85.380655,47.053070],[85.386349,47.053206],[85.396993,47.053946],[85.407560,47.056136],[85.418025,47.060267],[85.426489,47.061424],[85.441124,47.063369],[85.441358,47.063359],[85.446614,47.063151],[85.451851,47.062946],[85.459233,47.062431],[85.466076,47.062071],[85.471308,47.061798],[85.473833,47.061157],[85.478753,47.059906],[85.484864,47.057987],[85.493041,47.057477],[85.498269,47.057148],[85.501044,47.057366],[85.511025,47.057779],[85.516262,47.057781],[85.520739,47.057563],[85.525969,47.057314],[85.526592,47.057543],[85.533733,47.056764],[85.540106,47.057403],[85.540125,47.057292],[85.540002,47.054952],[85.539812,47.053924],[85.539029,47.052259],[85.538451,47.051660],[85.536992,47.050600],[85.536414,47.050406],[85.536030,47.050412],[85.537402,47.049970],[85.539589,47.049792],[85.540427,47.049865],[85.541432,47.050524],[85.543508,47.052182],[85.544245,47.052599],[85.546251,47.053499],[85.547345,47.053711],[85.548852,47.054456],[85.549448,47.054440],[85.551063,47.054017],[85.551711,47.053773],[85.552937,47.053051],[85.553816,47.052747],[85.554298,47.052437],[85.555265,47.051163],[85.555561,47.050946],[85.555992,47.050825],[85.557375,47.051092],[85.558582,47.051094],[85.559570,47.051294],[85.560289,47.051249],[85.561324,47.051428],[85.562667,47.051496],[85.564319,47.051414],[85.566364,47.050976],[85.568588,47.050130],[85.569342,47.049950],[85.569718,47.050195],[85.571541,47.052339],[85.572000,47.053465],[85.572930,47.055279],[85.573554,47.055967],[85.574990,47.057163],[85.576172,47.057575],[85.577118,47.058256],[85.578601,47.058860],[85.578923,47.059388],[85.579453,47.059615],[85.580351,47.059798],[85.581664,47.059887],[85.583424,47.059907],[85.584513,47.059794],[85.585425,47.060046],[85.586332,47.060497],[85.587869,47.060242],[85.588548,47.060004],[85.589437,47.059428],[85.592461,47.059181],[85.597105,47.059001],[85.600010,47.058638],[85.600643,47.058489],[85.603314,47.058312],[85.604990,47.058066],[85.606906,47.057513],[85.608303,47.056818],[85.608813,47.056667],[85.611105,47.056381],[85.611355,47.056217],[85.611657,47.055807],[85.612050,47.054847],[85.612625,47.054550],[85.613868,47.054503],[85.614295,47.054603],[85.615414,47.055204],[85.616538,47.056183],[85.617324,47.056655],[85.618206,47.056938],[85.619094,47.056981],[85.620539,47.056858],[85.622024,47.056385],[85.622879,47.055956],[85.623052,47.055790],[85.623314,47.055154],[85.623519,47.054937],[85.623802,47.054699],[85.624841,47.054282],[85.625277,47.054006],[85.626002,47.053287],[85.627134,47.052819],[85.629051,47.052289],[85.630330,47.051478],[85.631254,47.051343],[85.631621,47.051411],[85.632135,47.051711],[85.633726,47.053074],[85.635417,47.053584],[85.637042,47.054245],[85.637587,47.054567],[85.637868,47.054969],[85.639321,47.055795],[85.639981,47.056391],[85.640344,47.056590],[85.640787,47.056690],[85.642203,47.056552],[85.643737,47.055996],[85.644593,47.055556],[85.645275,47.055324],[85.645907,47.055228],[85.646844,47.055219],[85.647989,47.055497],[85.649155,47.055534],[85.650678,47.055423],[85.651856,47.055597],[85.652486,47.055595],[85.652933,47.055537],[85.654512,47.055066],[85.657039,47.054738],[85.657348,47.054669],[85.657743,47.054244],[85.657829,47.053868],[85.658089,47.053327],[85.658405,47.052985],[85.658555,47.052515],[85.659917,47.052052],[85.661754,47.051742],[85.663813,47.051073],[85.668732,47.050940],[85.669897,47.051050],[85.670369,47.051203],[85.670885,47.051435],[85.671319,47.051902],[85.672157,47.052186],[85.672756,47.052194],[85.676294,47.051382],[85.676956,47.051328],[85.678338,47.051337],[85.679838,47.051572],[85.682694,47.052229],[85.685238,47.053070],[85.687636,47.053652],[85.693702,47.055551],[85.695400,47.055815],[85.696352,47.055848],[85.699427,47.055679],[85.702479,47.055242],[85.704177,47.054865],[85.704467,47.054932],[85.705389,47.056160],[85.705750,47.056458],[85.707884,47.057114],[85.709665,47.058369],[85.710153,47.058501],[85.712097,47.058704],[85.713219,47.058666],[85.713729,47.058536],[85.714240,47.058364],[85.715795,47.057514],[85.716973,47.057036],[85.721361,47.055827],[85.723961,47.054905],[85.724659,47.054578],[85.726513,47.053401],[85.727518,47.053056],[85.728315,47.053045],[85.729888,47.053389],[85.732483,47.055190],[85.732847,47.055280],[85.733969,47.055213],[85.735455,47.054645],[85.737565,47.054261],[85.738569,47.053947],[85.739536,47.053214],[85.740820,47.051410],[85.741287,47.051143],[85.741655,47.051115],[85.742361,47.051135],[85.743704,47.051339],[85.744463,47.051683],[85.747259,47.053318],[85.747971,47.053630],[85.749173,47.053984],[85.750094,47.053920],[85.751811,47.053185],[85.752488,47.052713],[85.753694,47.052322],[85.756610,47.051944],[85.757747,47.052037],[85.759081,47.052537],[85.760761,47.052828],[85.761189,47.052843],[85.762485,47.052441],[85.762929,47.052395],[85.766497,47.052842],[85.768292,47.053205],[85.772697,47.055127],[85.773395,47.055629],[85.774385,47.056904],[85.774678,47.057028],[85.775342,47.057076],[85.775889,47.057061],[85.776395,47.056894],[85.779571,47.055640],[85.782992,47.053948],[85.783983,47.053886],[85.785542,47.054205],[85.785999,47.054219],[85.791905,47.053622],[85.794579,47.053525],[85.796069,47.053564],[85.797641,47.053902],[85.798882,47.054541],[85.799375,47.054940],[85.799980,47.055583],[85.802241,47.058776],[85.802751,47.059084],[85.803820,47.059447],[85.806244,47.060628],[85.807085,47.061323],[85.807987,47.061887],[85.808442,47.062033],[85.809976,47.062047],[85.812339,47.061339],[85.815794,47.060574],[85.818430,47.059473],[85.820435,47.058894],[85.821573,47.058777],[85.822251,47.058803],[85.822882,47.058990],[85.823271,47.059388],[85.823470,47.059734],[85.823819,47.060658],[85.824063,47.060984],[85.824383,47.061168],[85.826826,47.061452],[85.836487,47.062980],[85.837563,47.063019],[85.838865,47.062889],[85.843210,47.061852],[85.844365,47.061665],[85.846905,47.061574],[85.851535,47.061780],[85.852349,47.062364],[85.853100,47.063139],[85.853614,47.063933],[85.853933,47.064188],[85.854958,47.064602],[85.856311,47.064836],[85.858216,47.064761],[85.860808,47.063685],[85.861392,47.063305],[85.863337,47.062765],[85.864760,47.062524],[85.865884,47.062392],[85.869254,47.062234],[85.873802,47.062303],[85.877560,47.061987],[85.877882,47.062122],[85.880676,47.064190],[85.881194,47.064807],[85.881514,47.065053],[85.882115,47.065331],[85.885038,47.066167],[85.887553,47.066767],[85.888320,47.066854],[85.891883,47.066841],[85.892843,47.066911],[85.893372,47.067037],[85.894734,47.067657],[85.895889,47.068336],[85.897918,47.070363],[85.902074,47.074030],[85.902560,47.074156],[85.902947,47.074018],[85.905953,47.071791],[85.907103,47.071255],[85.908070,47.070961],[85.909585,47.070799],[85.911554,47.070736],[85.916334,47.070193],[85.917281,47.070233],[85.918063,47.070311],[85.918828,47.070633],[85.919527,47.071166],[85.920860,47.071938],[85.921150,47.072215],[85.921274,47.073415],[85.921418,47.073619],[85.922284,47.074022],[85.925859,47.074606],[85.926804,47.074934],[85.928755,47.074498],[85.933177,47.074028],[85.935878,47.073985],[85.936811,47.073844],[85.938397,47.074023],[85.938812,47.073877],[85.940593,47.072878],[85.941323,47.072866],[85.942376,47.073207],[85.943590,47.073755],[85.944194,47.073903],[85.946545,47.073995],[85.946957,47.074093],[85.947406,47.074332],[85.949082,47.075933],[85.950696,47.077172],[85.951611,47.077585],[85.952227,47.077760],[85.953366,47.077976],[85.954840,47.078002],[85.956785,47.077846],[85.958435,47.077320],[85.960246,47.076308],[85.963276,47.074262],[85.964527,47.073713],[85.966336,47.073490],[85.971048,47.073567],[85.973531,47.073493],[85.974990,47.073614],[85.978482,47.073378],[85.980074,47.073059],[85.981336,47.072689],[85.985194,47.071395],[85.987468,47.070727],[85.988672,47.070470],[85.989501,47.070390],[85.991804,47.069666],[85.993991,47.069259],[85.997098,47.068277],[86.001172,47.067255],[86.002399,47.067176],[86.005215,47.066576],[86.005750,47.066360],[86.006388,47.065766],[86.007103,47.063966],[86.007748,47.062981],[86.008759,47.062103],[86.009412,47.061398],[86.010492,47.059741],[86.013754,47.057174],[86.015213,47.056348],[86.017828,47.055582],[86.022429,47.054929],[86.024049,47.054902],[86.025650,47.054485],[86.029026,47.052279],[86.032672,47.050123],[86.032934,47.049931],[86.033145,47.049591],[86.034285,47.049001],[86.035929,47.048407],[86.036712,47.047989],[86.036975,47.047751],[86.037049,47.047418],[86.036602,47.046570],[86.036565,47.046338],[86.037556,47.045023],[86.041159,47.042134],[86.042239,47.041117],[86.043617,47.040084],[86.047324,47.038158],[86.050129,47.037196],[86.052503,47.036711],[86.053123,47.036291],[86.053196,47.035995],[86.053129,47.035179],[86.052452,47.034282],[86.050276,47.030542],[86.049755,47.030054],[86.048772,47.028783],[86.048714,47.026857],[86.049030,47.025125],[86.051920,47.025341],[86.062520,47.025743],[86.064679,47.026233],[86.065462,47.026514],[86.066864,47.026709],[86.071220,47.026810],[86.071993,47.026730],[86.072516,47.026380],[86.073317,47.026132],[86.074910,47.025932],[86.079093,47.025543],[86.080283,47.025506],[86.082723,47.025632],[86.083225,47.025704],[86.085130,47.026364],[86.087981,47.026437],[86.088731,47.026555],[86.089710,47.026901],[86.092788,47.028263],[86.093498,47.028487],[86.102935,47.029178],[86.105939,47.029261],[86.111032,47.029215],[86.112348,47.029611],[86.115289,47.030796],[86.116431,47.031075],[86.117931,47.031311],[86.120075,47.031417],[86.122203,47.031379],[86.125595,47.031691],[86.126347,47.031867],[86.128131,47.032082],[86.148222,47.034327],[86.178000,47.040002],[86.179000,47.040068],[86.180350,47.039839],[86.181586,47.039410],[86.183263,47.039314],[86.184675,47.039601],[86.186649,47.040477],[86.189399,47.041109],[86.191444,47.041316],[86.197773,47.041516],[86.200603,47.041878],[86.201023,47.042180],[86.201640,47.042350],[86.206264,47.043024],[86.206817,47.043213],[86.207868,47.043873],[86.208427,47.043835],[86.211807,47.044463],[86.213778,47.044988],[86.218695,47.045879],[86.222579,47.047000],[86.225075,47.047370],[86.233772,47.050562],[86.238985,47.051285],[86.244334,47.052931],[86.251139,47.052722],[86.252793,47.053078],[86.253753,47.053410],[86.256340,47.055424],[86.258308,47.056231],[86.261618,47.057289],[86.267709,47.058861],[86.272131,47.060129],[86.273635,47.061067],[86.274767,47.061517],[86.278089,47.061892],[86.279557,47.061903],[86.287954,47.064162],[86.292785,47.065719],[86.294474,47.066568],[86.299734,47.068706],[86.300789,47.068983],[86.306891,47.071254],[86.315326,47.076242],[86.317483,47.077773],[86.318024,47.077896],[86.318869,47.077903],[86.319583,47.077774],[86.319759,47.077375],[86.319765,47.076932],[86.319479,47.076269],[86.318492,47.074826],[86.317706,47.073006],[86.317643,47.072278],[86.317719,47.072011],[86.318003,47.071880],[86.322748,47.073639],[86.326788,47.074915],[86.330031,47.075333],[86.332904,47.075957],[86.339912,47.078175],[86.342409,47.079456],[86.350970,47.081910],[86.352939,47.082259],[86.354843,47.082916],[86.361965,47.083761],[86.366816,47.084815],[86.373404,47.086778],[86.373781,47.086622],[86.373988,47.086556],[86.374132,47.086529],[86.374451,47.086509],[86.377652,47.087242],[86.380157,47.087215],[86.389223,47.086985],[86.396862,47.087447],[86.397778,47.087595],[86.398197,47.087629],[86.408193,47.088048],[86.411079,47.087996],[86.414862,47.087304],[86.419164,47.087148],[86.420167,47.087019],[86.423511,47.086172],[86.425711,47.085955],[86.428824,47.084865],[86.432054,47.084084],[86.433842,47.083556],[86.434688,47.083183],[86.435456,47.083236],[86.437545,47.084129],[86.438738,47.084376],[86.442221,47.084830],[86.444339,47.085255],[86.445629,47.085652],[86.446332,47.086097],[86.448696,47.086087],[86.451523,47.086313],[86.454363,47.086346],[86.455969,47.086634],[86.458157,47.087216],[86.462418,47.087628],[86.465025,47.087717],[86.468889,47.087525],[86.469667,47.087661],[86.470756,47.088465],[86.471618,47.088726],[86.472458,47.088753],[86.475999,47.089161],[86.476836,47.089513],[86.477577,47.089665],[86.478515,47.089650],[86.480446,47.088984],[86.481481,47.088986],[86.482185,47.089254],[86.483469,47.089942],[86.484009,47.090736],[86.484908,47.090989],[86.486002,47.091116],[86.487330,47.090968],[86.490066,47.090262],[86.491356,47.090330],[86.492355,47.090182],[86.492711,47.089806],[86.492820,47.088628],[86.492569,47.087971],[86.491323,47.087126],[86.490381,47.086608],[86.489896,47.085824],[86.489590,47.085575],[86.489608,47.085030],[86.489437,47.083920],[86.488809,47.083224],[86.488065,47.082172],[86.488016,47.081693],[86.488178,47.081076],[86.489034,47.080038],[86.489207,47.078534],[86.489585,47.077568],[86.489863,47.077125],[86.490681,47.076196],[86.490762,47.075784],[86.490766,47.074427],[86.491227,47.072653],[86.493071,47.069217],[86.493527,47.068741],[86.494356,47.068391],[86.495520,47.067748],[86.496775,47.066500],[86.496579,47.066062],[86.496337,47.065770],[86.495438,47.065082],[86.493697,47.064249],[86.496571,47.063373],[86.498997,47.062951],[86.499901,47.062559],[86.502287,47.061757],[86.503994,47.061434],[86.505357,47.061344],[86.510078,47.061442],[86.517624,47.061319],[86.523773,47.060532],[86.526299,47.059855],[86.528652,47.059524],[86.529776,47.059041],[86.531778,47.058468],[86.534674,47.057311],[86.536710,47.056950],[86.539787,47.056090],[86.542623,47.054892],[86.546264,47.052668],[86.548694,47.051402],[86.550025,47.051112],[86.551597,47.051006],[86.554338,47.051145],[86.557431,47.051528],[86.561966,47.052533],[86.566214,47.053862],[86.567989,47.053704],[86.573795,47.052261],[86.577584,47.051947],[86.581133,47.051957],[86.587874,47.052706],[86.605276,47.055117],[86.614158,47.056609],[86.620796,47.057446],[86.631347,47.059193],[86.698637,47.069410],[86.701333,47.069117],[86.703975,47.068706],[86.704938,47.068681],[86.706024,47.068793],[86.708749,47.069470],[86.712501,47.071052],[86.715104,47.071937],[86.718225,47.072569],[86.724862,47.073238],[86.734004,47.073090],[86.737994,47.073263],[86.741297,47.073841],[86.745453,47.074784],[86.748570,47.075126],[86.750660,47.075511],[86.755247,47.076696],[86.757857,47.076978],[86.760645,47.077625],[86.777779,47.078175],[86.794166,47.079686],[86.798424,47.080025],[86.800341,47.080094],[86.802952,47.080446],[86.804271,47.080688],[86.804243,47.081177],[86.804595,47.082003],[86.806802,47.085416],[86.860946,47.093415],[86.898166,47.098824],[86.937766,47.104746],[86.978544,47.110689],[87.035189,47.119005],[87.037432,47.118878],[87.040668,47.118692],[87.040310,47.117072],[87.038985,47.097954],[87.037078,47.077873],[87.033360,47.031778],[87.031446,47.011929],[87.030686,47.001641],[87.029744,46.985673],[87.029262,46.972308],[87.029617,46.970851],[87.033538,46.967377],[87.035911,46.964872],[87.041491,46.961564],[87.045882,46.957523],[87.050743,46.951376],[87.051929,46.950082],[87.054301,46.948628],[87.056909,46.946364],[87.058569,46.945394],[87.062837,46.943942],[87.064377,46.942648],[87.065913,46.938114],[87.066503,46.935199],[87.067448,46.933499],[87.068395,46.932528],[87.077511,46.927026],[87.087211,46.920953],[87.096430,46.915037],[87.121568,46.899942],[87.183234,46.862184],[87.203685,46.849561],[87.203794,46.847050],[87.202677,46.800239],[87.202065,46.762416],[87.201580,46.726621],[87.201680,46.715726],[87.195381,46.708123],[87.181886,46.691828],[87.142245,46.639671],[87.096192,46.579741],[87.037192,46.503534],[87.037033,46.499623],[87.039142,46.496043],[87.081150,46.427598],[87.129581,46.348127],[87.171845,46.275389],[87.199764,46.228911],[87.234479,46.170765],[87.262241,46.125049],[87.300745,46.060484],[87.336082,46.005118],[87.336353,46.004268],[87.336580,46.003556],[87.337415,45.999996],[87.338260,45.996435],[87.338730,45.994423],[87.339278,45.990836],[87.339809,45.987245],[87.339870,45.986885],[87.340497,45.983302],[87.340984,45.980487],[87.341054,45.976878],[87.341123,45.973268],[87.341132,45.972934],[87.341201,45.969324],[87.341271,45.965710],[87.341271,45.965606],[87.340435,45.962047],[87.339607,45.958483],[87.339450,45.957802],[87.339433,45.954192],[87.339424,45.950582],[87.339406,45.946972],[87.339389,45.943362],[87.339371,45.939753],[87.339362,45.936143],[87.339344,45.932533],[87.339327,45.928919],[87.339309,45.925310],[87.339300,45.921704],[87.339283,45.918089],[87.339274,45.914480],[87.339256,45.910874],[87.339238,45.907256],[87.339229,45.903646],[87.339212,45.900040],[87.339194,45.896426],[87.339177,45.892817],[87.339168,45.889207],[87.339150,45.885592],[87.339132,45.881982],[87.339115,45.878373],[87.339106,45.874758],[87.339088,45.871153],[87.339079,45.867539],[87.339062,45.863925],[87.339044,45.860320],[87.339035,45.856705],[87.339017,45.853091],[87.339000,45.849485],[87.338982,45.845871],[87.338973,45.842262],[87.338956,45.838647],[87.338938,45.835037],[87.338920,45.831423],[87.338911,45.827814],[87.338902,45.824203],[87.338885,45.820589],[87.338867,45.816979],[87.338850,45.813365],[87.338841,45.809755],[87.338823,45.806140],[87.338805,45.802530],[87.338788,45.798920],[87.338779,45.795302],[87.338761,45.791696],[87.338743,45.788082],[87.338735,45.784469],[87.338717,45.780859],[87.338708,45.777243],[87.338690,45.773633],[87.338674,45.770019],[87.338656,45.766409],[87.338646,45.762796],[87.338630,45.759181],[87.338611,45.755570],[87.338593,45.751961],[87.338585,45.748347],[87.338567,45.744727],[87.338558,45.741117],[87.338541,45.737507],[87.338531,45.733888],[87.338515,45.730279],[87.338496,45.726669],[87.338478,45.723054],[87.338461,45.719440],[87.338452,45.715826],[87.338435,45.712215],[87.338416,45.708601],[87.338408,45.704986],[87.338391,45.701376],[87.338381,45.697762],[87.338363,45.694147],[87.338346,45.690532],[87.338337,45.686918],[87.338319,45.683308],[87.338302,45.679689],[87.338285,45.676078],[87.338275,45.672464],[87.338257,45.668854],[87.338248,45.665235],[87.338231,45.661625],[87.338213,45.658009],[87.338204,45.654396],[87.338187,45.650780],[87.338169,45.647166],[87.338151,45.643551],[87.338142,45.639941],[87.338126,45.636322],[87.338107,45.632708],[87.338089,45.629093],[87.338082,45.625478],[87.338073,45.621864],[87.338054,45.618248],[87.338037,45.614634],[87.338020,45.611023],[87.338011,45.607409],[87.337993,45.603790],[87.337976,45.600175],[87.337958,45.596560],[87.337949,45.592945],[87.337940,45.589331],[87.337922,45.585716],[87.337905,45.582101],[87.337887,45.578486],[87.337878,45.574871],[87.337861,45.571255],[87.337843,45.567636],[87.337825,45.564022],[87.337815,45.560411],[87.337807,45.556792],[87.337789,45.553177],[87.337772,45.549562],[87.337754,45.545947],[87.337745,45.542332],[87.337728,45.538713],[87.337710,45.535098],[87.337693,45.531483],[87.337684,45.527868],[87.337665,45.524253],[87.337649,45.520633],[87.337640,45.517018],[87.337631,45.513399],[87.337613,45.509788],[87.337595,45.506169],[87.337578,45.502553],[87.337569,45.498934],[87.337551,45.495319],[87.337534,45.491704],[87.337516,45.488088],[87.337507,45.484473],[87.337498,45.480854],[87.337481,45.477234],[87.337463,45.473619],[87.337445,45.470004],[87.337436,45.466388],[87.337419,45.462769],[87.337401,45.459149],[87.337383,45.455534],[87.337375,45.451914],[87.337366,45.448303],[87.337348,45.444684],[87.337330,45.441064],[87.337313,45.437449],[87.337304,45.433829],[87.337286,45.430213],[87.337269,45.426598],[87.337251,45.422978],[87.337242,45.419359],[87.337233,45.415743],[87.337215,45.412123],[87.337194,45.408506],[87.337177,45.404886],[87.337168,45.401271],[87.337150,45.397651],[87.337132,45.394031],[87.337115,45.390415],[87.337106,45.386795],[87.337097,45.383180],[87.337079,45.379564],[87.337062,45.375944],[87.337053,45.372325],[87.337035,45.368705],[87.337017,45.365085],[87.337000,45.361469],[87.336982,45.357849],[87.336973,45.354233],[87.336956,45.350613],[87.336947,45.346993],[87.336929,45.343373],[87.336920,45.339758],[87.336902,45.336138],[87.336885,45.332518],[87.336876,45.330604],[87.004095,45.331205],[86.980641,45.331265],[86.957290,45.331325],[86.942199,45.331364],[86.913536,45.331437],[86.781294,45.331777],[86.750468,45.331855],[86.703771,45.331976],[86.627885,45.332169],[86.613977,45.332205],[86.583257,45.332284],[86.558517,45.332347],[86.487103,45.332530],[86.458624,45.332484],[86.431847,45.332440],[86.398869,45.332386],[86.374149,45.332346],[86.316504,45.332252],[85.666864,45.331195],[85.664323,45.331520],[85.659267,45.332166],[85.611501,45.332292],[85.606370,45.332212],[85.601248,45.332124],[85.596118,45.332037],[85.590982,45.331956],[85.588442,45.331845],[85.583325,45.331614],[85.578210,45.331384],[85.573106,45.331155],[85.567995,45.330927],[85.563362,45.331060],[85.558254,45.331208],[85.553137,45.331361],[85.548032,45.331510],[85.542919,45.331661],[85.537807,45.331808],[85.535706,45.331800],[85.530594,45.331770],[85.525493,45.331740],[85.520375,45.331720],[85.515275,45.331692],[85.510159,45.331663],[85.505050,45.331640],[85.499951,45.331611],[85.499683,45.331621],[85.494575,45.331792],[85.489475,45.331968],[85.484374,45.332139],[85.479264,45.332305],[85.474162,45.332476],[85.469051,45.332649],[85.463947,45.332818],[85.460573,45.332870],[85.455458,45.332950],[85.450344,45.333030],[85.445227,45.333109],[85.332420,45.333110],[85.327275,45.332961],[85.322130,45.332804],[85.317550,45.332739],[85.312407,45.332664],[85.307271,45.332586],[85.302119,45.332512],[85.296976,45.332439],[85.291835,45.332367],[85.287590,45.332140],[85.282460,45.331878],[85.277338,45.331608],[85.272209,45.331339],[85.267091,45.331075],[85.261965,45.330808],[85.261008,45.330699],[85.255945,45.330125],[85.250874,45.329543],[85.245813,45.328971],[85.244937,45.331679],[85.243799,45.335204],[85.242664,45.338734],[85.241917,45.340895],[85.240719,45.344412],[85.240250,45.346382],[85.239409,45.349951],[85.238576,45.353519],[85.238395,45.354938],[85.237960,45.358546],[85.239020,45.360754],[85.240668,45.364182],[85.242326,45.367606],[85.244245,45.369155],[85.244982,45.369752],[85.239926,45.375002],[85.239505,45.375559],[85.241500,45.378890],[85.244613,45.383676],[85.245674,45.385790],[85.247209,45.387894],[85.249430,45.391262],[85.251098,45.394121],[85.252486,45.396039],[85.274884,45.410564],[85.276601,45.411877],[85.277421,45.413005],[85.280180,45.417282],[85.280690,45.417901],[85.280968,45.418135],[85.281360,45.418167],[85.281746,45.418336],[85.282504,45.418845],[85.282845,45.419549],[85.282994,45.420712],[85.283475,45.421363],[85.285904,45.421648],[85.287875,45.422052],[85.288327,45.422074],[85.289425,45.421933],[85.292132,45.421369],[85.294252,45.420714],[85.296977,45.420444],[85.297917,45.420034],[85.298515,45.419629],[85.299382,45.419349],[85.302359,45.419296],[85.304240,45.418837],[85.304967,45.418522],[85.305372,45.418466],[85.306152,45.418660],[85.306890,45.419217],[85.307868,45.419714],[85.311911,45.421042],[85.313383,45.421876],[85.314344,45.421992],[85.315424,45.422276],[85.316573,45.422390],[85.318510,45.423041],[85.320416,45.423478],[85.321419,45.423481],[85.323169,45.423247],[85.350596,45.427984],[85.353714,45.428770],[85.363444,45.430923],[85.382025,45.434854],[85.388119,45.436233],[85.389236,45.436642],[85.391743,45.437899],[85.394499,45.439577],[85.397776,45.441321],[85.410459,45.448403],[85.413079,45.450202],[85.419635,45.453808],[85.421020,45.454754],[85.423533,45.455673],[85.426076,45.456767],[85.429133,45.457717],[85.430738,45.458423],[85.432724,45.459041],[85.433684,45.459471],[85.434431,45.459881],[85.438952,45.464425],[85.443933,45.468998],[85.447196,45.472287],[85.451448,45.476207],[85.461911,45.486429],[85.463990,45.488349],[85.473224,45.496681],[85.475864,45.498849],[85.478668,45.501536],[85.483167,45.505238],[85.491699,45.512643],[85.492423,45.513461],[85.492907,45.514376],[85.493936,45.516617],[85.498315,45.525474],[85.501974,45.533638],[85.502431,45.534166],[85.509050,45.544458],[85.510246,45.546683],[85.511350,45.548152],[85.511720,45.548477],[85.514186,45.549914],[85.516084,45.550893],[85.522878,45.555230],[85.529052,45.558918],[85.531373,45.560542],[85.532807,45.562811],[85.533685,45.563915],[85.534494,45.565368],[85.536554,45.568174],[85.538421,45.571067],[85.540626,45.574230],[85.541017,45.574927],[85.541248,45.575627],[85.543435,45.586875],[85.543583,45.587774],[85.543541,45.588985],[85.543893,45.589344],[85.544263,45.589469],[85.545157,45.589557],[85.545343,45.589668],[85.545755,45.590712],[85.546096,45.590837],[85.546446,45.591304],[85.547013,45.592270],[85.547335,45.593113],[85.547775,45.593318],[85.548414,45.593346],[85.549316,45.593159],[85.550272,45.593111],[85.552804,45.593539],[85.553237,45.593752],[85.553431,45.594063],[85.553557,45.595380],[85.553770,45.595670],[85.556310,45.597001],[85.556444,45.597299],[85.556215,45.597672],[85.556218,45.598014],[85.556452,45.598184],[85.556670,45.598266],[85.558005,45.598268],[85.558423,45.598347],[85.561943,45.600165],[85.563808,45.600352],[85.564699,45.600584],[85.565672,45.601037],[85.566396,45.601751],[85.566762,45.602709],[85.566627,45.604317],[85.566925,45.604993],[85.566394,45.605354],[85.566016,45.605480],[85.565547,45.605930],[85.564685,45.606505],[85.564288,45.607340],[85.564341,45.607582],[85.564574,45.607819],[85.565605,45.608064],[85.568145,45.608134],[85.568136,45.608522],[85.566842,45.609402],[85.566243,45.610092],[85.565665,45.611343],[85.565793,45.612351],[85.566548,45.613023],[85.567071,45.613354],[85.567389,45.613861],[85.567352,45.614314],[85.567208,45.614561],[85.566198,45.615614],[85.566144,45.615841],[85.566165,45.615986],[85.566930,45.616817],[85.566997,45.617204],[85.567230,45.617357],[85.567646,45.617376],[85.570295,45.616982],[85.570819,45.617059],[85.571710,45.617545],[85.572311,45.618086],[85.573470,45.618851],[85.573695,45.619290],[85.574954,45.619548],[85.575126,45.619859],[85.575074,45.620681],[85.575288,45.620915],[85.575457,45.621334],[85.576967,45.623104],[85.577869,45.624534],[85.580065,45.627006],[85.587104,45.633628],[85.590981,45.637499],[85.592552,45.638888],[85.594667,45.639974],[85.595959,45.640432],[85.596793,45.641140],[85.596916,45.641458],[85.596723,45.641895],[85.595377,45.643271],[85.594897,45.644121],[85.594809,45.647016],[85.595481,45.648132],[85.595346,45.648519],[85.594543,45.649486],[85.594199,45.650382],[85.593968,45.650722],[85.591969,45.651627],[85.591807,45.651800],[85.591828,45.651907],[85.592194,45.652164],[85.591943,45.652393],[85.591601,45.652516],[85.590601,45.652554],[85.590122,45.652770],[85.590070,45.652934],[85.590376,45.653330],[85.590632,45.653467],[85.591315,45.653602],[85.591509,45.653964],[85.591597,45.654420],[85.598573,45.674787],[85.602715,45.687632],[85.605036,45.693723],[85.606565,45.698336],[85.610951,45.710015],[85.612308,45.713974],[85.613258,45.718980],[85.614121,45.722615],[85.616244,45.738141],[85.616817,45.742924],[85.617840,45.747004],[85.619031,45.752431],[85.619466,45.753655],[85.620548,45.758705],[85.621361,45.763049],[85.623848,45.764384],[85.626155,45.765851],[85.629469,45.767639],[85.635886,45.771674],[85.637292,45.772361],[85.640834,45.773736],[85.642495,45.775236],[85.642808,45.775641],[85.642632,45.776515],[85.642265,45.777329],[85.642255,45.777729],[85.642368,45.778015],[85.642924,45.778774],[85.643857,45.779254],[85.644430,45.779303],[85.645935,45.779875],[85.646768,45.780554],[85.647726,45.781510],[85.647936,45.782198],[85.647929,45.782507],[85.647769,45.782688],[85.647056,45.782988],[85.645335,45.783407],[85.643615,45.784261],[85.643342,45.784700],[85.643230,45.785826],[85.642984,45.786615],[85.642047,45.787246],[85.641690,45.787659],[85.641650,45.788351],[85.642287,45.789195],[85.648832,45.794134],[85.649649,45.794951],[85.651549,45.796334],[85.652594,45.796891],[85.653672,45.797623],[85.655407,45.799104],[85.656661,45.799751],[85.657648,45.800737],[85.659419,45.802252],[85.659857,45.802479],[85.661501,45.802543],[85.662173,45.802987],[85.662803,45.803688],[85.663275,45.803983],[85.663761,45.804156],[85.665216,45.804151],[85.665800,45.804259],[85.666376,45.804722],[85.666458,45.805295],[85.666654,45.805598],[85.666949,45.805765],[85.668292,45.805963],[85.669751,45.806534],[85.670061,45.806839],[85.670074,45.807027],[85.669786,45.807829],[85.669907,45.808006],[85.670174,45.808088],[85.671695,45.808084],[85.672698,45.807956],[85.673043,45.808035],[85.673557,45.808351],[85.673730,45.808354],[85.673892,45.808348],[85.674342,45.808045],[85.674952,45.807832],[85.675929,45.808033],[85.676270,45.808313],[85.676408,45.808544],[85.676281,45.809085],[85.676317,45.809595],[85.677272,45.809971],[85.678896,45.810415],[85.679789,45.810890],[85.681068,45.810974],[85.681353,45.811078],[85.681795,45.811615],[85.681852,45.812000],[85.682068,45.812224],[85.684363,45.812376],[85.684593,45.812525],[85.684845,45.812791],[85.684892,45.813301],[85.684326,45.813966],[85.684396,45.814309],[85.684708,45.814501],[85.686134,45.815217],[85.687856,45.815307],[85.688076,45.815410],[85.688288,45.815797],[85.688298,45.816127],[85.688468,45.816297],[85.689287,45.816353],[85.690339,45.816167],[85.690655,45.816225],[85.691009,45.816706],[85.691108,45.817041],[85.691094,45.817659],[85.691224,45.817736],[85.691668,45.817700],[85.692214,45.817386],[85.693105,45.817176],[85.693399,45.817389],[85.693518,45.817666],[85.693512,45.817946],[85.692901,45.818476],[85.692752,45.818675],[85.692779,45.818830],[85.693625,45.819237],[85.694201,45.819708],[85.694564,45.819813],[85.695479,45.819846],[85.695667,45.819995],[85.695708,45.820271],[85.694989,45.821055],[85.694953,45.821309],[85.695582,45.821551],[85.695675,45.821707],[85.695760,45.822138],[85.695559,45.822565],[85.695628,45.822909],[85.695912,45.823079],[85.697083,45.823182],[85.699151,45.822821],[85.699701,45.822854],[85.699888,45.823044],[85.699883,45.823253],[85.699552,45.823845],[85.699546,45.824087],[85.699701,45.824357],[85.700625,45.824774],[85.701167,45.825181],[85.701796,45.825398],[85.704072,45.825595],[85.704702,45.825812],[85.704754,45.826134],[85.703979,45.826763],[85.703835,45.827049],[85.703926,45.827225],[85.704712,45.827403],[85.705273,45.827740],[85.705686,45.827770],[85.706063,45.827742],[85.706848,45.827464],[85.707657,45.827428],[85.707762,45.827550],[85.707677,45.827850],[85.707340,45.828201],[85.706991,45.828789],[85.707081,45.829036],[85.707298,45.829202],[85.708200,45.829314],[85.708340,45.829462],[85.708292,45.829958],[85.708373,45.830088],[85.708863,45.830141],[85.709518,45.829740],[85.709934,45.829603],[85.710723,45.829676],[85.711101,45.829881],[85.711174,45.830082],[85.711091,45.830323],[85.710422,45.831046],[85.710460,45.831443],[85.710755,45.831643],[85.711559,45.831832],[85.712029,45.832214],[85.712905,45.832609],[85.713294,45.832869],[85.713506,45.833281],[85.713677,45.833404],[85.714023,45.833454],[85.714612,45.833349],[85.716369,45.833417],[85.716555,45.833649],[85.716502,45.833895],[85.715573,45.834213],[85.715218,45.834563],[85.715154,45.834750],[85.715211,45.834843],[85.715635,45.835026],[85.717916,45.835115],[85.718874,45.835335],[85.719422,45.835718],[85.719436,45.836403],[85.719734,45.836465],[85.721396,45.836486],[85.722460,45.836298],[85.723659,45.836434],[85.723667,45.836856],[85.722496,45.837601],[85.722101,45.838106],[85.722074,45.838778],[85.722564,45.839314],[85.723192,45.839589],[85.724271,45.839468],[85.726044,45.838872],[85.726738,45.838860],[85.726908,45.838991],[85.727015,45.839293],[85.726975,45.839489],[85.725282,45.841059],[85.725355,45.841281],[85.725652,45.841351],[85.726846,45.841191],[85.727287,45.841284],[85.727610,45.841521],[85.727944,45.841555],[85.728679,45.841355],[85.729517,45.841311],[85.729706,45.841434],[85.729825,45.841690],[85.729724,45.841923],[85.729158,45.842388],[85.729121,45.842696],[85.729262,45.842798],[85.729626,45.842823],[85.729988,45.842686],[85.731052,45.841939],[85.731958,45.841803],[85.732106,45.842135],[85.731946,45.843636],[85.732099,45.843993],[85.732329,45.844150],[85.733411,45.843920],[85.733679,45.843945],[85.733974,45.844115],[85.734195,45.844414],[85.734008,45.844755],[85.732866,45.845768],[85.732839,45.846189],[85.734333,45.846482],[85.734695,45.846620],[85.734911,45.846865],[85.734907,45.847019],[85.734648,45.847379],[85.733670,45.847777],[85.733653,45.847986],[85.733776,45.848087],[85.734656,45.848352],[85.734884,45.848810],[85.735116,45.848888],[85.735373,45.848891],[85.735549,45.848772],[85.736021,45.848268],[85.736323,45.848130],[85.736670,45.848113],[85.736908,45.848157],[85.737496,45.848607],[85.739238,45.848527],[85.740742,45.849141],[85.741806,45.849717],[85.742208,45.850144],[85.742265,45.850541],[85.742135,45.850761],[85.741276,45.851477],[85.741316,45.851812],[85.741570,45.851936],[85.742059,45.851975],[85.742601,45.851826],[85.743752,45.851927],[85.743987,45.851863],[85.744279,45.851612],[85.745014,45.851357],[85.745958,45.851376],[85.746308,45.851514],[85.746507,45.851704],[85.746520,45.851904],[85.746000,45.852449],[85.746026,45.852604],[85.746292,45.852728],[85.746850,45.852660],[85.747589,45.852764],[85.747698,45.852945],[85.747610,45.853916],[85.747722,45.854026],[85.748883,45.854461],[85.749376,45.854884],[85.749371,45.855084],[85.749033,45.855489],[85.749077,45.855665],[85.750781,45.855651],[85.751208,45.855789],[85.751483,45.856055],[85.751522,45.856431],[85.751354,45.857018],[85.751409,45.857228],[85.751550,45.857329],[85.752687,45.857268],[85.752979,45.857003],[85.754552,45.856135],[85.755116,45.856049],[85.755433,45.856278],[85.755425,45.856654],[85.755226,45.857002],[85.754423,45.857611],[85.754356,45.857945],[85.754532,45.858097],[85.755794,45.858294],[85.755968,45.859089],[85.755728,45.860189],[85.755998,45.860417],[85.756417,45.860423],[85.757595,45.860076],[85.758346,45.860194],[85.758940,45.860825],[85.759178,45.861422],[85.758914,45.862012],[85.757632,45.862749],[85.757329,45.863456],[85.757573,45.863767],[85.757859,45.863812],[85.758267,45.863708],[85.760193,45.862585],[85.760634,45.862589],[85.761821,45.863462],[85.762533,45.863670],[85.763260,45.863744],[85.763724,45.864342],[85.763899,45.865095],[85.764523,45.865544],[85.764481,45.865761],[85.763735,45.866597],[85.763825,45.866865],[85.764168,45.866952],[85.765500,45.866682],[85.766169,45.866689],[85.766394,45.866775],[85.765386,45.868067],[85.765751,45.868271],[85.766858,45.868458],[85.767036,45.869061],[85.767533,45.869241],[85.769099,45.868639],[85.769446,45.868685],[85.769440,45.868885],[85.769042,45.869674],[85.768974,45.870033],[85.769157,45.870360],[85.769522,45.870589],[85.770034,45.870678],[85.772885,45.870264],[85.773325,45.870319],[85.773656,45.871074],[85.773936,45.871335],[85.774242,45.871497],[85.775101,45.871530],[85.775345,45.871858],[85.775183,45.872166],[85.774467,45.872693],[85.774377,45.872960],[85.774460,45.873069],[85.774874,45.873182],[85.775725,45.873082],[85.777155,45.872611],[85.777598,45.872591],[85.777917,45.872753],[85.777874,45.873061],[85.776083,45.874121],[85.776080,45.874279],[85.777014,45.874681],[85.777389,45.875044],[85.777718,45.875798],[85.778000,45.875993],[85.779617,45.875792],[85.780605,45.875317],[85.780952,45.875337],[85.781105,45.875431],[85.780942,45.875780],[85.779606,45.876276],[85.779597,45.876677],[85.779976,45.876856],[85.780357,45.876835],[85.780986,45.876515],[85.782252,45.876435],[85.782532,45.876789],[85.782791,45.878035],[85.783062,45.878673],[85.783496,45.879036],[85.784030,45.879191],[85.785212,45.879737],[85.785431,45.880065],[85.785516,45.880533],[85.786048,45.880822],[85.787310,45.880926],[85.788005,45.880841],[85.791054,45.880009],[85.791742,45.880216],[85.791828,45.880593],[85.791727,45.880834],[85.790442,45.881791],[85.790314,45.882215],[85.790389,45.882633],[85.790703,45.882945],[85.791297,45.883059],[85.792094,45.882649],[85.793168,45.882634],[85.794321,45.883421],[85.795417,45.884024],[85.796395,45.884017],[85.797186,45.883849],[85.797686,45.883962],[85.798283,45.884476],[85.798319,45.885512],[85.798429,45.885997],[85.798706,45.886417],[85.799514,45.887093],[85.799787,45.887755],[85.800125,45.888134],[85.800467,45.888270],[85.801696,45.888281],[85.801979,45.888443],[85.802013,45.888551],[85.801656,45.889033],[85.801613,45.889408],[85.801798,45.889652],[85.802292,45.889923],[85.803175,45.889973],[85.804441,45.889876],[85.804591,45.890161],[85.804618,45.890537],[85.804839,45.890806],[85.805551,45.891013],[85.805889,45.891350],[85.806009,45.891877],[85.805784,45.892359],[85.805837,45.892694],[85.807429,45.893501],[85.808461,45.893802],[85.808933,45.894049],[85.809858,45.894850],[85.810521,45.895098],[85.813021,45.894744],[85.813617,45.894749],[85.813924,45.894927],[85.814204,45.895197],[85.814140,45.895397],[85.813277,45.896182],[85.813319,45.896959],[85.814537,45.897479],[85.815918,45.897600],[85.816235,45.897861],[85.816346,45.898221],[85.815703,45.899318],[85.815313,45.899715],[85.815426,45.900000],[85.815685,45.900136],[85.816663,45.900103],[85.818198,45.900333],[85.821633,45.902041],[85.821972,45.902378],[85.821872,45.902594],[85.820615,45.902809],[85.820095,45.903138],[85.820160,45.903448],[85.821533,45.903944],[85.823105,45.904066],[85.823351,45.904285],[85.823571,45.904579],[85.823529,45.904862],[85.823111,45.905477],[85.822806,45.906359],[85.823048,45.906762],[85.823713,45.906918],[85.824118,45.906921],[85.824718,45.906751],[85.825613,45.906717],[85.826555,45.906725],[85.827781,45.906869],[85.828063,45.907088],[85.828004,45.908173],[85.828286,45.908376],[85.829792,45.908740],[85.830770,45.908790],[85.831645,45.909173],[85.832407,45.909246],[85.832653,45.909423],[85.833266,45.910364],[85.833955,45.910478],[85.834616,45.910834],[85.834610,45.911101],[85.834371,45.911717],[85.834386,45.912711],[85.834840,45.913182],[85.835809,45.913675],[85.836313,45.914122],[85.836705,45.914743],[85.837171,45.915273],[85.837316,45.915783],[85.837020,45.916265],[85.836477,45.918248],[85.837005,45.918678],[85.838918,45.919045],[85.839296,45.919223],[85.839444,45.919558],[85.839417,45.919733],[85.838701,45.920320],[85.838532,45.920962],[85.838559,45.921405],[85.838992,45.921826],[85.839719,45.921857],[85.844881,45.920881],[85.848151,45.921460],[85.848613,45.922199],[85.849906,45.923712],[85.850433,45.924134],[85.850813,45.924271],[85.851184,45.924232],[85.851606,45.924052],[85.852106,45.924081],[85.852136,45.924391],[85.851825,45.925557],[85.852044,45.925918],[85.852448,45.926005],[85.852831,45.925991],[85.853974,45.925533],[85.855098,45.924833],[85.856171,45.924341],[85.857166,45.924082],[85.858592,45.923852],[85.860759,45.924088],[85.862513,45.924704],[85.864471,45.924696],[85.865959,45.924926],[85.866837,45.925200],[85.867237,45.925513],[85.867743,45.927020],[85.868023,45.927373],[85.868960,45.927690],[85.869491,45.928004],[85.869650,45.928364],[85.869699,45.928916],[85.869103,45.930063],[85.868712,45.930452],[85.868707,45.930719],[85.868932,45.930829],[85.870759,45.930828],[85.871175,45.930941],[85.871361,45.931184],[85.870825,45.932282],[85.870376,45.932654],[85.870406,45.932896],[85.870655,45.933007],[85.873880,45.933018],[85.875296,45.933273],[85.875765,45.933694],[85.875971,45.934180],[85.876344,45.934610],[85.877700,45.934930],[85.879694,45.934990],[85.881448,45.935715],[85.881532,45.936284],[85.880703,45.936527],[85.880602,45.936785],[85.880656,45.937052],[85.880878,45.937322],[85.880870,45.937714],[85.880729,45.938180],[85.880341,45.938444],[85.879932,45.938591],[85.879674,45.938947],[85.879814,45.939700],[85.881168,45.940105],[85.883255,45.939748],[85.884089,45.939271],[85.885400,45.938907],[85.886214,45.938806],[85.886882,45.938895],[85.887352,45.939300],[85.887688,45.939854],[85.888394,45.941030],[85.888571,45.941699],[85.888369,45.942249],[85.887811,45.943279],[85.886570,45.943735],[85.885772,45.943569],[85.884360,45.943047],[85.883037,45.942885],[85.881554,45.942939],[85.879542,45.943739],[85.878029,45.945295],[85.877678,45.945484],[85.875816,45.945401],[85.875298,45.945580],[85.875042,45.945837],[85.875038,45.946062],[85.876426,45.947711],[85.876764,45.948173],[85.876853,45.948483],[85.876787,45.948791],[85.875288,45.949621],[85.875283,45.949888],[85.875490,45.950266],[85.875866,45.950620],[85.876806,45.950829],[85.878668,45.950912],[85.879274,45.951109],[85.879387,45.951444],[85.879411,45.952021],[85.879808,45.952483],[85.880276,45.952955],[85.881120,45.953188],[85.882171,45.953239],[85.882730,45.953378],[85.883842,45.953405],[85.884290,45.953100],[85.886076,45.952297],[85.886618,45.952110],[85.887285,45.952200],[85.887587,45.952670],[85.886523,45.953830],[85.886577,45.954139],[85.886898,45.954234],[85.888285,45.954221],[85.889163,45.954605],[85.890588,45.954510],[85.891472,45.954559],[85.891943,45.954898],[85.892586,45.955672],[85.892904,45.955900],[85.893979,45.956019],[85.895021,45.955937],[85.895495,45.956141],[85.895737,45.956611],[85.895630,45.957203],[85.895163,45.958418],[85.895601,45.958639],[85.895985,45.958601],[85.897130,45.958169],[85.900917,45.957278],[85.902975,45.957339],[85.903377,45.957569],[85.904236,45.958946],[85.903907,45.959820],[85.903576,45.960259],[85.901386,45.960798],[85.899058,45.961719],[85.898282,45.962263],[85.897353,45.963248],[85.897047,45.964155],[85.897291,45.964533],[85.898117,45.964516],[85.899323,45.964085],[85.902532,45.963414],[85.907337,45.962575],[85.908997,45.962191],[85.910351,45.962162],[85.911116,45.962262],[85.911362,45.962548],[85.911308,45.963432],[85.910607,45.963776],[85.909899,45.964454],[85.909307,45.965308],[85.909709,45.966197],[85.910608,45.966782],[85.911651,45.967318],[85.913685,45.966854],[85.914954,45.966917],[85.916243,45.967172],[85.917956,45.967189],[85.918373,45.967277],[85.918776,45.967507],[85.919171,45.968471],[85.919375,45.969387],[85.919612,45.969523],[85.919971,45.969527],[85.920646,45.969379],[85.926581,45.967453],[85.928206,45.967136],[85.929141,45.966528],[85.930014,45.965385],[85.930562,45.964974],[85.931070,45.964762],[85.932252,45.964399],[85.933780,45.964173],[85.935829,45.963635],[85.940102,45.962295],[85.940510,45.962300],[85.940865,45.962571],[85.943159,45.963715],[85.943905,45.964257],[85.943991,45.964768],[85.943621,45.965933],[85.942939,45.967077],[85.941644,45.968257],[85.941122,45.968577],[85.939378,45.968800],[85.938796,45.969128],[85.938320,45.969524],[85.938175,45.970223],[85.938038,45.970447],[85.937374,45.970682],[85.936071,45.972305],[85.933704,45.973098],[85.932487,45.973986],[85.931922,45.975308],[85.932307,45.976506],[85.933207,45.977710],[85.936404,45.979973],[85.939606,45.981928],[85.939908,45.982458],[85.939762,45.983207],[85.938262,45.986949],[85.937940,45.987454],[85.937515,45.987734],[85.937044,45.987846],[85.936717,45.988034],[85.935745,45.989268],[85.935898,45.991273],[85.936300,45.991586],[85.937221,45.991797],[85.938330,45.992184],[85.939468,45.992289],[85.941369,45.992702],[85.942276,45.993004],[85.943156,45.993431],[85.946220,45.995218],[85.949251,45.997565],[85.951829,45.999097],[85.954629,46.001292],[85.954572,46.001842],[85.953434,46.004183],[85.952155,46.006373],[85.952039,46.007416],[85.952021,46.009603],[85.952203,46.013980],[85.952083,46.018371],[85.952169,46.018948],[85.952694,46.019747],[85.955592,46.022894],[85.960603,46.028787],[85.961183,46.029938],[85.961456,46.030759],[85.961583,46.032306],[85.961561,46.033524],[85.962103,46.038565],[85.962491,46.044799],[85.964009,46.045325],[85.966541,46.046373],[85.973524,46.049460],[85.985687,46.054479],[85.986665,46.055000],[85.988283,46.055462],[86.002288,46.058699],[86.004789,46.059147],[86.005770,46.059517],[86.010262,46.061641],[86.013931,46.063161],[86.016021,46.064188],[86.024301,46.067948],[86.024510,46.068392],[86.024289,46.070001],[86.022811,46.072498],[86.019954,46.074060],[86.016426,46.076625],[86.014609,46.078549],[86.013748,46.080125],[86.013017,46.081954],[86.011924,46.086408],[86.011520,46.087464],[86.011306,46.088631],[86.010502,46.090449],[86.009489,46.091857],[86.006574,46.094725],[86.003419,46.097238],[86.002943,46.097963],[86.002722,46.098867],[86.002846,46.099666],[86.004132,46.100787],[86.004795,46.101497],[86.005155,46.102236],[86.004890,46.103288],[86.004232,46.104300],[86.003548,46.105072],[86.002356,46.106056],[86.000671,46.106925],[85.999572,46.107623],[85.998567,46.108563],[85.998438,46.110331],[85.997772,46.112502],[85.996813,46.114111],[85.995786,46.116219],[85.993150,46.123896],[85.992572,46.124482],[85.990004,46.126471],[85.979606,46.133229],[85.955583,46.149150],[85.932525,46.163944],[85.926932,46.167917],[85.922256,46.170884],[85.909065,46.179001],[85.905907,46.181238],[85.905342,46.181541],[85.902921,46.181839],[85.898403,46.182168],[85.892298,46.182257],[85.887940,46.182460],[85.884824,46.182464],[85.879360,46.182657],[85.873784,46.183581],[85.868340,46.184285],[85.863022,46.185100],[85.862753,46.185064],[85.862522,46.184920],[85.860274,46.183122],[85.859208,46.182483],[85.858347,46.181758],[85.856673,46.180662],[85.855212,46.180019],[85.854519,46.179871],[85.853692,46.179898],[85.852993,46.180067],[85.851324,46.180187],[85.850067,46.180398],[85.846746,46.181242],[85.845543,46.182017],[85.844119,46.181905],[85.843509,46.182130],[85.842205,46.182286],[85.841909,46.182129],[85.841586,46.181805],[85.841218,46.181029],[85.840802,46.180575],[85.839542,46.180076],[85.839112,46.179997],[85.838609,46.180014],[85.837915,46.180484],[85.837518,46.180556],[85.836218,46.180536],[85.833291,46.180950],[85.830131,46.181278],[85.828417,46.181285],[85.827851,46.181159],[85.826593,46.180551],[85.825908,46.180612],[85.824920,46.180879],[85.823747,46.180794],[85.823038,46.180049],[85.822105,46.179653],[85.817634,46.179636],[85.817037,46.179530],[85.814658,46.178132],[85.814168,46.178040],[85.813860,46.178146],[85.809281,46.183154],[85.806874,46.186072],[85.806611,46.186278],[85.804527,46.187287],[85.798150,46.190123],[85.793030,46.192230],[85.792143,46.192731],[85.791455,46.192892],[85.783818,46.192840],[85.764816,46.193001],[85.752604,46.192935],[85.741937,46.192673],[85.716814,46.192893],[85.713002,46.193121],[85.711919,46.193095],[85.706253,46.192163],[85.705043,46.192113],[85.704482,46.192139],[85.701176,46.193104],[85.698065,46.193158],[85.696236,46.193025],[85.694054,46.192266],[85.692632,46.192247],[85.688646,46.191813],[85.683151,46.191216],[85.680261,46.190814],[85.679874,46.190841],[85.677226,46.192188],[85.671311,46.194712],[85.662781,46.198651],[85.660750,46.199354],[85.660119,46.199763],[85.660015,46.200096],[85.660058,46.200292],[85.660442,46.200874],[85.660426,46.201041],[85.660042,46.201707],[85.658826,46.201867],[85.656766,46.202523],[85.655670,46.202973],[85.654225,46.204125],[85.653121,46.205392],[85.652367,46.206882],[85.651557,46.208177],[85.651249,46.208946],[85.651152,46.209708],[85.650783,46.210517],[85.650468,46.210814],[85.648288,46.211946],[85.647172,46.211972],[85.646251,46.211651],[85.645862,46.211302],[85.644061,46.210782],[85.640992,46.210324],[85.639991,46.210097],[85.636782,46.209745],[85.632306,46.209443],[85.631047,46.209447],[85.630667,46.209455],[85.630248,46.209591],[85.629539,46.209991],[85.627727,46.210464],[85.624170,46.211061],[85.620231,46.211319],[85.619714,46.211541],[85.619209,46.211978],[85.618663,46.212158],[85.614965,46.212199],[85.614648,46.212119],[85.613709,46.211644],[85.608913,46.211120],[85.607837,46.210852],[85.607524,46.210626],[85.606646,46.208692],[85.606070,46.208145],[85.605403,46.207673],[85.604032,46.206905],[85.603010,46.206437],[85.602490,46.206309],[85.601903,46.206203],[85.601439,46.206229],[85.600074,46.206922],[85.599432,46.207136],[85.597636,46.207055],[85.594562,46.207106],[85.593531,46.207007],[85.592868,46.206810],[85.591761,46.205936],[85.590757,46.205945],[85.588520,46.205764],[85.588017,46.205683],[85.587309,46.205407],[85.586529,46.205345],[85.584129,46.205470],[85.583668,46.205398],[85.583139,46.204942],[85.582989,46.204471],[85.582925,46.202750],[85.582866,46.202509],[85.582667,46.202292],[85.581663,46.201871],[85.580252,46.201605],[85.577428,46.200257],[85.576578,46.199938],[85.574269,46.199612],[85.573440,46.199635],[85.572825,46.199507],[85.571643,46.199019],[85.570904,46.198822],[85.570219,46.198405],[85.569369,46.198066],[85.567914,46.197740],[85.567171,46.197698],[85.565769,46.197858],[85.564332,46.198210],[85.562582,46.198366],[85.561477,46.198187],[85.558096,46.198117],[85.557528,46.198035],[85.553373,46.196213],[85.551501,46.195575],[85.549304,46.195229],[85.548410,46.194798],[85.547120,46.194387],[85.545966,46.193857],[85.542751,46.191925],[85.540017,46.189717],[85.538702,46.189130],[85.536870,46.188870],[85.534510,46.188888],[85.532994,46.188675],[85.531844,46.188229],[85.530666,46.187269],[85.529212,46.185409],[85.527007,46.184338],[85.526013,46.183685],[85.524371,46.182842],[85.521605,46.181929],[85.520358,46.181782],[85.519227,46.181528],[85.517579,46.181370],[85.514560,46.180567],[85.510688,46.179213],[85.507253,46.177850],[85.506350,46.177390],[85.505453,46.176032],[85.504831,46.174887],[85.504569,46.174620],[85.504100,46.174494],[85.502493,46.174475],[85.501735,46.174285],[85.501179,46.173803],[85.499228,46.172936],[85.498609,46.172387],[85.497778,46.171439],[85.497572,46.171329],[85.495673,46.170720],[85.495238,46.170453],[85.494047,46.170011],[85.492567,46.169640],[85.490412,46.168557],[85.490170,46.167980],[85.488641,46.167445],[85.487678,46.167206],[85.483481,46.167271],[85.482991,46.167220],[85.482220,46.166949],[85.481995,46.166670],[85.481714,46.165761],[85.481564,46.164908],[85.481368,46.164644],[85.480776,46.164194],[85.480582,46.163825],[85.480683,46.163650],[85.482161,46.163436],[85.482522,46.163148],[85.482558,46.162706],[85.482325,46.162043],[85.481964,46.161885],[85.481351,46.161778],[85.480015,46.162032],[85.479621,46.162007],[85.474997,46.160133],[85.473490,46.159640],[85.470263,46.158370],[85.467360,46.157445],[85.461619,46.155878],[85.459148,46.155374],[85.457256,46.154271],[85.455352,46.153794],[85.453903,46.153548],[85.452036,46.152817],[85.451083,46.152840],[85.449834,46.153368],[85.449082,46.153458],[85.448239,46.153173],[85.447575,46.152480],[85.446633,46.152093],[85.445952,46.152019],[85.444662,46.151635],[85.441763,46.151560],[85.441197,46.151452],[85.439854,46.150575],[85.437993,46.150231],[85.437294,46.149713],[85.435830,46.148280],[85.433416,46.146672],[85.433021,46.146015],[85.432997,46.145163],[85.433294,46.144220],[85.434080,46.142740],[85.434159,46.141622],[85.435908,46.140428],[85.436472,46.139555],[85.436466,46.139153],[85.436131,46.138685],[85.434194,46.136995],[85.433544,46.136035],[85.433361,46.135094],[85.433132,46.134694],[85.432152,46.133522],[85.431261,46.131944],[85.431019,46.131621],[85.430812,46.131497],[85.430021,46.131474],[85.428919,46.131574],[85.427083,46.131860],[85.426253,46.131445],[85.422960,46.131204],[85.419386,46.128108],[85.416709,46.127865],[85.414879,46.128749],[85.414468,46.128753],[85.413651,46.128760],[85.412408,46.128491],[85.411798,46.128788],[85.410853,46.131806],[85.408641,46.133692],[85.406611,46.134437],[85.406247,46.134443],[85.405774,46.134720],[85.402324,46.136236],[85.398798,46.136186],[85.397561,46.136544],[85.394876,46.137699],[85.394722,46.138052],[85.394884,46.138882],[85.394987,46.140298],[85.394693,46.140678],[85.394381,46.140861],[85.391402,46.142199],[85.390818,46.142621],[85.390332,46.143219],[85.390020,46.144433],[85.389912,46.145643],[85.389521,46.146280],[85.388307,46.146245],[85.385659,46.145454],[85.384207,46.144898],[85.382487,46.144055],[85.380092,46.143605],[85.377789,46.144252],[85.363059,46.147772],[85.347789,46.151552],[85.343242,46.152096],[85.338034,46.151355],[85.335696,46.151541],[85.333766,46.153026],[85.333132,46.154992],[85.331957,46.155856],[85.330437,46.156265],[85.328197,46.156573],[85.324778,46.157374],[85.323309,46.158864],[85.321971,46.159192],[85.319492,46.158936],[85.319071,46.158649],[85.316814,46.159106],[85.313723,46.159137],[85.312705,46.159722],[85.312108,46.160728],[85.310670,46.160597],[85.309201,46.159898],[85.308176,46.160053],[85.307373,46.160776],[85.307632,46.163065],[85.307029,46.163496],[85.304566,46.164093],[85.303143,46.164970],[85.298799,46.164304],[85.296328,46.164616],[85.296780,46.166044],[85.297200,46.166321],[85.296627,46.168190],[85.293790,46.170078],[85.293216,46.171940],[85.292811,46.172230],[85.290135,46.172402],[85.287864,46.172150],[85.287253,46.172436],[85.287520,46.175004],[85.287329,46.175442],[85.286106,46.176168],[85.281971,46.175499],[85.278677,46.175823],[85.277462,46.176550],[85.277065,46.177129],[85.276690,46.178850],[85.275468,46.179433],[85.270739,46.179627],[85.269583,46.179889],[85.268073,46.180232],[85.264828,46.182278],[85.261949,46.182304],[85.261330,46.182169],[85.259857,46.181192],[85.257795,46.181070],[85.256162,46.181523],[85.252910,46.183271],[85.249622,46.183455],[85.245486,46.182654],[85.242404,46.182689],[85.240970,46.182991],[85.238942,46.184310],[85.231584,46.185971],[85.229320,46.186002],[85.227478,46.184494],[85.224551,46.184955],[85.220511,46.185952],[85.215623,46.187157],[85.214357,46.187583],[85.209686,46.189151],[85.205016,46.190725],[85.201655,46.191950],[85.197055,46.193624],[85.196579,46.193759],[85.191771,46.195120],[85.186965,46.196484],[85.182158,46.197842],[85.178720,46.198178],[85.173585,46.198687],[85.171446,46.198934],[85.166328,46.199537],[85.166190,46.199533],[85.161011,46.199539],[85.155822,46.199542],[85.156775,46.199685],[85.151743,46.199862],[85.146562,46.200049],[85.143521,46.199936],[85.138339,46.199744],[85.137463,46.200132],[85.133086,46.202064],[85.128691,46.203994],[85.127755,46.204179],[85.122769,46.205173],[85.117773,46.206169],[85.116836,46.206257],[85.111690,46.206724],[85.106526,46.207195],[85.103965,46.207629],[85.098911,46.208484],[85.096288,46.209007],[85.091284,46.209996],[85.087721,46.210675],[85.082697,46.211625],[85.077680,46.212581],[85.077480,46.212645],[85.072748,46.214150],[85.068024,46.215658],[85.066762,46.216341],[85.062662,46.218560],[85.062419,46.218695],[85.058362,46.220956],[85.054313,46.223214],[85.050254,46.225475],[85.048991,46.226157],[85.044888,46.228375],[85.041394,46.230918],[85.037813,46.233530],[85.036313,46.235136],[85.033489,46.238171],[85.030674,46.241192],[85.029332,46.242277],[85.025924,46.245003],[85.024023,46.245787],[85.019559,46.247654],[85.017048,46.249508],[85.013481,46.252131],[85.009748,46.253878],[85.005431,46.255900],[85.003792,46.256632],[84.999414,46.258585],[84.995036,46.260542],[84.994914,46.260607],[84.990771,46.262794],[84.986629,46.264986],[84.986062,46.265367],[84.982304,46.267860],[84.978538,46.270349],[84.978050,46.270612],[84.973927,46.272818],[84.969803,46.275016],[84.969411,46.275349],[84.966057,46.278101],[84.962702,46.280857],[84.961012,46.282450],[84.957945,46.285359],[84.956726,46.286632],[84.953860,46.289642],[84.951596,46.292037],[84.948749,46.295056],[84.947478,46.296980],[84.945310,46.300257],[84.943804,46.301197],[84.939922,46.303611],[84.937251,46.306115],[84.934153,46.309014],[84.933327,46.309859],[84.930413,46.312846],[84.927882,46.314444],[84.924030,46.316871],[84.923126,46.317565],[84.919607,46.320227],[84.917765,46.322873],[84.915497,46.326114],[84.914959,46.327224],[84.913299,46.330639],[84.911659,46.334064],[84.911355,46.336173],[84.910843,46.339762],[84.909888,46.341992],[84.908385,46.345442],[84.907343,46.347122],[84.905252,46.350473],[84.902708,46.353620],[84.900165,46.356766],[84.899948,46.358923],[84.899610,46.362521],[84.899264,46.366124],[84.899307,46.367092],[84.899481,46.370694],[84.900054,46.372877],[84.900992,46.376431],[84.901045,46.377620],[84.901202,46.381224],[84.901550,46.382708],[84.902401,46.386267],[84.902453,46.387296],[84.902653,46.390898],[84.902845,46.394505],[84.902620,46.395782],[84.901960,46.399363],[84.901318,46.402939],[84.899765,46.406099],[84.898099,46.409515],[84.896424,46.412932],[84.894568,46.414096],[84.890707,46.416519],[84.889310,46.419246],[84.887567,46.422651],[84.885704,46.425252],[84.883380,46.428483],[84.881056,46.431810],[84.880961,46.435413],[84.880866,46.439020],[84.881197,46.441385],[84.881700,46.444970],[84.881648,46.445761],[84.881414,46.449364],[84.881172,46.452962],[84.880062,46.454496],[84.877731,46.457723],[84.878121,46.459429],[84.878928,46.462992],[84.880871,46.465391],[84.883420,46.468531],[84.884418,46.469768],[84.886951,46.472917],[84.887601,46.473702],[84.890171,46.476839],[84.890613,46.478996],[84.891342,46.482568],[84.891412,46.482855],[84.892211,46.486418],[84.893018,46.489982],[84.893818,46.493545],[84.891996,46.496121],[84.889697,46.499356],[84.887528,46.502374],[84.885213,46.505610],[84.882924,46.507187],[84.879239,46.509739],[84.876153,46.511031],[84.871689,46.512900],[84.870164,46.513279],[84.865259,46.514493],[84.863145,46.515195],[84.858442,46.516760],[84.858303,46.516908],[84.855471,46.519938],[84.852639,46.522969],[84.849755,46.525001],[84.846101,46.527577],[84.842438,46.530154],[84.837841,46.531817],[84.833226,46.533484],[84.828827,46.535246],[84.824307,46.537052],[84.821424,46.538659],[84.817363,46.540919],[84.816238,46.543765],[84.814862,46.547249],[84.814689,46.547275],[84.809571,46.547983],[84.804461,46.548695],[84.803898,46.548821],[84.798943,46.549936],[84.793978,46.551051],[84.789342,46.552116],[84.784385,46.553255],[84.779435,46.554389],[84.777146,46.555720],[84.773159,46.558050],[84.772152,46.558667],[84.768257,46.561070],[84.767434,46.561426],[84.763018,46.563351],[84.758593,46.565276],[84.757846,46.565845],[84.754314,46.568506],[84.750789,46.571164],[84.749366,46.572145],[84.745667,46.574692],[84.741967,46.577239],[84.740873,46.577990],[84.737180,46.580541],[84.733488,46.583091],[84.730124,46.585050],[84.726136,46.587378],[84.724718,46.588427],[84.721163,46.591067],[84.719667,46.592390],[84.716476,46.595239],[84.714510,46.596591],[84.710814,46.599134],[84.708874,46.601536],[84.706343,46.604684],[84.703716,46.607619],[84.700984,46.610689],[84.698235,46.613753],[84.695659,46.616840],[84.693040,46.619957],[84.692048,46.621749],[84.690186,46.625114],[84.688316,46.628476],[84.688159,46.629101],[84.687245,46.632646],[84.686332,46.636192],[84.687002,46.639471],[84.687725,46.643037],[84.688458,46.646612],[84.689067,46.647871],[84.690730,46.651292],[84.691670,46.652566],[84.694029,46.655792],[84.694325,46.656152],[84.696901,46.659296],[84.699477,46.662439],[84.700818,46.663775],[84.703794,46.666749],[84.704813,46.667593],[84.708163,46.670372],[84.709807,46.671495],[84.713539,46.674036],[84.715061,46.675453],[84.718184,46.678354],[84.718462,46.678788],[84.720524,46.682104],[84.722593,46.685419],[84.723298,46.687660],[84.724395,46.691191],[84.725491,46.694709],[84.725743,46.696537],[84.726247,46.700124],[84.726743,46.703711],[84.726109,46.706299],[84.725232,46.709845],[84.725432,46.712460],[84.725711,46.716060],[84.725841,46.716372],[84.727311,46.719834],[84.728780,46.723296],[84.728867,46.723453],[84.730877,46.726789],[84.732885,46.730116],[84.733537,46.730929],[84.736092,46.734079],[84.738629,46.737233],[84.738872,46.737412],[84.742356,46.740105],[84.745849,46.742794],[84.749444,46.745322],[84.753109,46.747897],[84.756816,46.750164],[84.760731,46.752560],[84.761226,46.753636],[84.762814,46.757071],[84.764402,46.760500],[84.764473,46.761960],[84.764647,46.765560],[84.764586,46.766372],[84.764283,46.769967],[84.763988,46.773567],[84.764049,46.776159],[84.764146,46.779767],[84.764119,46.779902]]	塔城地区	[[84.943604,46.861920],[84.955088,46.861090],[84.959888,46.864154],[84.962755,46.870843],[84.964733,46.874925],[84.968315,46.876541],[84.975769,46.879770],[84.980024,46.883104],[84.979771,46.885222],[84.979327,46.888808],[84.979240,46.890244],[84.979013,46.893840],[84.979127,46.897127],[84.979249,46.900727],[84.979493,46.902886],[84.979895,46.906478],[84.981787,46.909484],[84.983863,46.912803],[84.985153,46.914861],[84.987220,46.918185],[84.989924,46.920416],[84.993290,46.923196],[84.995523,46.924289],[84.999823,46.926386],[85.002606,46.926924],[85.007690,46.927899],[85.012775,46.928879],[85.017938,46.928820],[85.023205,46.928761],[85.027670,46.928904],[85.032935,46.929071],[85.038174,46.928672],[85.043411,46.928263],[85.047542,46.928290],[85.052812,46.928328],[85.054684,46.928970],[85.059386,46.930603],[85.064114,46.931992],[85.068953,46.933415],[85.071850,46.934474],[85.076487,46.936169],[85.078183,46.937278],[85.081983,46.939774],[85.082470,46.940626],[85.084400,46.943975],[85.084505,46.944227],[85.085904,46.947694],[85.087313,46.951164],[85.088660,46.954018],[85.090277,46.957445],[85.090955,46.958179],[85.093761,46.961229],[85.096568,46.964278],[85.099330,46.966233],[85.102986,46.968816],[85.107240,46.971022],[85.111432,46.973187],[85.115189,46.974879],[85.119579,46.976856],[85.120724,46.977411],[85.125000,46.979496],[85.129283,46.981580],[85.133557,46.983664],[85.134433,46.984054],[85.138810,46.986041],[85.143186,46.988024],[85.147552,46.990006],[85.151070,46.991303],[85.155695,46.993002],[85.160312,46.994701],[85.160528,46.994752],[85.165516,46.995863],[85.170496,46.996975],[85.175484,46.998090],[85.175908,47.001528],[85.178792,47.005305],[85.187167,47.007617],[85.191523,47.013016],[85.194442,47.016263],[85.195837,47.018949],[85.198652,47.024311],[85.204543,47.029752],[85.209638,47.035697],[85.213997,47.041098],[85.219978,47.044951],[85.231745,47.052265],[85.238642,47.056321],[85.253666,47.054741],[85.260536,47.054404],[85.268982,47.056206],[85.273223,47.062353],[85.275814,47.066962],[85.276431,47.068921],[85.281414,47.069048],[85.285684,47.069157],[85.291091,47.066624],[85.303197,47.060961],[85.307183,47.058045],[85.317950,47.050152],[85.319769,47.048936],[85.326159,47.044896],[85.331313,47.045727],[85.335493,47.047133],[85.342466,47.049817],[85.350841,47.053054],[85.355715,47.054443],[85.358274,47.054608],[85.363529,47.054942],[85.368775,47.055275],[85.371907,47.055279],[85.380655,47.053070],[85.386349,47.053206],[85.396993,47.053946],[85.407560,47.056136],[85.418025,47.060267],[85.426489,47.061424],[85.441124,47.063369],[85.441358,47.063359],[85.446614,47.063151],[85.451851,47.062946],[85.459233,47.062431],[85.466076,47.062071],[85.471308,47.061798],[85.473833,47.061157],[85.478753,47.059906],[85.484864,47.057987],[85.493041,47.057477],[85.498269,47.057148],[85.501044,47.057366],[85.511025,47.057779],[85.516262,47.057781],[85.520739,47.057563],[85.525969,47.057314],[85.526592,47.057543],[85.533733,47.056764],[85.540106,47.057403],[85.540125,47.057292],[85.540002,47.054952],[85.539812,47.053924],[85.539029,47.052259],[85.538451,47.051660],[85.536992,47.050600],[85.536414,47.050406],[85.536030,47.050412],[85.537402,47.049970],[85.539589,47.049792],[85.540427,47.049865],[85.541432,47.050524],[85.543508,47.052182],[85.544245,47.052599],[85.546251,47.053499],[85.547345,47.053711],[85.548852,47.054456],[85.549448,47.054440],[85.551063,47.054017],[85.551711,47.053773],[85.552937,47.053051],[85.553816,47.052747],[85.554298,47.052437],[85.555265,47.051163],[85.555561,47.050946],[85.555992,47.050825],[85.557375,47.051092],[85.558582,47.051094],[85.559570,47.051294],[85.560289,47.051249],[85.561324,47.051428],[85.562667,47.051496],[85.564319,47.051414],[85.566364,47.050976],[85.568588,47.050130],[85.569342,47.049950],[85.569718,47.050195],[85.571541,47.052339],[85.572000,47.053465],[85.572930,47.055279],[85.573554,47.055967],[85.574990,47.057163],[85.576172,47.057575],[85.577118,47.058256],[85.578601,47.058860],[85.578923,47.059388],[85.579453,47.059615],[85.580351,47.059798],[85.581664,47.059887],[85.583424,47.059907],[85.584513,47.059794],[85.585425,47.060046],[85.586332,47.060497],[85.587869,47.060242],[85.588548,47.060004],[85.589437,47.059428],[85.592461,47.059181],[85.597105,47.059001],[85.600010,47.058638],[85.600643,47.058489],[85.603314,47.058312],[85.604990,47.058066],[85.606906,47.057513],[85.608303,47.056818],[85.608813,47.056667],[85.611105,47.056381],[85.611355,47.056217],[85.611657,47.055807],[85.612050,47.054847],[85.612625,47.054550],[85.613868,47.054503],[85.614295,47.054603],[85.615414,47.055204],[85.616538,47.056183],[85.617324,47.056655],[85.618206,47.056938],[85.619094,47.056981],[85.620539,47.056858],[85.622024,47.056385],[85.622879,47.055956],[85.623052,47.055790],[85.623314,47.055154],[85.623519,47.054937],[85.623802,47.054699],[85.624841,47.054282],[85.625277,47.054006],[85.626002,47.053287],[85.627134,47.052819],[85.629051,47.052289],[85.630330,47.051478],[85.631254,47.051343],[85.631621,47.051411],[85.632135,47.051711],[85.633726,47.053074],[85.635417,47.053584],[85.637042,47.054245],[85.637587,47.054567],[85.637868,47.054969],[85.639321,47.055795],[85.639981,47.056391],[85.640344,47.056590],[85.640787,47.056690],[85.642203,47.056552],[85.643737,47.055996],[85.644593,47.055556],[85.645275,47.055324],[85.645907,47.055228],[85.646844,47.055219],[85.647989,47.055497],[85.649155,47.055534],[85.650678,47.055423],[85.651856,47.055597],[85.652486,47.055595],[85.652933,47.055537],[85.654512,47.055066],[85.657039,47.054738],[85.657348,47.054669],[85.657743,47.054244],[85.657829,47.053868],[85.658089,47.053327],[85.658405,47.052985],[85.658555,47.052515],[85.659917,47.052052],[85.661754,47.051742],[85.663813,47.051073],[85.668732,47.050940],[85.669897,47.051050],[85.670369,47.051203],[85.670885,47.051435],[85.671319,47.051902],[85.672157,47.052186],[85.672756,47.052194],[85.676294,47.051382],[85.676956,47.051328],[85.678338,47.051337],[85.679838,47.051572],[85.682694,47.052229],[85.685238,47.053070],[85.687636,47.053652],[85.693702,47.055551],[85.695400,47.055815],[85.696352,47.055848],[85.699427,47.055679],[85.702479,47.055242],[85.704177,47.054865],[85.704467,47.054932],[85.705389,47.056160],[85.705750,47.056458],[85.707884,47.057114],[85.709665,47.058369],[85.710153,47.058501],[85.712097,47.058704],[85.713219,47.058666],[85.713729,47.058536],[85.714240,47.058364],[85.715795,47.057514],[85.716973,47.057036],[85.721361,47.055827],[85.723961,47.054905],[85.724659,47.054578],[85.726513,47.053401],[85.727518,47.053056],[85.728315,47.053045],[85.729888,47.053389],[85.732483,47.055190],[85.732847,47.055280],[85.733969,47.055213],[85.735455,47.054645],[85.737565,47.054261],[85.738569,47.053947],[85.739536,47.053214],[85.740820,47.051410],[85.741287,47.051143],[85.741655,47.051115],[85.742361,47.051135],[85.743704,47.051339],[85.744463,47.051683],[85.747259,47.053318],[85.747971,47.053630],[85.749173,47.053984],[85.750094,47.053920],[85.751811,47.053185],[85.752488,47.052713],[85.753694,47.052322],[85.756610,47.051944],[85.757747,47.052037],[85.759081,47.052537],[85.760761,47.052828],[85.761189,47.052843],[85.762485,47.052441],[85.762929,47.052395],[85.766497,47.052842],[85.768292,47.053205],[85.772697,47.055127],[85.773395,47.055629],[85.774385,47.056904],[85.774678,47.057028],[85.775342,47.057076],[85.775889,47.057061],[85.776395,47.056894],[85.779571,47.055640],[85.782992,47.053948],[85.783983,47.053886],[85.785542,47.054205],[85.785999,47.054219],[85.791905,47.053622],[85.794579,47.053525],[85.796069,47.053564],[85.797641,47.053902],[85.798882,47.054541],[85.799375,47.054940],[85.799980,47.055583],[85.802241,47.058776],[85.802751,47.059084],[85.803820,47.059447],[85.806244,47.060628],[85.807085,47.061323],[85.807987,47.061887],[85.808442,47.062033],[85.809976,47.062047],[85.812339,47.061339],[85.815794,47.060574],[85.818430,47.059473],[85.820435,47.058894],[85.821573,47.058777],[85.822251,47.058803],[85.822882,47.058990],[85.823271,47.059388],[85.823470,47.059734],[85.823819,47.060658],[85.824063,47.060984],[85.824383,47.061168],[85.826826,47.061452],[85.836487,47.062980],[85.837563,47.063019],[85.838865,47.062889],[85.843210,47.061852],[85.844365,47.061665],[85.846905,47.061574],[85.851535,47.061780],[85.852349,47.062364],[85.853100,47.063139],[85.853614,47.063933],[85.853933,47.064188],[85.854958,47.064602],[85.856311,47.064836],[85.858216,47.064761],[85.860808,47.063685],[85.861392,47.063305],[85.863337,47.062765],[85.864760,47.062524],[85.865884,47.062392],[85.869254,47.062234],[85.873802,47.062303],[85.877560,47.061987],[85.877882,47.062122],[85.880676,47.064190],[85.881194,47.064807],[85.881514,47.065053],[85.882115,47.065331],[85.885038,47.066167],[85.887553,47.066767],[85.888320,47.066854],[85.891883,47.066841],[85.892843,47.066911],[85.893372,47.067037],[85.894734,47.067657],[85.895889,47.068336],[85.897918,47.070363],[85.902074,47.074030],[85.902560,47.074156],[85.902947,47.074018],[85.905953,47.071791],[85.907103,47.071255],[85.908070,47.070961],[85.909585,47.070799],[85.911554,47.070736],[85.916334,47.070193],[85.917281,47.070233],[85.918063,47.070311],[85.918828,47.070633],[85.919527,47.071166],[85.920860,47.071938],[85.921150,47.072215],[85.921274,47.073415],[85.921418,47.073619],[85.922284,47.074022],[85.925859,47.074606],[85.926804,47.074934],[85.928755,47.074498],[85.933177,47.074028],[85.935878,47.073985],[85.936811,47.073844],[85.938397,47.074023],[85.938812,47.073877],[85.940593,47.072878],[85.941323,47.072866],[85.942376,47.073207],[85.943590,47.073755],[85.944194,47.073903],[85.946545,47.073995],[85.946957,47.074093],[85.947406,47.074332],[85.949082,47.075933],[85.950696,47.077172],[85.951611,47.077585],[85.952227,47.077760],[85.953366,47.077976],[85.954840,47.078002],[85.956785,47.077846],[85.958435,47.077320],[85.960246,47.076308],[85.963276,47.074262],[85.964527,47.073713],[85.966336,47.073490],[85.971048,47.073567],[85.973531,47.073493],[85.974990,47.073614],[85.978482,47.073378],[85.980074,47.073059],[85.981336,47.072689],[85.985194,47.071395],[85.987468,47.070727],[85.988672,47.070470],[85.989501,47.070390],[85.991804,47.069666],[85.993991,47.069259],[85.997098,47.068277],[86.001172,47.067255],[86.002399,47.067176],[86.005215,47.066576],[86.005750,47.066360],[86.006388,47.065766],[86.007103,47.063966],[86.007748,47.062981],[86.008759,47.062103],[86.009412,47.061398],[86.010492,47.059741],[86.013754,47.057174],[86.015213,47.056348],[86.017828,47.055582],[86.022429,47.054929],[86.024049,47.054902],[86.025650,47.054485],[86.029026,47.052279],[86.032672,47.050123],[86.032934,47.049931],[86.033145,47.049591],[86.034285,47.049001],[86.035929,47.048407],[86.036712,47.047989],[86.036975,47.047751],[86.037049,47.047418],[86.036602,47.046570],[86.036565,47.046338],[86.037556,47.045023],[86.041159,47.042134],[86.042239,47.041117],[86.043617,47.040084],[86.047324,47.038158],[86.050129,47.037196],[86.052503,47.036711],[86.053123,47.036291],[86.053196,47.035995],[86.053129,47.035179],[86.052452,47.034282],[86.050276,47.030542],[86.049755,47.030054],[86.048772,47.028783],[86.048714,47.026857],[86.049030,47.025125],[86.051920,47.025341],[86.062520,47.025743],[86.064679,47.026233],[86.065462,47.026514],[86.066864,47.026709],[86.071220,47.026810],[86.071993,47.026730],[86.072516,47.026380],[86.073317,47.026132],[86.074910,47.025932],[86.079093,47.025543],[86.080283,47.025506],[86.082723,47.025632],[86.083225,47.025704],[86.085130,47.026364],[86.087981,47.026437],[86.088731,47.026555],[86.089710,47.026901],[86.092788,47.028263],[86.093498,47.028487],[86.102935,47.029178],[86.105939,47.029261],[86.111032,47.029215],[86.112348,47.029611],[86.115289,47.030796],[86.116431,47.031075],[86.117931,47.031311],[86.120075,47.031417],[86.122203,47.031379],[86.125595,47.031691],[86.126347,47.031867],[86.128131,47.032082],[86.148222,47.034327],[86.178000,47.040002],[86.179000,47.040068],[86.180350,47.039839],[86.181586,47.039410],[86.183263,47.039314],[86.184675,47.039601],[86.186649,47.040477],[86.189399,47.041109],[86.191444,47.041316],[86.197773,47.041516],[86.200603,47.041878],[86.201023,47.042180],[86.201640,47.042350],[86.206264,47.043024],[86.206817,47.043213],[86.207868,47.043873],[86.208427,47.043835],[86.211807,47.044463],[86.213778,47.044988],[86.218695,47.045879],[86.222579,47.047000],[86.225075,47.047370],[86.233772,47.050562],[86.238985,47.051285],[86.244334,47.052931],[86.251139,47.052722],[86.252793,47.053078],[86.253753,47.053410],[86.256340,47.055424],[86.258308,47.056231],[86.261618,47.057289],[86.267709,47.058861],[86.272131,47.060129],[86.273635,47.061067],[86.274767,47.061517],[86.278089,47.061892],[86.279557,47.061903],[86.287954,47.064162],[86.292785,47.065719],[86.294474,47.066568],[86.299734,47.068706],[86.300789,47.068983],[86.306891,47.071254],[86.315326,47.076242],[86.317483,47.077773],[86.318024,47.077896],[86.318869,47.077903],[86.319583,47.077774],[86.319759,47.077375],[86.319765,47.076932],[86.319479,47.076269],[86.318492,47.074826],[86.317706,47.073006],[86.317643,47.072278],[86.317719,47.072011],[86.318003,47.071880],[86.322748,47.073639],[86.326788,47.074915],[86.330031,47.075333],[86.332904,47.075957],[86.339912,47.078175],[86.342409,47.079456],[86.350970,47.081910],[86.352939,47.082259],[86.354843,47.082916],[86.361965,47.083761],[86.366816,47.084815],[86.373404,47.086778],[86.373781,47.086622],[86.373988,47.086556],[86.374132,47.086529],[86.374451,47.086509],[86.377652,47.087242],[86.380157,47.087215],[86.389223,47.086985],[86.396862,47.087447],[86.397778,47.087595],[86.398197,47.087629],[86.408193,47.088048],[86.411079,47.087996],[86.414862,47.087304],[86.419164,47.087148],[86.420167,47.087019],[86.423511,47.086172],[86.425711,47.085955],[86.428824,47.084865],[86.432054,47.084084],[86.433842,47.083556],[86.434688,47.083183],[86.435456,47.083236],[86.437545,47.084129],[86.438738,47.084376],[86.442221,47.084830],[86.444339,47.085255],[86.445629,47.085652],[86.446332,47.086097],[86.448696,47.086087],[86.451523,47.086313],[86.454363,47.086346],[86.455969,47.086634],[86.458157,47.087216],[86.462418,47.087628],[86.465025,47.087717],[86.468889,47.087525],[86.469667,47.087661],[86.470756,47.088465],[86.471618,47.088726],[86.472458,47.088753],[86.475999,47.089161],[86.476836,47.089513],[86.477577,47.089665],[86.478515,47.089650],[86.480446,47.088984],[86.481481,47.088986],[86.482185,47.089254],[86.483469,47.089942],[86.484009,47.090736],[86.484908,47.090989],[86.486002,47.091116],[86.487330,47.090968],[86.490066,47.090262],[86.491356,47.090330],[86.492355,47.090182],[86.492711,47.089806],[86.492820,47.088628],[86.492569,47.087971],[86.491323,47.087126],[86.490381,47.086608],[86.489896,47.085824],[86.489590,47.085575],[86.489608,47.085030],[86.489437,47.083920],[86.488809,47.083224],[86.488065,47.082172],[86.488016,47.081693],[86.488178,47.081076],[86.489034,47.080038],[86.489207,47.078534],[86.489585,47.077568],[86.489863,47.077125],[86.490681,47.076196],[86.490762,47.075784],[86.490766,47.074427],[86.491227,47.072653],[86.493071,47.069217],[86.493527,47.068741],[86.494356,47.068391],[86.495520,47.067748],[86.496775,47.066500],[86.496579,47.066062],[86.496337,47.065770],[86.495438,47.065082],[86.493697,47.064249],[86.496571,47.063373],[86.498997,47.062951],[86.499901,47.062559],[86.502287,47.061757],[86.503994,47.061434],[86.505357,47.061344],[86.510078,47.061442],[86.517624,47.061319],[86.523773,47.060532],[86.526299,47.059855],[86.528652,47.059524],[86.529776,47.059041],[86.531778,47.058468],[86.534674,47.057311],[86.536710,47.056950],[86.539787,47.056090],[86.542623,47.054892],[86.546264,47.052668],[86.548694,47.051402],[86.550025,47.051112],[86.551597,47.051006],[86.554338,47.051145],[86.557431,47.051528],[86.561966,47.052533],[86.566214,47.053862],[86.567989,47.053704],[86.573795,47.052261],[86.577584,47.051947],[86.581133,47.051957],[86.587874,47.052706],[86.605276,47.055117],[86.614158,47.056609],[86.620796,47.057446],[86.631347,47.059193],[86.698637,47.069410],[86.701333,47.069117],[86.703975,47.068706],[86.704938,47.068681],[86.706024,47.068793],[86.708749,47.069470],[86.712501,47.071052],[86.715104,47.071937],[86.718225,47.072569],[86.724862,47.073238],[86.734004,47.073090],[86.737994,47.073263],[86.741297,47.073841],[86.745453,47.074784],[86.748570,47.075126],[86.750660,47.075511],[86.755247,47.076696],[86.757857,47.076978],[86.760645,47.077625],[86.777779,47.078175],[86.794166,47.079686],[86.798424,47.080025],[86.800341,47.080094],[86.802952,47.080446],[86.804271,47.080688],[86.804243,47.081177],[86.804595,47.082003],[86.806802,47.085416],[86.860946,47.093415],[86.898166,47.098824],[86.937766,47.104746],[86.978544,47.110689],[87.035189,47.119005],[87.037432,47.118878],[87.040668,47.118692],[87.040310,47.117072],[87.038985,47.097954],[87.037078,47.077873],[87.033360,47.031778],[87.031446,47.011929],[87.030686,47.001641],[87.029744,46.985673],[87.029262,46.972308],[87.029617,46.970851],[87.033538,46.967377],[87.035911,46.964872],[87.041491,46.961564],[87.045882,46.957523],[87.050743,46.951376],[87.051929,46.950082],[87.054301,46.948628],[87.056909,46.946364],[87.058569,46.945394],[87.062837,46.943942],[87.064377,46.942648],[87.065913,46.938114],[87.066503,46.935199],[87.067448,46.933499],[87.068395,46.932528],[87.077511,46.927026],[87.087211,46.920953],[87.096430,46.915037],[87.121568,46.899942],[87.183234,46.862184],[87.203685,46.849561],[87.203794,46.847050],[87.202677,46.800239],[87.202065,46.762416],[87.201580,46.726621],[87.201680,46.715726],[87.195381,46.708123],[87.181886,46.691828],[87.142245,46.639671],[87.096192,46.579741],[87.037192,46.503534],[87.037033,46.499623],[87.039142,46.496043],[87.081150,46.427598],[87.129581,46.348127],[87.171845,46.275389],[87.199764,46.228911],[87.234479,46.170765],[87.262241,46.125049],[87.300745,46.060484],[87.336082,46.005118],[87.336353,46.004268],[87.336580,46.003556],[87.337415,45.999996],[87.338260,45.996435],[87.338730,45.994423],[87.339278,45.990836],[87.339809,45.987245],[87.339870,45.986885],[87.340497,45.983302],[87.340984,45.980487],[87.341054,45.976878],[87.341123,45.973268],[87.341132,45.972934],[87.341201,45.969324],[87.341271,45.965710],[87.341271,45.965606],[87.340435,45.962047],[87.339607,45.958483],[87.339450,45.957802],[87.339433,45.954192],[87.339424,45.950582],[87.339406,45.946972],[87.339389,45.943362],[87.339371,45.939753],[87.339362,45.936143],[87.339344,45.932533],[87.339327,45.928919],[87.339309,45.925310],[87.339300,45.921704],[87.339283,45.918089],[87.339274,45.914480],[87.339256,45.910874],[87.339238,45.907256],[87.339229,45.903646],[87.339212,45.900040],[87.339194,45.896426],[87.339177,45.892817],[87.339168,45.889207],[87.339150,45.885592],[87.339132,45.881982],[87.339115,45.878373],[87.339106,45.874758],[87.339088,45.871153],[87.339079,45.867539],[87.339062,45.863925],[87.339044,45.860320],[87.339035,45.856705],[87.339017,45.853091],[87.339000,45.849485],[87.338982,45.845871],[87.338973,45.842262],[87.338956,45.838647],[87.338938,45.835037],[87.338920,45.831423],[87.338911,45.827814],[87.338902,45.824203],[87.338885,45.820589],[87.338867,45.816979],[87.338850,45.813365],[87.338841,45.809755],[87.338823,45.806140],[87.338805,45.802530],[87.338788,45.798920],[87.338779,45.795302],[87.338761,45.791696],[87.338743,45.788082],[87.338735,45.784469],[87.338717,45.780859],[87.338708,45.777243],[87.338690,45.773633],[87.338674,45.770019],[87.338656,45.766409],[87.338646,45.762796],[87.338630,45.759181],[87.338611,45.755570],[87.338593,45.751961],[87.338585,45.748347],[87.338567,45.744727],[87.338558,45.741117],[87.338541,45.737507],[87.338531,45.733888],[87.338515,45.730279],[87.338496,45.726669],[87.338478,45.723054],[87.338461,45.719440],[87.338452,45.715826],[87.338435,45.712215],[87.338416,45.708601],[87.338408,45.704986],[87.338391,45.701376],[87.338381,45.697762],[87.338363,45.694147],[87.338346,45.690532],[87.338337,45.686918],[87.338319,45.683308],[87.338302,45.679689],[87.338285,45.676078],[87.338275,45.672464],[87.338257,45.668854],[87.338248,45.665235],[87.338231,45.661625],[87.338213,45.658009],[87.338204,45.654396],[87.338187,45.650780],[87.338169,45.647166],[87.338151,45.643551],[87.338142,45.639941],[87.338126,45.636322],[87.338107,45.632708],[87.338089,45.629093],[87.338082,45.625478],[87.338073,45.621864],[87.338054,45.618248],[87.338037,45.614634],[87.338020,45.611023],[87.338011,45.607409],[87.337993,45.603790],[87.337976,45.600175],[87.337958,45.596560],[87.337949,45.592945],[87.337940,45.589331],[87.337922,45.585716],[87.337905,45.582101],[87.337887,45.578486],[87.337878,45.574871],[87.337861,45.571255],[87.337843,45.567636],[87.337825,45.564022],[87.337815,45.560411],[87.337807,45.556792],[87.337789,45.553177],[87.337772,45.549562],[87.337754,45.545947],[87.337745,45.542332],[87.337728,45.538713],[87.337710,45.535098],[87.337693,45.531483],[87.337684,45.527868],[87.337665,45.524253],[87.337649,45.520633],[87.337640,45.517018],[87.337631,45.513399],[87.337613,45.509788],[87.337595,45.506169],[87.337578,45.502553],[87.337569,45.498934],[87.337551,45.495319],[87.337534,45.491704],[87.337516,45.488088],[87.337507,45.484473],[87.337498,45.480854],[87.337481,45.477234],[87.337463,45.473619],[87.337445,45.470004],[87.337436,45.466388],[87.337419,45.462769],[87.337401,45.459149],[87.337383,45.455534],[87.337375,45.451914],[87.337366,45.448303],[87.337348,45.444684],[87.337330,45.441064],[87.337313,45.437449],[87.337304,45.433829],[87.337286,45.430213],[87.337269,45.426598],[87.337251,45.422978],[87.337242,45.419359],[87.337233,45.415743],[87.337215,45.412123],[87.337194,45.408506],[87.337177,45.404886],[87.337168,45.401271],[87.337150,45.397651],[87.337132,45.394031],[87.337115,45.390415],[87.337106,45.386795],[87.337097,45.383180],[87.337079,45.379564],[87.337062,45.375944],[87.337053,45.372325],[87.337035,45.368705],[87.337017,45.365085],[87.337000,45.361469],[87.336982,45.357849],[87.336973,45.354233],[87.336956,45.350613],[87.336947,45.346993],[87.336929,45.343373],[87.336920,45.339758],[87.336902,45.336138],[87.336885,45.332518],[87.336876,45.330604],[87.004095,45.331205],[86.980641,45.331265],[86.957290,45.331325],[86.942199,45.331364],[86.913536,45.331437],[86.781294,45.331777],[86.750468,45.331855],[86.703771,45.331976],[86.627885,45.332169],[86.613977,45.332205],[86.583257,45.332284],[86.558517,45.332347],[86.487103,45.332530],[86.458624,45.332484],[86.431847,45.332440],[86.398869,45.332386],[86.374149,45.332346],[86.316504,45.332252],[85.666864,45.331195],[85.667177,45.327580],[85.667498,45.323969],[85.667594,45.322962],[85.667046,45.319363],[85.666612,45.316519],[85.667308,45.312935],[85.667907,45.309906],[85.668429,45.306313],[85.668891,45.303063],[85.669239,45.299448],[85.669568,45.295976],[85.669517,45.292356],[85.669490,45.290932],[85.669855,45.287321],[85.670133,45.284531],[85.670490,45.280920],[85.670768,45.278134],[85.670742,45.274514],[85.670716,45.270893],[85.670690,45.267273],[85.670655,45.263657],[85.670637,45.260033],[85.670602,45.256417],[85.670576,45.252792],[85.670549,45.249172],[85.670524,45.245552],[85.670498,45.241936],[85.670463,45.238311],[85.670435,45.234695],[85.670409,45.231075],[85.670383,45.227454],[85.670357,45.223834],[85.670330,45.220214],[85.670305,45.216589],[85.670270,45.212969],[85.670251,45.209348],[85.670216,45.205728],[85.670190,45.202108],[85.670164,45.198487],[85.670138,45.194867],[85.670111,45.191247],[85.670076,45.187626],[85.670059,45.184006],[85.670024,45.180385],[85.669998,45.176765],[85.669972,45.173140],[85.669945,45.169520],[85.669919,45.165899],[85.669892,45.162279],[85.669866,45.158658],[85.669832,45.155034],[85.669814,45.151418],[85.669779,45.147793],[85.669752,45.144172],[85.669726,45.140552],[85.669700,45.136927],[85.669674,45.133307],[85.669639,45.129686],[85.669622,45.126066],[85.669587,45.122445],[85.669561,45.118825],[85.669533,45.115200],[85.669507,45.111575],[85.669481,45.107955],[85.669446,45.104334],[85.669428,45.100709],[85.669393,45.097089],[85.669367,45.093468],[85.669341,45.089848],[85.669315,45.086223],[85.669288,45.082602],[85.669253,45.078977],[85.669236,45.075357],[85.669201,45.071736],[85.669183,45.068112],[85.669148,45.064491],[85.669122,45.060866],[85.669096,45.057246],[85.669061,45.053621],[85.669043,45.050000],[85.669008,45.046380],[85.668991,45.042755],[85.668956,45.039135],[85.668938,45.035514],[85.668903,45.031889],[85.668868,45.028269],[85.668850,45.024644],[85.668815,45.021023],[85.668798,45.017398],[85.668763,45.013774],[85.668745,45.010153],[85.668710,45.006528],[85.668684,45.002903],[85.668658,44.999279],[85.668632,44.995658],[85.668605,44.992033],[85.668597,44.990683],[85.668539,44.988276],[85.668849,44.977649],[85.668785,44.965701],[85.668921,44.919290],[85.781482,44.922903],[85.787607,44.921783],[85.790818,44.920913],[85.796430,44.919155],[85.803563,44.915649],[85.805077,44.914904],[85.808653,44.912424],[85.811331,44.910180],[85.814890,44.906337],[85.816552,44.903930],[85.817944,44.902219],[85.820848,44.899278],[85.822978,44.896785],[85.825660,44.894266],[85.829154,44.891393],[85.832706,44.889018],[85.838794,44.885460],[85.841974,44.883812],[85.849922,44.879339],[85.852548,44.877734],[85.860929,44.871966],[85.866235,44.867637],[85.868414,44.865960],[85.871018,44.862612],[85.874138,44.858048],[85.877998,44.852829],[85.878433,44.852068],[85.879248,44.849717],[85.880661,44.846390],[85.883444,44.841244],[85.884878,44.838331],[85.885604,44.836362],[85.886021,44.834784],[85.886117,44.834004],[85.886083,44.831590],[85.886364,44.828966],[85.886348,44.827570],[85.886781,44.825433],[85.886793,44.823153],[85.889759,44.816164],[85.891397,44.813170],[85.893995,44.810512],[85.896836,44.807224],[85.898559,44.805906],[85.901528,44.803194],[85.920417,44.790229],[85.930172,44.780044],[85.935936,44.773909],[85.937981,44.769387],[85.942116,44.759632],[85.938706,44.757750],[85.928505,44.750743],[85.917003,44.743653],[85.909953,44.738961],[85.906931,44.737497],[85.906132,44.737110],[85.907818,44.735635],[85.911629,44.734123],[85.911944,44.733644],[85.912160,44.729122],[85.912445,44.726102],[85.911459,44.725184],[85.911903,44.725014],[85.912853,44.724651],[85.913309,44.724386],[85.913572,44.724096],[85.913556,44.723671],[85.913283,44.723186],[85.912826,44.722665],[85.912757,44.722068],[85.912931,44.721875],[85.913970,44.721747],[85.914542,44.722149],[85.915145,44.723050],[85.915509,44.723845],[85.916229,44.724048],[85.916918,44.723796],[85.916973,44.723040],[85.917384,44.722591],[85.918641,44.721662],[85.919648,44.720330],[85.920643,44.719640],[85.921668,44.719077],[85.922014,44.718690],[85.921994,44.718082],[85.921703,44.717230],[85.919645,44.716199],[85.918204,44.715737],[85.916757,44.715630],[85.915337,44.715800],[85.914347,44.716237],[85.914172,44.717004],[85.913725,44.717631],[85.912702,44.718103],[85.911797,44.718346],[85.910815,44.718336],[85.909468,44.718105],[85.907574,44.717289],[85.907478,44.716938],[85.907712,44.716447],[85.908575,44.715939],[85.910454,44.715258],[85.912121,44.714792],[85.913111,44.714343],[85.913784,44.712778],[85.913308,44.710707],[85.911613,44.708407],[85.911711,44.707444],[85.912026,44.706535],[85.912265,44.706216],[85.912568,44.705932],[85.913011,44.705795],[85.913896,44.705521],[85.914787,44.705633],[85.915058,44.705848],[85.915227,44.706263],[85.915232,44.706779],[85.914785,44.707044],[85.913608,44.707124],[85.912985,44.707319],[85.912809,44.707707],[85.912846,44.708287],[85.913073,44.708639],[85.913382,44.708901],[85.914021,44.709165],[85.914891,44.709099],[85.915367,44.708634],[85.916608,44.706351],[85.917016,44.706068],[85.917420,44.705981],[85.918039,44.706033],[85.918338,44.706408],[85.918146,44.707162],[85.918245,44.708450],[85.918955,44.709594],[85.919325,44.710005],[85.919644,44.710192],[85.919941,44.710212],[85.920892,44.709292],[85.922577,44.708340],[85.923695,44.707502],[85.923902,44.706804],[85.923764,44.706407],[85.921481,44.705322],[85.921141,44.705032],[85.921148,44.704665],[85.921502,44.704244],[85.923213,44.703550],[85.924133,44.703467],[85.924945,44.703522],[85.925804,44.704093],[85.926355,44.705218],[85.927193,44.706075],[85.928040,44.706429],[85.928942,44.706438],[85.930145,44.705843],[85.930631,44.704815],[85.930643,44.704172],[85.930274,44.703193],[85.929355,44.702403],[85.928300,44.701933],[85.926231,44.701612],[85.925852,44.701428],[85.925356,44.700804],[85.925285,44.700435],[85.925451,44.699247],[85.925356,44.698305],[85.924384,44.695856],[85.923944,44.695433],[85.922732,44.695208],[85.921683,44.695352],[85.920581,44.695341],[85.920053,44.695152],[85.919341,44.694491],[85.919248,44.693928],[85.919471,44.693098],[85.920248,44.692469],[85.921084,44.692064],[85.922042,44.692046],[85.922760,44.692420],[85.926976,44.695166],[85.927572,44.696022],[85.928337,44.696437],[85.929164,44.696601],[85.930059,44.696530],[85.931509,44.695944],[85.933006,44.694817],[85.934411,44.692887],[85.934898,44.691831],[85.935775,44.690566],[85.935805,44.689821],[85.935046,44.688724],[85.934947,44.688197],[85.935062,44.686768],[85.934980,44.686361],[85.935405,44.686127],[85.937734,44.686095],[85.938439,44.685844],[85.938785,44.685452],[85.939236,44.684149],[85.939474,44.683928],[85.940057,44.683722],[85.943892,44.683747],[85.945115,44.683445],[85.946258,44.682648],[85.947195,44.681643],[85.947521,44.681010],[85.946915,44.680653],[85.945804,44.680463],[85.940907,44.680449],[85.938020,44.680573],[85.936791,44.679946],[85.935726,44.678849],[85.936028,44.677631],[85.936647,44.676398],[85.936819,44.675368],[85.937426,44.674795],[85.938311,44.674408],[85.939818,44.674350],[85.940851,44.676456],[85.941804,44.677636],[85.942315,44.677917],[85.942933,44.678027],[85.943661,44.677886],[85.943982,44.677511],[85.944230,44.676739],[85.943977,44.674688],[85.943995,44.673713],[85.943441,44.673156],[85.943048,44.673030],[85.941529,44.672854],[85.940754,44.672496],[85.940195,44.671882],[85.939065,44.671325],[85.936134,44.671072],[85.934460,44.670667],[85.932802,44.669406],[85.932748,44.668843],[85.933033,44.668118],[85.934869,44.667428],[85.936615,44.667401],[85.937089,44.667618],[85.937230,44.669140],[85.937424,44.669824],[85.938063,44.670264],[85.938745,44.670465],[85.939496,44.670399],[85.940389,44.669853],[85.940975,44.668757],[85.941037,44.667152],[85.941184,44.666155],[85.941717,44.665185],[85.942841,44.664498],[85.944006,44.663984],[85.946328,44.663693],[85.949480,44.663458],[85.949850,44.663141],[85.949951,44.662787],[85.949781,44.662165],[85.949682,44.661802],[85.950183,44.661303],[85.952189,44.659989],[85.954424,44.658987],[85.956924,44.658906],[85.959411,44.658206],[85.960068,44.657060],[85.960554,44.655184],[85.960282,44.653695],[85.959929,44.653157],[85.959587,44.652913],[85.958778,44.653035],[85.958203,44.653330],[85.956834,44.654505],[85.956297,44.654757],[85.955886,44.654752],[85.955048,44.654284],[85.954436,44.653806],[85.954151,44.653120],[85.955092,44.646516],[85.954905,44.645240],[85.954453,44.644386],[85.954777,44.643380],[85.955550,44.641724],[85.955122,44.639550],[85.955604,44.638566],[85.958274,44.637822],[85.960317,44.637477],[85.960233,44.637047],[85.960447,44.636864],[85.961177,44.636619],[85.961863,44.636192],[85.962507,44.635825],[85.962636,44.635673],[85.962936,44.635367],[85.963280,44.635154],[85.963623,44.634970],[85.964395,44.634909],[85.965211,44.634665],[85.965812,44.634085],[85.966198,44.633627],[85.966498,44.633230],[85.966627,44.632955],[85.966584,44.632405],[85.966284,44.631977],[85.966026,44.631916],[85.965468,44.631916],[85.964910,44.632008],[85.964524,44.632130],[85.964310,44.632558],[85.963966,44.633168],[85.963065,44.633565],[85.962421,44.633962],[85.961735,44.634634],[85.961005,44.634818],[85.960447,44.634848],[85.959932,44.634665],[85.959675,44.634390],[85.959632,44.634237],[85.960276,44.633474],[85.961005,44.633138],[85.961477,44.632894],[85.961949,44.632558],[85.962293,44.632130],[85.962722,44.631672],[85.962808,44.631214],[85.962808,44.630664],[85.962808,44.630206],[85.962850,44.629504],[85.962979,44.629107],[85.963280,44.629046],[85.963323,44.628740],[85.963108,44.628557],[85.962335,44.628557],[85.961477,44.628679],[85.961263,44.628801],[85.960791,44.629107],[85.960276,44.629381],[85.959803,44.629809],[85.959074,44.630053],[85.958473,44.630084],[85.957701,44.629748],[85.956971,44.629259],[85.956489,44.628974],[85.956585,44.628861],[85.956585,44.628617],[85.956370,44.628189],[85.956198,44.627548],[85.955555,44.627212],[85.954997,44.626907],[85.954139,44.626449],[85.953280,44.626296],[85.952250,44.626052],[85.951607,44.625654],[85.950662,44.625074],[85.950276,44.624738],[85.950104,44.624402],[85.950062,44.623944],[85.949976,44.623425],[85.949976,44.623150],[85.949933,44.622753],[85.949976,44.622417],[85.950534,44.622142],[85.951392,44.621867],[85.952422,44.621775],[85.953237,44.621775],[85.953967,44.621775],[85.955555,44.621775],[85.956413,44.621897],[85.957143,44.622233],[85.957915,44.622692],[85.958688,44.622722],[85.959374,44.622661],[85.959846,44.622478],[85.960061,44.622356],[85.960404,44.621989],[85.960576,44.621775],[85.961177,44.621287],[85.960919,44.620737],[85.960490,44.620401],[85.959760,44.620126],[85.959073,44.618904],[85.959287,44.618751],[85.959717,44.618354],[85.960317,44.618232],[85.960961,44.617987],[85.961390,44.617865],[85.961734,44.617651],[85.961819,44.617285],[85.961648,44.616552],[85.961562,44.615880],[85.960747,44.615696],[85.959802,44.615482],[85.959159,44.615299],[85.958730,44.615055],[85.958386,44.614841],[85.958129,44.614505],[85.958215,44.613955],[85.958730,44.613558],[85.958858,44.613497],[85.959545,44.613008],[85.959888,44.612702],[85.960189,44.612275],[85.960446,44.611878],[85.960446,44.611755],[85.960575,44.611511],[85.960747,44.611083],[85.960875,44.610778],[85.961004,44.610442],[85.961176,44.610014],[85.961262,44.609831],[85.961562,44.609403],[85.961862,44.609250],[85.961991,44.609067],[85.962077,44.608731],[85.962077,44.608303],[85.962077,44.607753],[85.962077,44.607386],[85.961862,44.606928],[85.961433,44.606409],[85.961047,44.606134],[85.961090,44.605920],[85.961390,44.605767],[85.961304,44.605462],[85.961090,44.605125],[85.960532,44.605125],[85.959888,44.605125],[85.959202,44.605156],[85.958815,44.605187],[85.958000,44.605339],[85.957399,44.605614],[85.956755,44.606256],[85.956326,44.606684],[85.956069,44.607142],[85.955597,44.607631],[85.954781,44.608120],[85.953794,44.608486],[85.952850,44.608456],[85.952292,44.608456],[85.951606,44.608150],[85.950318,44.607784],[85.950104,44.607448],[85.949288,44.606684],[85.949159,44.606042],[85.949159,44.605370],[85.949073,44.604604],[85.949073,44.604085],[85.949073,44.603596],[85.949073,44.603077],[85.949116,44.602832],[85.949416,44.602404],[85.949760,44.602038],[85.950704,44.601977],[85.951262,44.601977],[85.951562,44.602007],[85.951863,44.602099],[85.952292,44.602252],[85.952635,44.602618],[85.953322,44.603077],[85.954051,44.603596],[85.955124,44.603627],[85.955854,44.603290],[85.955854,44.603107],[85.955854,44.602679],[85.955639,44.602190],[85.955639,44.601946],[85.955296,44.601702],[85.954781,44.601610],[85.954180,44.601365],[85.953665,44.600846],[85.953150,44.600388],[85.953193,44.599868],[85.953193,44.599593],[85.953193,44.598951],[85.953279,44.598524],[85.953751,44.598432],[85.953665,44.598126],[85.954094,44.598126],[85.954867,44.598126],[85.955725,44.598524],[85.956326,44.598890],[85.956798,44.599196],[85.956841,44.599563],[85.956927,44.599654],[85.957013,44.599746],[85.957270,44.600174],[85.958300,44.600479],[85.958772,44.600877],[85.959330,44.601121],[85.959845,44.601213],[85.960317,44.601213],[85.960660,44.600968],[85.961218,44.600540],[85.961604,44.600327],[85.961948,44.599990],[85.961991,44.599838],[85.961991,44.599410],[85.961948,44.598951],[85.962463,44.598401],[85.962463,44.598096],[85.962463,44.597699],[85.962291,44.597393],[85.961991,44.596996],[85.961733,44.596782],[85.961218,44.596599],[85.960360,44.597026],[85.959630,44.597179],[85.958901,44.597424],[85.957485,44.597393],[85.956583,44.596996],[85.955897,44.596415],[85.955596,44.595682],[85.955639,44.595346],[85.955682,44.594796],[85.955768,44.594368],[85.955940,44.593848],[85.956068,44.593390],[85.956240,44.592870],[85.956283,44.592442],[85.956326,44.591801],[85.956927,44.591312],[85.957270,44.590975],[85.958085,44.590762],[85.959373,44.590853],[85.960274,44.590853],[85.961004,44.590823],[85.961819,44.590517],[85.962291,44.590089],[85.962420,44.589447],[85.962291,44.588714],[85.961390,44.588194],[85.960403,44.588164],[85.959201,44.588164],[85.958343,44.588164],[85.957399,44.588194],[85.956970,44.588255],[85.956111,44.588469],[85.955167,44.588683],[85.954094,44.588500],[85.953322,44.588500],[85.952676,44.588227],[85.952247,44.587830],[85.951774,44.587463],[85.951217,44.587096],[85.950744,44.586852],[85.950401,44.586393],[85.950144,44.585538],[85.949457,44.584987],[85.949071,44.584712],[85.948427,44.584529],[85.947526,44.584284],[85.947054,44.584193],[85.945895,44.583459],[85.944908,44.583001],[85.944436,44.582817],[85.943964,44.582542],[85.943621,44.582236],[85.943363,44.581931],[85.943363,44.581900],[85.942806,44.581440],[85.942076,44.581073],[85.941475,44.580920],[85.941304,44.580645],[85.941261,44.580156],[85.941089,44.579636],[85.941089,44.579086],[85.941475,44.578536],[85.941990,44.578444],[85.942462,44.578383],[85.943321,44.578383],[85.943878,44.578413],[85.945037,44.578811],[85.945981,44.579208],[85.947011,44.579911],[85.947955,44.580125],[85.948985,44.580125],[85.949758,44.580003],[85.950316,44.579606],[85.950359,44.579239],[85.950101,44.578933],[85.948942,44.578597],[85.948127,44.578475],[85.946889,44.578265],[85.946502,44.578081],[85.945773,44.577684],[85.945344,44.576981],[85.945258,44.576736],[85.945043,44.576461],[85.944829,44.576094],[85.944571,44.575727],[85.944357,44.575422],[85.944142,44.575208],[85.944013,44.574902],[85.943970,44.574688],[85.943327,44.573893],[85.942468,44.573312],[85.941953,44.573190],[85.941524,44.573007],[85.941095,44.572823],[85.940537,44.572579],[85.940322,44.572365],[85.940194,44.571998],[85.940194,44.571875],[85.940448,44.571567],[85.940835,44.571475],[85.941650,44.571323],[85.942508,44.571292],[85.943238,44.571139],[85.943581,44.570803],[85.943925,44.570405],[85.944697,44.570314],[85.945298,44.569886],[85.945512,44.569549],[85.945598,44.569121],[85.946328,44.569091],[85.946886,44.569091],[85.947143,44.569030],[85.947486,44.568877],[85.948388,44.568754],[85.948946,44.568754],[85.949461,44.568357],[85.949804,44.567837],[85.950405,44.567501],[85.951606,44.567379],[85.951993,44.567012],[85.951735,44.566492],[85.951349,44.566370],[85.950877,44.566217],[85.950920,44.565850],[85.950362,44.565269],[85.950362,44.565086],[85.950619,44.564810],[85.951006,44.564443],[85.950877,44.564291],[85.950448,44.564229],[85.950061,44.564168],[85.949203,44.564168],[85.949074,44.564138],[85.948388,44.563954],[85.947916,44.563985],[85.947658,44.563985],[85.947100,44.564015],[85.946499,44.564199],[85.946070,44.564015],[85.946070,44.563068],[85.946199,44.562487],[85.946199,44.562120],[85.946027,44.561936],[85.946285,44.561478],[85.946242,44.561080],[85.946199,44.560774],[85.946671,44.560438],[85.946886,44.560071],[85.946843,44.559765],[85.947615,44.559429],[85.947873,44.559001],[85.947830,44.558634],[85.945427,44.558450],[85.943967,44.558145],[85.943324,44.558114],[85.942508,44.558481],[85.941393,44.558878],[85.940878,44.558664],[85.940534,44.558664],[85.940534,44.558900],[85.940446,44.558878],[85.939075,44.558533],[85.932551,44.554311],[85.932465,44.553087],[85.931521,44.552904],[85.931521,44.552598],[85.931178,44.552598],[85.930577,44.551864],[85.926629,44.551558],[85.925856,44.551497],[85.926114,44.550335],[85.925599,44.549785],[85.924654,44.549295],[85.923882,44.548378],[85.923453,44.547277],[85.923367,44.546665],[85.923195,44.546053],[85.923195,44.545258],[85.922595,44.543362],[85.922595,44.542933],[85.922938,44.542566],[85.922595,44.542016],[85.923624,44.541588],[85.923539,44.541159],[85.921136,44.540425],[85.921222,44.539263],[85.920191,44.538590],[85.920191,44.538101],[85.919934,44.537795],[85.919934,44.537244],[85.919419,44.536938],[85.918732,44.535898],[85.918818,44.534797],[85.919505,44.534185],[85.919505,44.533573],[85.919848,44.531799],[85.920535,44.530148],[85.920879,44.528128],[85.920535,44.525864],[85.919760,44.524878],[85.918560,44.523356],[85.922939,44.508911],[85.916759,44.506219],[85.913669,44.509646],[85.907059,44.507438],[85.906150,44.507134],[85.903885,44.493547],[85.901224,44.491037],[85.898134,44.490792],[85.897104,44.483444],[85.895988,44.482587],[85.896589,44.481852],[85.896331,44.472788],[85.884058,44.462437],[85.884488,44.457842],[85.885604,44.456127],[85.892384,44.451961],[85.899164,44.451777],[85.901139,44.447917],[85.903027,44.446324],[85.905002,44.446262],[85.906289,44.446262],[85.907662,44.446507],[85.909121,44.447304],[85.910581,44.447610],[85.912040,44.447426],[85.912555,44.446875],[85.912297,44.446017],[85.912125,44.445159],[85.911439,44.443811],[85.912984,44.443750],[85.914958,44.443689],[85.915902,44.443137],[85.916675,44.442463],[85.916675,44.441850],[85.916160,44.441850],[85.914785,44.440747],[85.914443,44.439889],[85.913928,44.439338],[85.914529,44.438602],[85.913583,44.437439],[85.912811,44.437133],[85.911523,44.436397],[85.911351,44.435110],[85.911351,44.433946],[85.910922,44.432965],[85.908777,44.432046],[85.907918,44.431249],[85.908004,44.429839],[85.908605,44.429288],[85.908862,44.428308],[85.908433,44.427755],[85.908777,44.427142],[85.911008,44.426775],[85.912200,44.426513],[85.911694,44.420305],[85.911633,44.418637],[85.909721,44.419695],[85.907876,44.420218],[85.905558,44.420968],[85.899593,44.421137],[85.893242,44.421045],[85.893048,44.418133],[85.892834,44.415359],[85.892448,44.415251],[85.892147,44.414760],[85.891353,44.414516],[85.890881,44.414118],[85.890795,44.413872],[85.889980,44.413764],[85.889401,44.410101],[85.889208,44.408813],[85.889486,44.408384],[85.889465,44.407250],[85.889937,44.406468],[85.890109,44.406160],[85.887148,44.402681],[85.885538,44.401454],[85.887040,44.399431],[85.893949,44.397866],[85.894561,44.397292],[85.894303,44.397054],[85.895194,44.396250],[85.895430,44.395935],[85.896492,44.395360],[85.896847,44.395053],[85.897254,44.394823],[85.898648,44.392914],[85.900805,44.389891],[85.901073,44.389331],[85.900923,44.385450],[85.900869,44.383065],[85.900687,44.380871],[85.900913,44.380787],[85.901213,44.380848],[85.901813,44.381101],[85.902210,44.381339],[85.902629,44.381538],[85.903037,44.381584],[85.903412,44.381630],[85.904345,44.381937],[85.906643,44.382727],[85.909061,44.383669],[85.909091,44.382701],[85.908138,44.365723],[85.907885,44.361227],[85.907856,44.360704],[85.907322,44.354941],[85.905348,44.337542],[85.904866,44.333289],[85.904790,44.332618],[85.913792,44.328820],[85.918470,44.322706],[85.926113,44.319582],[85.932450,44.318095],[85.935470,44.317387],[85.931192,44.298281],[85.935385,44.297700],[85.943113,44.296629],[85.946737,44.311411],[85.954203,44.309632],[85.952610,44.294249],[85.955447,44.293538],[85.957940,44.290735],[85.959361,44.289277],[85.960150,44.288466],[85.960331,44.286116],[85.960014,44.285161],[85.960888,44.277256],[85.962271,44.264743],[85.962762,44.258983],[85.965474,44.258510],[85.965718,44.256035],[85.966107,44.252094],[85.966333,44.249807],[85.966426,44.249581],[85.967444,44.249332],[85.968486,44.248803],[85.970192,44.247447],[85.970843,44.246753],[85.971104,44.246047],[85.971156,44.245337],[85.971010,44.244606],[85.970666,44.243882],[85.969695,44.243548],[85.969399,44.243493],[85.969350,44.243483],[85.969341,44.243481],[85.966740,44.242992],[85.966370,44.243031],[85.966725,44.240965],[85.967410,44.240342],[85.967547,44.239817],[85.967440,44.238708],[85.968231,44.237496],[85.970034,44.235303],[85.969418,44.233682],[85.969485,44.232555],[85.970168,44.232135],[85.970747,44.231012],[85.972565,44.226674],[85.976131,44.216956],[85.976433,44.215936],[85.976695,44.214347],[85.976793,44.211509],[85.977047,44.210453],[85.978026,44.208730],[85.978466,44.207616],[85.978998,44.206879],[85.979515,44.205252],[85.979555,44.204642],[85.979210,44.203657],[85.979637,44.202837],[85.979327,44.201363],[85.978412,44.199617],[85.978434,44.198392],[85.978359,44.198110],[85.977199,44.196786],[85.977022,44.196417],[85.976956,44.195597],[85.977393,44.194783],[85.977547,44.194208],[85.977479,44.193530],[85.977024,44.193126],[85.975606,44.192347],[85.975072,44.191917],[85.974531,44.191309],[85.973856,44.190104],[85.973536,44.188800],[85.973489,44.187799],[85.973890,44.185043],[85.973960,44.183281],[85.974206,44.182871],[85.974933,44.182484],[85.975715,44.182408],[85.978984,44.182435],[85.979607,44.182321],[85.980178,44.182093],[85.980972,44.181572],[85.982042,44.180644],[85.982621,44.179935],[85.982969,44.179316],[85.983454,44.178004],[85.983792,44.175151],[85.984019,44.174391],[85.984600,44.173230],[85.985728,44.172075],[85.986214,44.171287],[85.986535,44.170282],[85.986553,44.169795],[85.986305,44.168619],[85.985581,44.167702],[85.985357,44.166921],[85.985615,44.164532],[85.986089,44.163236],[85.986049,44.162540],[85.985459,44.160070],[85.985493,44.159569],[85.985706,44.159236],[85.986762,44.158490],[85.986780,44.158364],[85.986468,44.158103],[85.985689,44.157830],[85.985709,44.157603],[85.985890,44.157330],[85.986430,44.157044],[85.987124,44.157107],[85.990362,44.156802],[85.991218,44.156421],[85.991900,44.156417],[85.992420,44.156483],[85.993416,44.156942],[85.995043,44.157230],[85.996864,44.157448],[85.998526,44.157424],[85.999532,44.156687],[86.000366,44.156508],[86.001463,44.156383],[86.002410,44.156126],[86.003826,44.156295],[86.005539,44.155087],[86.006827,44.155008],[86.008778,44.155358],[86.009906,44.155175],[86.012421,44.155066],[86.016577,44.154246],[86.018083,44.154160],[86.019259,44.154345],[86.019732,44.154693],[86.019841,44.155315],[86.019985,44.155628],[86.020266,44.155802],[86.021439,44.156190],[86.025078,44.156478],[86.026935,44.156135],[86.027913,44.156596],[86.028676,44.156763],[86.029141,44.156741],[86.030604,44.156433],[86.032281,44.156853],[86.032816,44.156836],[86.033893,44.156462],[86.035027,44.156193],[86.036455,44.156498],[86.037879,44.156171],[86.038591,44.156404],[86.039568,44.156524],[86.040442,44.156424],[86.041423,44.156660],[86.042016,44.156901],[86.042881,44.156893],[86.046134,44.156068],[86.050187,44.156303],[86.051296,44.156914],[86.052045,44.157197],[86.053257,44.157438],[86.054048,44.157445],[86.056399,44.156957],[86.058833,44.156648],[86.059751,44.156991],[86.060978,44.157649],[86.062350,44.158526],[86.063802,44.158420],[86.063900,44.158843],[86.064271,44.159372],[86.064853,44.159743],[86.065916,44.160232],[86.066673,44.160333],[86.067889,44.160298],[86.069542,44.160033],[86.070656,44.159631],[86.071360,44.158886],[86.074049,44.157353],[86.077231,44.156810],[86.078303,44.156717],[86.079622,44.156729],[86.081042,44.155840],[86.083606,44.155751],[86.085130,44.155933],[86.087734,44.155998],[86.088342,44.155801],[86.088883,44.155320],[86.089607,44.154503],[86.089939,44.153968],[86.089778,44.152714],[86.089596,44.152349],[86.088893,44.151423],[86.076788,44.143395],[86.074026,44.141361],[86.072938,44.140009],[86.072568,44.139386],[86.072581,44.138589],[86.072701,44.138100],[86.073245,44.137872],[86.073975,44.137906],[86.074827,44.138534],[86.078424,44.140603],[86.080140,44.141070],[86.081129,44.141144],[86.082057,44.140973],[86.082523,44.140748],[86.082838,44.140474],[86.082950,44.139996],[86.082221,44.138207],[86.077622,44.131812],[86.077460,44.131313],[86.077815,44.130294],[86.078490,44.129708],[86.079567,44.129430],[86.085156,44.128298],[86.094795,44.126348],[86.096184,44.125958],[86.095970,44.125664],[86.095436,44.124922],[86.094696,44.124179],[86.093956,44.123435],[86.093216,44.122681],[86.092483,44.121938],[86.091545,44.121184],[86.090605,44.120430],[86.089660,44.119819],[86.088720,44.119065],[86.087980,44.118321],[86.087049,44.117566],[86.086102,44.116956],[86.085362,44.116203],[86.084423,44.115448],[86.083690,44.114704],[86.083148,44.113962],[86.082407,44.113218],[86.081866,44.112475],[86.081331,44.111742],[86.081186,44.111021],[86.081041,44.110291],[86.080696,44.109560],[86.080353,44.108837],[86.080017,44.108106],[86.079277,44.107352],[86.078735,44.106619],[86.077994,44.105866],[86.077046,44.105254],[86.076115,44.104499],[86.075168,44.103888],[86.074228,44.103133],[86.073288,44.102378],[86.072341,44.101766],[86.071408,44.101011],[86.070453,44.100399],[86.069514,44.099788],[86.068558,44.099176],[86.067595,44.098852],[86.066640,44.098231],[86.066113,44.097893],[86.065693,44.097619],[86.064760,44.096863],[86.063797,44.096395],[86.062864,44.095640],[86.062123,44.094895],[86.061580,44.094152],[86.061045,44.093418],[86.060899,44.092688],[86.060792,44.092157],[86.060181,44.091461],[86.056584,44.087365],[86.053887,44.082511],[86.047794,44.074621],[86.042607,44.068116],[86.038036,44.062075],[86.035354,44.056768],[86.031347,44.052794],[86.026348,44.049948],[86.022027,44.046197],[86.015545,44.040119],[86.009664,44.035191],[86.003809,44.029353],[85.996969,44.024634],[85.991670,44.021318],[85.986366,44.018001],[85.981078,44.014685],[85.974545,44.010204],[85.971321,44.007185],[85.970547,44.006459],[85.967559,44.003613],[85.967407,44.003070],[85.967407,44.002320],[85.967674,44.001788],[85.968427,44.001161],[85.968840,44.000290],[85.968792,43.999612],[85.968500,43.999055],[85.967795,43.998641],[85.965487,43.998248],[85.964612,43.997738],[85.964175,43.996793],[85.963932,43.995921],[85.963568,43.995242],[85.962644,43.994489],[85.962365,43.993847],[85.962536,43.992782],[85.963021,43.991767],[85.963215,43.990896],[85.962875,43.990362],[85.962195,43.990095],[85.960738,43.989801],[85.958746,43.989602],[85.957532,43.988873],[85.956634,43.987443],[85.956634,43.986378],[85.957057,43.985423],[85.958030,43.984215],[85.958054,43.983489],[85.957738,43.982398],[85.957738,43.981043],[85.957641,43.980050],[85.955698,43.978351],[85.955383,43.977334],[85.955504,43.976366],[85.956672,43.974778],[85.957061,43.973888],[85.956886,43.972900],[85.956536,43.972086],[85.955526,43.971483],[85.954632,43.970784],[85.954399,43.969893],[85.954574,43.969157],[85.955322,43.968104],[85.955574,43.967504],[85.955419,43.967077],[85.954583,43.966572],[85.952835,43.965736],[85.951494,43.965229],[85.949766,43.964877],[85.949028,43.964624],[85.948950,43.964198],[85.949513,43.963405],[85.950484,43.962361],[85.951426,43.959739],[85.953641,43.958524],[85.955195,43.958081],[85.956011,43.957986],[85.957643,43.958552],[85.958323,43.958553],[85.959159,43.958226],[85.960072,43.957318],[85.960363,43.956389],[85.960470,43.953262],[85.961422,43.952082],[85.961850,43.951328],[85.961889,43.950554],[85.961539,43.949894],[85.959868,43.948690],[85.958915,43.947835],[85.958876,43.946712],[85.959284,43.945512],[85.959673,43.944777],[85.959751,43.943616],[85.960101,43.942958],[85.961144,43.942656],[85.962030,43.942581],[85.962668,43.942412],[85.963352,43.942011],[85.963803,43.941377],[85.964067,43.940448],[85.964253,43.939302],[85.964502,43.938822],[85.965046,43.938436],[85.966835,43.937790],[85.968949,43.937207],[85.969581,43.936935],[85.970288,43.936355],[85.970965,43.935422],[85.971120,43.934956],[85.971081,43.934272],[85.970804,43.933828],[85.970449,43.933258],[85.969707,43.932817],[85.968360,43.932658],[85.966174,43.931949],[85.965029,43.931720],[85.964080,43.931673],[85.962830,43.931767],[85.959417,43.932663],[85.957617,43.932786],[85.956272,43.932555],[85.955577,43.932368],[85.954877,43.932360],[85.954153,43.932642],[85.953216,43.933168],[85.952112,43.933480],[85.951512,43.933509],[85.949970,43.933168],[85.948950,43.933167],[85.946599,43.933164],[85.944226,43.933356],[85.940950,43.933813],[85.940225,43.933852],[85.938432,43.933617],[85.937834,43.933647],[85.935129,43.934194],[85.933851,43.934256],[85.931243,43.933972],[85.929349,43.933917],[85.925085,43.933989],[85.923856,43.934048],[85.921413,43.934374],[85.919719,43.934357],[85.919215,43.934262],[85.918689,43.934022],[85.918482,43.933841],[85.918491,43.933374],[85.919053,43.933151],[85.921080,43.932925],[85.922469,43.932397],[85.922983,43.932004],[85.923203,43.931584],[85.923305,43.931001],[85.923078,43.930550],[85.922734,43.930215],[85.922293,43.929961],[85.921718,43.929869],[85.920945,43.929909],[85.920244,43.930082],[85.918007,43.931449],[85.917432,43.931522],[85.916804,43.931327],[85.916563,43.931087],[85.916006,43.930219],[85.915675,43.929208],[85.915538,43.929033],[85.915232,43.928916],[85.914634,43.928910],[85.914133,43.929049],[85.912168,43.930068],[85.911474,43.930138],[85.910819,43.930044],[85.909939,43.929619],[85.909217,43.929014],[85.907902,43.927142],[85.907277,43.926598],[85.906565,43.926168],[85.905594,43.925753],[85.905150,43.925657],[85.904164,43.925655],[85.903132,43.926027],[85.903027,43.926350],[85.903117,43.926891],[85.903496,43.927938],[85.903441,43.928225],[85.903007,43.928437],[85.902591,43.928433],[85.901851,43.928066],[85.900436,43.926469],[85.899356,43.925668],[85.897428,43.924930],[85.896438,43.924669],[85.895749,43.924231],[85.895478,43.923864],[85.895292,43.923408],[85.895230,43.922679],[85.894937,43.921959],[85.894125,43.921188],[85.892722,43.921109],[85.891024,43.921341],[85.889333,43.921437],[85.888588,43.921223],[85.887581,43.920631],[85.886894,43.920493],[85.883888,43.920578],[85.883463,43.920153],[85.882816,43.918860],[85.882282,43.918172],[85.881399,43.917516],[85.880598,43.917046],[85.879921,43.916860],[85.878663,43.916709],[85.877923,43.916444],[85.877529,43.916105],[85.877406,43.915718],[85.877412,43.914452],[85.877250,43.913414],[85.875404,43.911133],[85.875180,43.909871],[85.875229,43.909493],[85.874948,43.909249],[85.874418,43.909049],[85.870624,43.909004],[85.868284,43.909307],[85.867788,43.909268],[85.867396,43.908977],[85.867069,43.907859],[85.866484,43.906516],[85.865978,43.905862],[85.865327,43.905396],[85.864589,43.905030],[85.863502,43.904698],[85.862862,43.904405],[85.862421,43.904077],[85.861429,43.902714],[85.860937,43.902559],[85.859520,43.902578],[85.858727,43.902463],[85.858334,43.902244],[85.857966,43.901873],[85.857704,43.901447],[85.857446,43.900765],[85.856951,43.899932],[85.855859,43.898542],[85.854789,43.898041],[85.853259,43.897560],[85.852574,43.897051],[85.852187,43.896472],[85.851944,43.895772],[85.851615,43.895244],[85.851104,43.894777],[85.850195,43.894671],[85.849739,43.894725],[85.848931,43.894946],[85.848086,43.895502],[85.847536,43.895678],[85.846937,43.895770],[85.846242,43.895719],[85.844912,43.895332],[85.844608,43.895120],[85.844271,43.894537],[85.844154,43.893763],[85.843905,43.893464],[85.843476,43.893282],[85.841632,43.893148],[85.840099,43.892701],[85.839561,43.892337],[85.839251,43.892014],[85.838659,43.891023],[85.838047,43.890318],[85.837398,43.889903],[85.836538,43.889506],[85.836098,43.889178],[85.835662,43.888635],[85.835473,43.888130],[85.835499,43.886799],[85.835956,43.886227],[85.838058,43.885366],[85.838212,43.885032],[85.838123,43.884482],[85.837823,43.883953],[85.837367,43.883563],[85.836510,43.883209],[85.835282,43.882330],[85.834868,43.882158],[85.834498,43.882077],[85.832953,43.882103],[85.831743,43.881958],[85.831228,43.881798],[85.830761,43.881508],[85.830301,43.880999],[85.829514,43.878988],[85.829221,43.878582],[85.827995,43.877647],[85.827816,43.877332],[85.827865,43.875227],[85.827502,43.874405],[85.826988,43.873813],[85.825596,43.872720],[85.825164,43.872141],[85.825300,43.870494],[85.825108,43.869874],[85.825194,43.868840],[85.825230,43.867693],[85.825142,43.867485],[85.824834,43.867034],[85.823497,43.865975],[85.822441,43.865367],[85.821335,43.864913],[85.815721,43.862814],[85.814402,43.861796],[85.813227,43.859995],[85.811875,43.859276],[85.811709,43.858608],[85.811035,43.857718],[85.809787,43.856919],[85.809255,43.856404],[85.809138,43.855821],[85.809122,43.854737],[85.808939,43.853937],[85.809156,43.853520],[85.809604,43.853102],[85.809854,43.852568],[85.809754,43.852085],[85.809271,43.851469],[85.808656,43.850987],[85.807957,43.850638],[85.807458,43.850589],[85.802641,43.851088],[85.801744,43.850990],[85.801243,43.850607],[85.800927,43.849991],[85.800812,43.849207],[85.800412,43.848958],[85.799913,43.848958],[85.799381,43.849226],[85.798299,43.850128],[85.797649,43.850279],[85.796984,43.850197],[85.795653,43.849365],[85.794986,43.849216],[85.794787,43.848949],[85.794837,43.847465],[85.794970,43.847082],[85.796035,43.846297],[85.796219,43.846013],[85.796152,43.845663],[85.795686,43.845330],[85.793997,43.844474],[85.793364,43.843841],[85.792648,43.843475],[85.791866,43.843243],[85.791184,43.843177],[85.790151,43.842778],[85.788936,43.841963],[85.788004,43.841214],[85.786905,43.840282],[85.786297,43.839590],[85.786048,43.838374],[85.785998,43.837557],[85.786147,43.836706],[85.786414,43.836056],[85.786580,43.835122],[85.786613,43.833521],[85.786006,43.832963],[85.785689,43.832347],[85.785689,43.830963],[85.785556,43.829663],[85.785306,43.828863],[85.785181,43.825820],[85.784815,43.825287],[85.784282,43.824804],[85.784116,43.824388],[85.784199,43.824004],[85.784698,43.823603],[85.785864,43.822185],[85.786047,43.821634],[85.785997,43.821151],[85.785664,43.820885],[85.784232,43.820469],[85.783741,43.820078],[85.783341,43.819663],[85.783141,43.818978],[85.782875,43.818462],[85.782559,43.818212],[85.781843,43.817963],[85.780460,43.817764],[85.778812,43.817382],[85.777829,43.816850],[85.777230,43.816267],[85.777029,43.815783],[85.777179,43.815299],[85.777747,43.814683],[85.777995,43.814166],[85.777920,43.813557],[85.777372,43.813107],[85.777038,43.812690],[85.776871,43.812174],[85.776938,43.811708],[85.777288,43.811106],[85.777371,43.810624],[85.776822,43.808739],[85.776962,43.805947],[85.776797,43.805413],[85.775448,43.804381],[85.774747,43.804182],[85.774082,43.804182],[85.773699,43.804282],[85.772349,43.804851],[85.771749,43.804934],[85.771266,43.804801],[85.770566,43.804185],[85.770067,43.803435],[85.769733,43.802751],[85.769633,43.802251],[85.769983,43.801367],[85.769958,43.800192],[85.769658,43.797958],[85.768958,43.794774],[85.768300,43.793699],[85.767850,43.791232],[85.768017,43.790598],[85.768567,43.789697],[85.769250,43.788163],[85.769899,43.787779],[85.770708,43.786903],[85.771424,43.785586],[85.771890,43.785452],[85.773306,43.784801],[85.774273,43.784116],[85.775689,43.782648],[85.775872,43.782164],[85.776005,43.781314],[85.776388,43.780730],[85.776346,43.779988],[85.776613,43.779387],[85.777029,43.778820],[85.777745,43.776986],[85.777595,43.776652],[85.776946,43.775953],[85.776846,43.775602],[85.777237,43.772826],[85.777437,43.772126],[85.778103,43.771358],[85.778470,43.770674],[85.778370,43.770107],[85.777720,43.768841],[85.777504,43.767607],[85.777895,43.766731],[85.778012,43.765998],[85.779027,43.764363],[85.779144,43.763696],[85.778961,43.763146],[85.778111,43.761863],[85.777712,43.760929],[85.777328,43.760346],[85.776920,43.760238],[85.776321,43.760238],[85.774455,43.760657],[85.774039,43.760607],[85.773506,43.760107],[85.772873,43.759141],[85.772273,43.758524],[85.771490,43.758075],[85.770540,43.757692],[85.769857,43.757242],[85.768657,43.756209],[85.765716,43.755585],[85.764717,43.755252],[85.764383,43.754836],[85.764000,43.754069],[85.763950,43.753202],[85.764082,43.752051],[85.764049,43.751251],[85.763583,43.750601],[85.762917,43.750034],[85.760391,43.748376],[85.759591,43.747676],[85.759058,43.746942],[85.758874,43.746226],[85.759000,43.745266],[85.759383,43.744532],[85.759868,43.744032],[85.761701,43.743097],[85.761851,43.742781],[85.761735,43.742531],[85.759767,43.741998],[85.757900,43.741714],[85.756883,43.741765],[85.754476,43.742256],[85.753871,43.742190],[85.753288,43.741981],[85.753017,43.741606],[85.752912,43.741043],[85.753037,43.740272],[85.753433,43.739564],[85.754361,43.738636],[85.755153,43.737677],[85.755341,43.737156],[85.755361,43.736739],[85.754820,43.736010],[85.754382,43.735614],[85.753214,43.735093],[85.752047,43.734780],[85.751609,43.734405],[85.751630,43.733905],[85.752318,43.733009],[85.753902,43.731987],[85.754444,43.731404],[85.754486,43.730924],[85.754277,43.730362],[85.753631,43.729778],[85.752861,43.729236],[85.752235,43.729132],[85.751421,43.729236],[85.750254,43.729840],[85.749118,43.730601],[85.747679,43.731393],[85.746907,43.731476],[85.744301,43.731183],[85.740630,43.731724],[85.739128,43.731827],[85.738335,43.731535],[85.737918,43.731014],[85.738001,43.730451],[85.738700,43.729649],[85.740014,43.728462],[85.740369,43.727774],[85.739931,43.727169],[85.738241,43.725793],[85.738220,43.725001],[85.738095,43.724292],[85.737427,43.723416],[85.736906,43.722499],[85.736874,43.721092],[85.736561,43.720300],[85.736144,43.719779],[85.734496,43.718860],[85.733932,43.718318],[85.733181,43.716400],[85.733057,43.715608],[85.733349,43.715170],[85.733808,43.714879],[85.735143,43.714359],[85.736478,43.713422],[85.737324,43.712370],[85.737908,43.711120],[85.737866,43.710119],[85.737532,43.708472],[85.736479,43.704584],[85.736103,43.703835],[85.736103,43.702626],[85.735790,43.702084],[85.735039,43.701332],[85.733912,43.699373],[85.733432,43.697684],[85.733401,43.695944],[85.733693,43.694548],[85.733630,43.693609],[85.733359,43.693088],[85.732900,43.692713],[85.729498,43.690521],[85.727891,43.688832],[85.727171,43.687799],[85.726503,43.685777],[85.726169,43.684234],[85.725939,43.683734],[85.725125,43.683066],[85.723559,43.682022],[85.722370,43.681395],[85.721179,43.679852],[85.719749,43.678818],[85.719728,43.677234],[85.719978,43.676067],[85.720438,43.674880],[85.721921,43.673777],[85.722673,43.673006],[85.722777,43.672506],[85.721941,43.670921],[85.721796,43.669691],[85.721377,43.668503],[85.720355,43.667105],[85.719436,43.666145],[85.718768,43.665185],[85.718705,43.664664],[85.719269,43.663018],[85.719520,43.661434],[85.720626,43.659747],[85.720730,43.658809],[85.720501,43.656141],[85.720710,43.655349],[85.721179,43.654589],[85.721973,43.653882],[85.722056,43.653319],[85.721826,43.651380],[85.721659,43.650879],[85.720929,43.650378],[85.720532,43.649752],[85.720532,43.649128],[85.720908,43.648232],[85.721033,43.647627],[85.720814,43.647033],[85.720271,43.646533],[85.718642,43.645489],[85.717911,43.644571],[85.717514,43.643715],[85.717702,43.642506],[85.717577,43.641673],[85.717723,43.640838],[85.718099,43.640173],[85.719289,43.639194],[85.719634,43.638538],[85.719571,43.637788],[85.718987,43.637120],[85.718047,43.636348],[85.716293,43.634574],[85.715040,43.634092],[85.714268,43.633612],[85.713850,43.632799],[85.713391,43.632381],[85.712555,43.631984],[85.709776,43.631646],[85.708566,43.631353],[85.707594,43.630820],[85.707114,43.630194],[85.706925,43.629526],[85.706967,43.628797],[85.706779,43.626441],[85.706550,43.626066],[85.706424,43.624127],[85.706027,43.623522],[85.702799,43.621630],[85.701943,43.621337],[85.700543,43.621335],[85.699498,43.621062],[85.698600,43.620435],[85.697994,43.619683],[85.697325,43.619370],[85.693814,43.619364],[85.691526,43.620079],[85.690355,43.620285],[85.689101,43.620429],[85.688015,43.620447],[85.686280,43.620715],[85.683939,43.620231],[85.683040,43.620376],[85.682403,43.620739],[85.681901,43.621218],[85.681420,43.622009],[85.681023,43.622467],[85.679560,43.623110],[85.678891,43.623567],[85.677679,43.624149],[85.676571,43.624834],[85.675777,43.625021],[85.675108,43.624998],[85.673875,43.624746],[85.672328,43.624138],[85.671105,43.623834],[85.664939,43.622926],[85.664793,43.622675],[85.664875,43.622300],[85.665273,43.621697],[85.665357,43.621113],[85.665127,43.620654],[85.663936,43.619297],[85.662828,43.618711],[85.659954,43.617549],[85.659097,43.616943],[85.658073,43.616066],[85.657948,43.615190],[85.657550,43.614230],[85.656694,43.613291],[85.655293,43.612058],[85.654207,43.611619],[85.653621,43.611493],[85.651009,43.612113],[85.650048,43.611966],[85.649358,43.611610],[85.648794,43.610796],[85.648387,43.609326],[85.648533,43.608638],[85.648993,43.607993],[85.648700,43.606200],[85.647906,43.604427],[85.647216,43.603821],[85.641596,43.602374],[85.640259,43.601851],[85.639455,43.600922],[85.638828,43.599879],[85.637136,43.597875],[85.636008,43.597186],[85.634839,43.596601],[85.633836,43.595891],[85.631873,43.593532],[85.631403,43.592292],[85.630421,43.591331],[85.627791,43.589848],[85.623950,43.588448],[85.622509,43.587467],[85.621632,43.586736],[85.621131,43.585903],[85.621058,43.585142],[85.622332,43.580953],[85.622353,43.580119],[85.622102,43.579390],[85.621434,43.578889],[85.620933,43.578346],[85.620474,43.577177],[85.620244,43.576949],[85.619034,43.576719],[85.617928,43.576697],[85.616738,43.576800],[85.614850,43.577372],[85.613368,43.577662],[85.612846,43.577620],[85.612200,43.577391],[85.611553,43.576870],[85.611198,43.575994],[85.610468,43.573117],[85.610322,43.571762],[85.609842,43.571199],[85.608862,43.570844],[85.607735,43.570677],[85.606484,43.570614],[85.605775,43.570385],[85.603971,43.570124],[85.602344,43.570061],[85.600822,43.570249],[85.598946,43.571187],[85.598258,43.571374],[85.594839,43.571104],[85.593797,43.570896],[85.593047,43.570250],[85.592630,43.569541],[85.592567,43.567185],[85.592244,43.565924],[85.591744,43.565341],[85.590494,43.564299],[85.588035,43.561986],[85.586889,43.560673],[85.585358,43.558267],[85.584837,43.557225],[85.584171,43.556641],[85.582338,43.555892],[85.581838,43.555413],[85.581609,43.554830],[85.581692,43.554246],[85.581900,43.553724],[85.582379,43.553224],[85.582733,43.552431],[85.582839,43.551326],[85.583150,43.550680],[85.583587,43.549804],[85.584441,43.548699],[85.584421,43.548115],[85.584025,43.547531],[85.583337,43.546802],[85.583193,43.546177],[85.583193,43.545364],[85.583025,43.545030],[85.581919,43.544225],[85.581237,43.543141],[85.580686,43.542625],[85.579704,43.540524],[85.579604,43.539975],[85.579854,43.539590],[85.580237,43.539256],[85.580737,43.538472],[85.581803,43.537787],[85.582910,43.537411],[85.584278,43.537110],[85.587611,43.536475],[85.588861,43.536390],[85.589877,43.536207],[85.590261,43.535956],[85.590378,43.535655],[85.590278,43.535305],[85.589577,43.534505],[85.589361,43.534106],[85.589477,43.533822],[85.589911,43.533504],[85.590711,43.533187],[85.592061,43.532219],[85.593295,43.531885],[85.595229,43.531801],[85.596396,43.531651],[85.596842,43.531517],[85.597201,43.531185],[85.597487,43.530785],[85.595048,43.529555],[85.594025,43.529238],[85.592875,43.529008],[85.592273,43.529003],[85.590830,43.529167],[85.588552,43.529591],[85.587148,43.529938],[85.584196,43.531051],[85.583274,43.531213],[85.581615,43.531274],[85.579946,43.531219],[85.578735,43.530962],[85.577363,43.530426],[85.576575,43.530384],[85.575274,43.530502],[85.573415,43.530528],[85.571924,43.530425],[85.567771,43.530544],[85.565411,43.530492],[85.562378,43.530614],[85.559803,43.530910],[85.557749,43.530904],[85.555978,43.531198],[85.554324,43.531641],[85.552998,43.532252],[85.548934,43.533161],[85.547117,43.533789],[85.544427,43.534022],[85.542421,43.534325],[85.541235,43.534357],[85.539876,43.534071],[85.536677,43.533664],[85.534127,43.533181],[85.533125,43.532901],[85.532138,43.532863],[85.531018,43.533086],[85.529817,43.533509],[85.528490,43.534260],[85.524051,43.535684],[85.521262,43.535847],[85.519683,43.536188],[85.518686,43.536056],[85.518076,43.535694],[85.515823,43.534807],[85.514452,43.534166],[85.513157,43.533130],[85.511467,43.532168],[85.509832,43.530827],[85.509127,43.529890],[85.508995,43.529123],[85.506898,43.526141],[85.506381,43.524797],[85.506118,43.523733],[85.505765,43.523260],[85.505322,43.523022],[85.504086,43.522636],[85.502429,43.522758],[85.499033,43.524038],[85.496882,43.524748],[85.494982,43.525174],[85.494762,43.525101],[85.493663,43.523712],[85.492447,43.522560],[85.490260,43.520917],[85.489751,43.520324],[85.489424,43.519653],[85.489412,43.519157],[85.489899,43.518430],[85.489877,43.518172],[85.488932,43.516613],[85.488624,43.515106],[85.487653,43.512530],[85.487663,43.512116],[85.487795,43.511757],[85.487998,43.511534],[85.488799,43.511056],[85.489177,43.510699],[85.489613,43.510056],[85.489811,43.509058],[85.489746,43.508625],[85.489562,43.508119],[85.488561,43.506731],[85.488378,43.506171],[85.488330,43.504144],[85.486731,43.502975],[85.485785,43.502425],[85.484695,43.502059],[85.483309,43.500696],[85.483239,43.500262],[85.483775,43.499342],[85.483809,43.499007],[85.483764,43.498692],[85.483462,43.498324],[85.482637,43.497941],[85.481644,43.497773],[85.478201,43.497298],[85.475491,43.497154],[85.474270,43.497330],[85.472271,43.498279],[85.471199,43.498337],[85.469271,43.497451],[85.466583,43.496505],[85.464164,43.496162],[85.462741,43.496128],[85.460891,43.496293],[85.459391,43.496622],[85.459018,43.496441],[85.458308,43.495595],[85.457921,43.494642],[85.457838,43.493629],[85.457663,43.492844],[85.457241,43.491983],[85.456758,43.491565],[85.455556,43.491119],[85.454553,43.490891],[85.450610,43.490771],[85.449694,43.490169],[85.448047,43.488611],[85.447232,43.487112],[85.446584,43.484706],[85.446341,43.484097],[85.446032,43.483691],[85.444592,43.482890],[85.443196,43.481825],[85.442385,43.481324],[85.439401,43.480321],[85.437025,43.479756],[85.434808,43.479048],[85.434037,43.478898],[85.430711,43.478691],[85.428506,43.478773],[85.425022,43.479599],[85.422238,43.480377],[85.420944,43.480456],[85.419833,43.480345],[85.418955,43.480118],[85.417778,43.480170],[85.415212,43.480926],[85.414776,43.480985],[85.413772,43.480531],[85.412266,43.480241],[85.409063,43.480314],[85.407546,43.480633],[85.405798,43.480767],[85.403336,43.480220],[85.401916,43.480181],[85.399287,43.480321],[85.396608,43.480785],[85.394294,43.481070],[85.390713,43.481226],[85.389869,43.481391],[85.389312,43.481713],[85.388467,43.481907],[85.387190,43.481821],[85.386126,43.481572],[85.385314,43.481058],[85.383614,43.481038],[85.381382,43.481280],[85.377070,43.482022],[85.373685,43.482360],[85.370924,43.483165],[85.369635,43.484020],[85.367918,43.484763],[85.365603,43.484862],[85.363415,43.485160],[85.360650,43.485107],[85.359444,43.484777],[85.359255,43.484504],[85.359197,43.483302],[85.358023,43.482091],[85.357684,43.481902],[85.357342,43.481835],[85.356177,43.482061],[85.355059,43.482501],[85.353996,43.482686],[85.349348,43.483030],[85.348033,43.483230],[85.345097,43.484202],[85.339893,43.484460],[85.339392,43.484566],[85.338953,43.484803],[85.337781,43.485043],[85.335506,43.485119],[85.334361,43.485307],[85.332659,43.485787],[85.330513,43.486539],[85.328765,43.486608],[85.328297,43.486711],[85.326799,43.487409],[85.325130,43.488357],[85.324592,43.488798],[85.323716,43.490002],[85.323337,43.491070],[85.323216,43.492921],[85.323537,43.493644],[85.324067,43.494125],[85.324380,43.494564],[85.324599,43.495818],[85.324534,43.496444],[85.324603,43.497074],[85.325147,43.498518],[85.325189,43.498978],[85.325072,43.500115],[85.324392,43.501457],[85.324460,43.502039],[85.324342,43.502672],[85.323988,43.503353],[85.323436,43.503801],[85.323199,43.504205],[85.323094,43.504703],[85.323156,43.505229],[85.324182,43.507009],[85.324768,43.508680],[85.325177,43.510629],[85.325917,43.512287],[85.326164,43.513275],[85.326106,43.515106],[85.326185,43.515538],[85.326857,43.516757],[85.327432,43.517549],[85.327357,43.518228],[85.327055,43.518985],[85.326722,43.519364],[85.325961,43.519951],[85.324932,43.520556],[85.323454,43.521171],[85.323096,43.521402],[85.322310,43.522879],[85.321703,43.524386],[85.321339,43.524723],[85.320644,43.525343],[85.319060,43.526443],[85.317145,43.527464],[85.316382,43.528525],[85.315222,43.529173],[85.314477,43.529173],[85.313995,43.529079],[85.311142,43.528114],[85.306077,43.526871],[85.304915,43.526759],[85.303837,43.526868],[85.303076,43.526801],[85.300536,43.524979],[85.299222,43.523764],[85.296999,43.522310],[85.296657,43.521862],[85.296697,43.520454],[85.296444,43.519471],[85.296401,43.518502],[85.297068,43.516502],[85.297854,43.515032],[85.297962,43.513818],[85.297895,43.512936],[85.297616,43.512080],[85.297617,43.511608],[85.297354,43.510358],[85.297278,43.509439],[85.297285,43.509182],[85.297652,43.508630],[85.297757,43.508280],[85.297682,43.507922],[85.296873,43.507324],[85.296420,43.507146],[85.295656,43.506442],[85.293994,43.505431],[85.293200,43.505048],[85.291978,43.504639],[85.290668,43.503566],[85.287454,43.502453],[85.286812,43.502404],[85.286407,43.502514],[85.284644,43.503255],[85.283172,43.504089],[85.281108,43.505955],[85.280858,43.506282],[85.280447,43.506567],[85.277006,43.507171],[85.274526,43.507905],[85.273779,43.508043],[85.270421,43.509213],[85.269343,43.510096],[85.268353,43.511514],[85.267953,43.511793],[85.267516,43.511906],[85.266179,43.511960],[85.262251,43.511413],[85.260446,43.511601],[85.259552,43.511838],[85.258707,43.512229],[85.257958,43.512741],[85.257015,43.512639],[85.256393,43.512737],[85.255445,43.513032],[85.253864,43.513768],[85.253235,43.514212],[85.252716,43.514964],[85.252646,43.515248],[85.252656,43.517062],[85.252311,43.517582],[85.251907,43.518452],[85.251494,43.519890],[85.251457,43.520576],[85.251281,43.520851],[85.250718,43.521044],[85.248828,43.521219],[85.245941,43.521746],[85.244958,43.521634],[85.243531,43.521273],[85.242780,43.521182],[85.241829,43.520893],[85.241402,43.520653],[85.240961,43.520220],[85.240180,43.519171],[85.238365,43.517241],[85.237245,43.515560],[85.236733,43.515130],[85.235841,43.514961],[85.235109,43.514992],[85.234449,43.515181],[85.232849,43.515942],[85.229555,43.517102],[85.228818,43.517126],[85.228368,43.517049],[85.226868,43.516528],[85.225269,43.515788],[85.223387,43.515478],[85.221528,43.514804],[85.218231,43.513806],[85.217080,43.513251],[85.215178,43.511424],[85.214532,43.510245],[85.214270,43.509512],[85.213955,43.509343],[85.213120,43.509523],[85.212010,43.510071],[85.209966,43.510775],[85.209513,43.510804],[85.207429,43.510368],[85.205640,43.510626],[85.204228,43.510626],[85.203296,43.510470],[85.202442,43.510626],[85.202197,43.510745],[85.201813,43.511266],[85.201468,43.511459],[85.201023,43.511577],[85.200036,43.511612],[85.198834,43.512066],[85.196799,43.511962],[85.195573,43.512044],[85.193096,43.512632],[85.191007,43.512524],[85.189709,43.512779],[85.189400,43.512898],[85.189097,43.513500],[85.188948,43.514976],[85.188144,43.516274],[85.187968,43.516469],[85.187694,43.516565],[85.186002,43.516343],[85.185632,43.516214],[85.185211,43.515514],[85.184594,43.515146],[85.182556,43.515167],[85.181406,43.514977],[85.179600,43.515175],[85.178721,43.515063],[85.177410,43.514599],[85.175419,43.513617],[85.174239,43.513303],[85.171297,43.512099],[85.170982,43.511835],[85.170735,43.511447],[85.170504,43.510824],[85.170338,43.510894],[85.169631,43.511825],[85.168393,43.512971],[85.167596,43.513418],[85.165608,43.514009],[85.165300,43.514181],[85.164914,43.514674],[85.164881,43.515173],[85.166118,43.517381],[85.167940,43.519416],[85.167956,43.519807],[85.167659,43.520331],[85.167470,43.520972],[85.166755,43.522150],[85.166746,43.522447],[85.166971,43.522871],[85.167023,43.523392],[85.166914,43.523639],[85.162478,43.525965],[85.161783,43.526475],[85.161007,43.527430],[85.160868,43.528086],[85.160952,43.528680],[85.160904,43.529150],[85.160830,43.529348],[85.160444,43.529738],[85.160370,43.530493],[85.160936,43.532011],[85.159486,43.532940],[85.158309,43.533589],[85.157514,43.533919],[85.157237,43.534089],[85.157164,43.534261],[85.156803,43.535659],[85.156308,43.536860],[85.156222,43.537294],[85.156353,43.538535],[85.156250,43.544819],[85.156879,43.545896],[85.157035,43.546296],[85.157061,43.546654],[85.156950,43.546866],[85.156324,43.547328],[85.155000,43.547770],[85.154039,43.547978],[85.152063,43.548280],[85.149814,43.548459],[85.149103,43.548374],[85.146944,43.547822],[85.145995,43.547709],[85.142381,43.547684],[85.138255,43.547948],[85.136981,43.547798],[85.133477,43.547819],[85.127976,43.548069],[85.120679,43.549053],[85.119471,43.549303],[85.117447,43.550121],[85.116521,43.550354],[85.115483,43.550858],[85.114333,43.551731],[85.112827,43.552512],[85.111688,43.552989],[85.111104,43.553153],[85.108814,43.553413],[85.107986,43.553746],[85.106970,43.554671],[85.105926,43.555372],[85.105470,43.555572],[85.104460,43.555397],[85.101858,43.554710],[85.098111,43.553966],[85.096220,43.553837],[85.093159,43.553312],[85.092306,43.553322],[85.091484,43.553432],[85.090865,43.553620],[85.089792,43.554097],[85.087633,43.555426],[85.086185,43.556548],[85.085529,43.556784],[85.084266,43.556812],[85.082246,43.555959],[85.081535,43.555797],[85.078071,43.555902],[85.077319,43.556012],[85.076465,43.556432],[85.075885,43.556447],[85.075289,43.556342],[85.074397,43.556475],[85.072632,43.557235],[85.070913,43.558133],[85.067602,43.560252],[85.066013,43.560792],[85.065687,43.561381],[85.065668,43.563572],[85.065373,43.564260],[85.064345,43.564873],[85.062722,43.565412],[85.061714,43.565963],[85.061086,43.566348],[85.060699,43.566712],[85.060410,43.567177],[85.060336,43.567374],[85.060394,43.567672],[85.060688,43.568098],[85.060952,43.568401],[85.062059,43.569016],[85.062122,43.569191],[85.061944,43.569386],[85.061530,43.569527],[85.060289,43.569875],[85.059647,43.569912],[85.057817,43.568382],[85.056967,43.568044],[85.055580,43.567824],[85.055466,43.567671],[85.056239,43.563944],[85.056195,43.563470],[85.055949,43.562799],[85.055265,43.561926],[85.054745,43.561507],[85.053194,43.560844],[85.051844,43.559970],[85.050196,43.558557],[85.049602,43.557885],[85.048630,43.556369],[85.048049,43.555748],[85.046903,43.554852],[85.045000,43.552675],[85.042300,43.551277],[85.040617,43.550290],[85.039218,43.549282],[85.038090,43.548357],[85.037689,43.547897],[85.037607,43.547702],[85.037617,43.547315],[85.038194,43.545617],[85.038123,43.545057],[85.037666,43.544069],[85.037554,43.542927],[85.037194,43.542146],[85.037050,43.542014],[85.036815,43.541966],[85.032852,43.541905],[85.032158,43.541810],[85.031643,43.541659],[85.031092,43.541070],[85.030633,43.539939],[85.030177,43.539265],[85.028019,43.536716],[85.027767,43.536238],[85.027636,43.535257],[85.027874,43.533452],[85.028092,43.531793],[85.027850,43.529842],[85.027139,43.528710],[85.026509,43.528009],[85.025225,43.526876],[85.022636,43.525090],[85.021635,43.524535],[85.021553,43.524296],[85.021630,43.523781],[85.021888,43.523142],[85.021836,43.522000],[85.021592,43.521771],[85.020247,43.521140],[85.019347,43.520499],[85.018490,43.519660],[85.017942,43.518909],[85.017829,43.518226],[85.017904,43.517648],[85.018229,43.517087],[85.018627,43.516786],[85.020499,43.514430],[85.020487,43.513843],[85.020358,43.513641],[85.019762,43.513247],[85.018355,43.512606],[85.017069,43.511898],[85.014644,43.510786],[85.012468,43.509373],[85.011757,43.508839],[85.010811,43.507906],[85.010678,43.506838],[85.010605,43.506712],[85.010344,43.506583],[85.004429,43.506955],[85.003678,43.506867],[85.001609,43.505851],[85.000096,43.504685],[84.996775,43.502559],[84.995735,43.501751],[84.995222,43.501157],[84.995011,43.499755],[84.994613,43.499232],[84.993257,43.498659],[84.991526,43.498142],[84.990337,43.497573],[84.989848,43.497233],[84.989614,43.496777],[84.990391,43.495291],[84.990869,43.493718],[84.990671,43.491575],[84.991329,43.490728],[84.992680,43.489727],[84.994203,43.487787],[84.994559,43.487100],[84.994527,43.486795],[84.994079,43.486517],[84.989988,43.486009],[84.988092,43.485377],[84.985416,43.484075],[84.983291,43.482883],[84.982073,43.481955],[84.981186,43.481092],[84.980572,43.480159],[84.980242,43.479870],[84.979857,43.479740],[84.976856,43.479885],[84.975519,43.480040],[84.974011,43.480340],[84.973130,43.480681],[84.970645,43.482089],[84.969869,43.482341],[84.966954,43.483794],[84.965879,43.484868],[84.965192,43.485325],[84.963663,43.486106],[84.962227,43.486705],[84.959997,43.487289],[84.959054,43.487428],[84.958294,43.487373],[84.957322,43.487229],[84.956033,43.486879],[84.954829,43.486310],[84.952325,43.484728],[84.951731,43.484500],[84.950699,43.484309],[84.950072,43.484344],[84.949282,43.484516],[84.947644,43.484895],[84.946513,43.485097],[84.945549,43.485243],[84.944412,43.485325],[84.943653,43.485340],[84.943127,43.485360],[84.942523,43.485221],[84.942025,43.485009],[84.941252,43.484680],[84.940303,43.484085],[84.939264,43.483563],[84.938368,43.483232],[84.937420,43.482929],[84.936742,43.482841],[84.936138,43.482797],[84.935884,43.482783],[84.935259,43.483056],[84.934455,43.483562],[84.934181,43.483836],[84.933629,43.484491],[84.933425,43.484844],[84.933015,43.485196],[84.932788,43.485449],[84.932352,43.485919],[84.930938,43.487378],[84.929692,43.488609],[84.929167,43.489305],[84.929072,43.489393],[84.927902,43.489957],[84.927857,43.489989],[84.927393,43.490310],[84.926963,43.490556],[84.926643,43.490711],[84.926516,43.490787],[84.925989,43.491054],[84.925186,43.491529],[84.924610,43.491909],[84.924315,43.492150],[84.923946,43.492608],[84.923583,43.493199],[84.923266,43.493879],[84.923059,43.494708],[84.923030,43.495340],[84.923095,43.495913],[84.923220,43.496508],[84.923363,43.496927],[84.923490,43.497334],[84.923798,43.498010],[84.924049,43.498546],[84.924120,43.498797],[84.924482,43.499230],[84.924762,43.499584],[84.925141,43.499919],[84.925213,43.499990],[84.914044,43.508003],[84.906036,43.514097],[84.905465,43.514747],[84.905569,43.514957],[84.905641,43.515358],[84.904803,43.516205],[84.902931,43.517615],[84.902260,43.518579],[84.901322,43.519562],[84.900608,43.520048],[84.900097,43.520540],[84.899133,43.521601],[84.898888,43.522385],[84.898965,43.522645],[84.898899,43.524797],[84.898722,43.525547],[84.898246,43.526553],[84.898092,43.527089],[84.897746,43.528735],[84.897447,43.531583],[84.897176,43.532084],[84.896401,43.532398],[84.894221,43.532858],[84.892807,43.533535],[84.891073,43.534521],[84.891021,43.534869],[84.891855,43.537081],[84.892065,43.537895],[84.892071,43.538198],[84.891888,43.538888],[84.891306,43.539889],[84.890923,43.541386],[84.890936,43.542634],[84.891049,43.543057],[84.891455,43.543758],[84.890687,43.544189],[84.890234,43.544559],[84.890144,43.544778],[84.889551,43.547971],[84.889520,43.548581],[84.889062,43.549754],[84.889022,43.550107],[84.889129,43.550253],[84.890238,43.550813],[84.891155,43.551412],[84.892344,43.552286],[84.893327,43.553804],[84.893630,43.555506],[84.893589,43.556057],[84.893431,43.556444],[84.892832,43.557237],[84.890980,43.558748],[84.890519,43.559265],[84.890185,43.559492],[84.889889,43.559927],[84.889988,43.560047],[84.891456,43.560537],[84.893710,43.561485],[84.894586,43.562049],[84.895028,43.562741],[84.895077,43.563557],[84.894949,43.564172],[84.894261,43.565900],[84.894176,43.567658],[84.894327,43.568094],[84.895333,43.569029],[84.897980,43.570085],[84.898225,43.570515],[84.898294,43.571386],[84.898479,43.571958],[84.898492,43.572563],[84.898367,43.573077],[84.897775,43.573991],[84.897484,43.575864],[84.897168,43.576285],[84.896557,43.576729],[84.895143,43.577159],[84.893402,43.577219],[84.890446,43.576824],[84.883633,43.576788],[84.883093,43.576955],[84.882212,43.577421],[84.881651,43.577535],[84.880896,43.577522],[84.880041,43.577341],[84.879394,43.577067],[84.878830,43.577444],[84.872553,43.576466],[84.863210,43.575394],[84.861609,43.574439],[84.860518,43.573907],[84.858407,43.572458],[84.857879,43.571938],[84.856301,43.571726],[84.855689,43.571782],[84.854617,43.571720],[84.852479,43.571426],[84.851292,43.571099],[84.850530,43.570779],[84.849537,43.570091],[84.847442,43.570382],[84.846182,43.570680],[84.844025,43.570840],[84.842876,43.571813],[84.842616,43.571867],[84.842192,43.571768],[84.841236,43.571853],[84.838269,43.572633],[84.837805,43.573037],[84.835265,43.574755],[84.834557,43.575401],[84.834221,43.576379],[84.834501,43.576725],[84.834924,43.578401],[84.834877,43.578578],[84.838579,43.578907],[84.839055,43.579078],[84.841647,43.579336],[84.842913,43.579627],[84.843767,43.579936],[84.845020,43.580618],[84.847262,43.581330],[84.850507,43.581700],[84.853124,43.582861],[84.853607,43.583286],[84.853879,43.583707],[84.853985,43.584047],[84.853971,43.584456],[84.853655,43.585329],[84.852977,43.586033],[84.852715,43.586500],[84.852773,43.587158],[84.852653,43.588227],[84.852295,43.589111],[84.851686,43.590172],[84.850919,43.591054],[84.849838,43.593887],[84.848465,43.595707],[84.847451,43.596801],[84.846690,43.598408],[84.844414,43.600777],[84.843847,43.601517],[84.843198,43.602597],[84.843049,43.603440],[84.843034,43.604367],[84.843232,43.605725],[84.843191,43.606780],[84.843442,43.607750],[84.843091,43.608926],[84.843073,43.609417],[84.843422,43.609823],[84.843517,43.610116],[84.843429,43.610672],[84.843519,43.612306],[84.843212,43.613233],[84.843237,43.613598],[84.843595,43.614355],[84.843545,43.615374],[84.843608,43.615611],[84.844045,43.616511],[84.844003,43.616686],[84.843611,43.617062],[84.843491,43.618184],[84.843044,43.618850],[84.843175,43.620626],[84.843344,43.621337],[84.843816,43.621911],[84.843566,43.623122],[84.843700,43.623574],[84.843197,43.624498],[84.843612,43.625084],[84.844149,43.626201],[84.843874,43.626817],[84.844024,43.627328],[84.843985,43.627726],[84.843856,43.627832],[84.844328,43.628556],[84.844848,43.630369],[84.844869,43.630772],[84.844701,43.631542],[84.844740,43.631983],[84.845504,43.634055],[84.845549,43.634877],[84.845769,43.635616],[84.845833,43.635734],[84.847154,43.636534],[84.847277,43.637590],[84.847500,43.637925],[84.847656,43.638837],[84.849006,43.640037],[84.849420,43.640908],[84.850161,43.641315],[84.851849,43.641913],[84.852128,43.642162],[84.852475,43.642737],[84.852817,43.643021],[84.854078,43.643486],[84.854653,43.643912],[84.855924,43.645439],[84.856641,43.645994],[84.857128,43.646258],[84.858949,43.646901],[84.860068,43.647424],[84.861034,43.648052],[84.861268,43.648416],[84.861701,43.649546],[84.862202,43.649960],[84.862494,43.650629],[84.863518,43.651290],[84.863977,43.652084],[84.864638,43.652177],[84.865072,43.652092],[84.865823,43.652116],[84.866693,43.652387],[84.867539,43.652413],[84.868824,43.653168],[84.870095,43.653462],[84.870286,43.653645],[84.870558,43.654326],[84.870968,43.654712],[84.870988,43.655030],[84.870798,43.655611],[84.870865,43.655839],[84.871349,43.656245],[84.872035,43.657271],[84.872665,43.657753],[84.872671,43.658305],[84.872882,43.658689],[84.873850,43.659212],[84.874413,43.660086],[84.875187,43.660603],[84.875797,43.661549],[84.876811,43.662287],[84.877910,43.663421],[84.878143,43.663821],[84.878169,43.664551],[84.879373,43.665617],[84.879519,43.665901],[84.879572,43.666735],[84.880398,43.667279],[84.880575,43.667858],[84.880942,43.668394],[84.881036,43.669017],[84.881359,43.669275],[84.881418,43.669586],[84.881723,43.669922],[84.881787,43.670312],[84.882244,43.670844],[84.882281,43.671479],[84.882796,43.672017],[84.882937,43.672346],[84.882807,43.673301],[84.883121,43.673950],[84.883939,43.674985],[84.886139,43.677201],[84.886883,43.677630],[84.888387,43.679164],[84.889557,43.680552],[84.889778,43.680946],[84.890002,43.682411],[84.889865,43.684225],[84.890004,43.684934],[84.889930,43.685401],[84.889972,43.685555],[84.890452,43.685892],[84.890524,43.686082],[84.890375,43.687013],[84.890936,43.688035],[84.891079,43.688825],[84.891538,43.689777],[84.891579,43.689987],[84.891415,43.691088],[84.891509,43.691595],[84.891668,43.691946],[84.892226,43.692598],[84.892885,43.693645],[84.892734,43.696074],[84.892909,43.696852],[84.893021,43.699665],[84.893133,43.700023],[84.893443,43.700531],[84.893914,43.701121],[84.894031,43.701430],[84.894066,43.702249],[84.894146,43.702407],[84.895122,43.703365],[84.895086,43.703912],[84.895194,43.704206],[84.896536,43.706404],[84.896625,43.706693],[84.896659,43.707105],[84.896372,43.708273],[84.896356,43.708703],[84.896815,43.709888],[84.896472,43.711080],[84.896454,43.711583],[84.896592,43.711910],[84.897019,43.712457],[84.898512,43.713503],[84.898721,43.713859],[84.898816,43.714286],[84.898875,43.715128],[84.898749,43.715867],[84.898019,43.717455],[84.897987,43.717848],[84.898166,43.719256],[84.898131,43.720667],[84.897856,43.721662],[84.897879,43.721899],[84.898450,43.722593],[84.899971,43.723561],[84.900135,43.724605],[84.900774,43.725694],[84.900901,43.726308],[84.901149,43.726880],[84.901472,43.727447],[84.901907,43.727968],[84.902150,43.728601],[84.902900,43.729600],[84.903946,43.731544],[84.904323,43.732546],[84.904585,43.732955],[84.905736,43.734200],[84.905791,43.734469],[84.906160,43.735162],[84.906236,43.735523],[84.907174,43.737251],[84.908451,43.739074],[84.909653,43.740493],[84.909784,43.740856],[84.909854,43.741582],[84.910225,43.742506],[84.911465,43.743433],[84.913991,43.744696],[84.914178,43.744844],[84.914561,43.745541],[84.914996,43.745777],[84.916427,43.746309],[84.918309,43.746600],[84.920380,43.746833],[84.921639,43.746683],[84.922724,43.746736],[84.923692,43.747220],[84.923994,43.747802],[84.924956,43.748453],[84.925480,43.748992],[84.925736,43.749902],[84.925704,43.750502],[84.925471,43.751300],[84.924481,43.753457],[84.924315,43.754045],[84.924391,43.754401],[84.924844,43.755030],[84.925017,43.755593],[84.925063,43.756111],[84.924946,43.756751],[84.925198,43.757453],[84.925342,43.758409],[84.925340,43.758784],[84.925148,43.759230],[84.925280,43.759882],[84.925258,43.760202],[84.924645,43.761271],[84.924685,43.762990],[84.925110,43.764488],[84.926130,43.766377],[84.926153,43.766986],[84.925558,43.768245],[84.925527,43.768986],[84.925680,43.770101],[84.925337,43.770984],[84.925252,43.771983],[84.924830,43.772658],[84.923203,43.774132],[84.923015,43.774447],[84.922996,43.774680],[84.923054,43.774921],[84.923395,43.775312],[84.923465,43.775518],[84.923460,43.777180],[84.923546,43.777613],[84.923437,43.778568],[84.923035,43.779315],[84.923052,43.779442],[84.923217,43.779810],[84.923862,43.780703],[84.923881,43.782058],[84.924712,43.783359],[84.924723,43.783671],[84.924562,43.783844],[84.924437,43.784266],[84.924484,43.784804],[84.924666,43.785329],[84.924860,43.786429],[84.924686,43.786650],[84.924586,43.786977],[84.924312,43.787228],[84.923272,43.787496],[84.922899,43.787713],[84.922444,43.788330],[84.922005,43.789515],[84.921185,43.790444],[84.921053,43.791058],[84.921219,43.792023],[84.921382,43.792472],[84.921307,43.793190],[84.921140,43.793343],[84.921096,43.793546],[84.921168,43.794375],[84.920477,43.795245],[84.920389,43.795499],[84.920457,43.796454],[84.920782,43.797261],[84.920970,43.797597],[84.923075,43.799583],[84.923340,43.799916],[84.923591,43.800690],[84.925321,43.802565],[84.925398,43.802875],[84.925355,43.803835],[84.925581,43.804657],[84.925891,43.804959],[84.926391,43.805257],[84.926777,43.805657],[84.927626,43.807051],[84.927712,43.807789],[84.927929,43.808226],[84.929092,43.809210],[84.929765,43.809959],[84.929913,43.810819],[84.930131,43.811240],[84.931076,43.811823],[84.931024,43.812351],[84.931086,43.812472],[84.932527,43.813137],[84.933733,43.813889],[84.935622,43.815704],[84.935887,43.816069],[84.936914,43.816554],[84.937781,43.817124],[84.938609,43.817901],[84.938713,43.818098],[84.938662,43.818531],[84.938419,43.819104],[84.938590,43.819692],[84.940029,43.820591],[84.942366,43.822236],[84.944264,43.823967],[84.945734,43.825048],[84.946663,43.825570],[84.947539,43.826199],[84.947777,43.826527],[84.948477,43.828355],[84.948817,43.828753],[84.949968,43.829568],[84.950841,43.829925],[84.951395,43.830285],[84.951621,43.830776],[84.951618,43.831345],[84.951902,43.832346],[84.952027,43.834211],[84.952384,43.835227],[84.953096,43.836285],[84.953510,43.837301],[84.954693,43.838960],[84.954913,43.840027],[84.955054,43.840282],[84.955584,43.840832],[84.956124,43.841095],[84.958575,43.840929],[84.959521,43.840984],[84.961207,43.841305],[84.961940,43.841788],[84.962060,43.842654],[84.961704,43.844302],[84.961660,43.845115],[84.961236,43.845391],[84.959909,43.845837],[84.959604,43.846312],[84.959299,43.847315],[84.959419,43.848676],[84.960055,43.849853],[84.960042,43.850183],[84.958557,43.851382],[84.957416,43.852555],[84.956461,43.853385],[84.954664,43.854788],[84.952291,43.855549],[84.950660,43.856364],[84.948824,43.856473],[84.948306,43.856605],[84.947684,43.857065],[84.947047,43.857778],[84.945802,43.859743],[84.945377,43.860165],[84.944092,43.860810],[84.943720,43.861126],[84.943309,43.861866],[84.943204,43.862222],[84.942846,43.862551],[84.942394,43.864017],[84.941758,43.864717],[84.940380,43.865559],[84.939943,43.865888],[84.939692,43.866205],[84.939294,43.867565],[84.938500,43.868515],[84.937811,43.869782],[84.936710,43.870599],[84.936339,43.871021],[84.935863,43.872474],[84.935518,43.873966],[84.935439,43.874798],[84.935518,43.875921],[84.935849,43.876661],[84.936459,43.877481],[84.936591,43.877904],[84.936538,43.878802],[84.936631,43.879304],[84.937134,43.879860],[84.938035,43.880495],[84.938274,43.880839],[84.938287,43.881301],[84.938088,43.881710],[84.937267,43.882554],[84.936790,43.883254],[84.936697,43.883676],[84.936883,43.884165],[84.938062,43.885554],[84.938088,43.885937],[84.937930,43.886307],[84.937386,43.886900],[84.937188,43.887283],[84.937174,43.887627],[84.939997,43.888925],[84.940368,43.889296],[84.940977,43.890591],[84.941017,43.891265],[84.941163,43.891767],[84.941401,43.891979],[84.941865,43.892046],[84.942925,43.891942],[84.943535,43.891983],[84.944065,43.892169],[84.946305,43.893361],[84.947352,43.893614],[84.948890,43.893749],[84.949871,43.894002],[84.951064,43.894441],[84.952695,43.895395],[84.953716,43.895661],[84.955215,43.895902],[84.955878,43.896141],[84.956978,43.897082],[84.957575,43.897387],[84.958570,43.897653],[84.959923,43.898158],[84.960440,43.898516],[84.960745,43.899098],[84.960785,43.899957],[84.960652,43.901000],[84.959777,43.902279],[84.959658,43.902741],[84.959764,43.903111],[84.960202,43.903720],[84.960334,43.904130],[84.960440,43.904936],[84.960759,43.906007],[84.960772,43.906839],[84.960971,43.908213],[84.960825,43.908715],[84.960241,43.909479],[84.960228,43.909823],[84.960692,43.911079],[84.961959,43.911907],[84.962291,43.912225],[84.962371,43.912608],[84.962172,43.913242],[84.961376,43.914759],[84.961455,43.915050],[84.962702,43.915674],[84.962888,43.915859],[84.962834,43.916136],[84.962450,43.916413],[84.962039,43.916874],[84.961986,43.917112],[84.962450,43.917839],[84.962517,43.918183],[84.962397,43.918539],[84.962065,43.919014],[84.961986,43.919357],[84.962065,43.919648],[84.962570,43.920072],[84.963856,43.920841],[84.965196,43.922245],[84.965661,43.923144],[84.965740,43.924016],[84.965595,43.924874],[84.965209,43.925639],[84.963525,43.927616],[84.963306,43.928138],[84.963293,43.929776],[84.963134,43.930197],[84.962709,43.930474],[84.961899,43.930697],[84.961436,43.931051],[84.960665,43.931434],[84.957403,43.932113],[84.956846,43.932428],[84.956408,43.932929],[84.956348,43.933451],[84.956468,43.934310],[84.956481,43.935300],[84.956362,43.935974],[84.956096,43.936449],[84.955460,43.937332],[84.950706,43.942850],[84.948081,43.944839],[84.947737,43.945446],[84.946809,43.946462],[84.946385,43.947108],[84.945947,43.948785],[84.945112,43.950580],[84.945112,43.950936],[84.945430,43.951756],[84.945324,43.953341],[84.945126,43.954199],[84.945139,43.955005],[84.945232,43.955375],[84.946107,43.956776],[84.946186,43.958058],[84.946107,43.959564],[84.945895,43.960593],[84.945934,43.961558],[84.946173,43.962998],[84.946067,43.963698],[84.945749,43.964688],[84.945789,43.965203],[84.946325,43.966611],[84.945901,43.968750],[84.945477,43.970268],[84.945252,43.972949],[84.945132,43.973517],[84.945278,43.974257],[84.944906,43.976700],[84.945451,43.977982],[84.945503,43.979026],[84.945675,43.979409],[84.946590,43.980124],[84.946895,43.980943],[84.947466,43.981816],[84.948704,43.983278],[84.948943,43.983781],[84.949130,43.984613],[84.949447,43.985221],[84.950136,43.985989],[84.951847,43.986943],[84.953391,43.989291],[84.955513,43.991383],[84.955858,43.991951],[84.957244,43.993335],[84.957483,43.993930],[84.957880,43.995899],[84.958278,43.996798],[84.958371,43.997432],[84.958060,43.998692],[84.958347,44.000572],[84.958571,44.001213],[84.959061,44.002078],[84.959940,44.004081],[84.959986,44.006367],[84.960392,44.006941],[84.963830,44.010060],[84.965691,44.013901],[84.969750,44.018022],[84.974638,44.024129],[84.979103,44.029104],[84.984728,44.031926],[84.986522,44.032052],[84.988713,44.031891],[84.990714,44.032597],[84.992553,44.035009],[84.999397,44.038819],[85.001190,44.039233],[85.006762,44.039050],[85.010165,44.040028],[85.013997,44.042435],[85.016648,44.045700],[85.020487,44.048530],[85.021883,44.048666],[85.022473,44.048372],[85.023867,44.048220],[85.025476,44.049062],[85.025889,44.049915],[85.028104,44.051192],[85.031491,44.051160],[85.034095,44.052282],[85.036293,44.052694],[85.039510,44.054242],[85.042542,44.056648],[85.042757,44.057363],[85.041194,44.059230],[85.040812,44.059951],[85.040850,44.061814],[85.041470,44.063094],[85.041509,44.064668],[85.043124,44.065941],[85.045322,44.066353],[85.046325,44.066912],[85.046746,44.067909],[85.047948,44.068616],[85.051148,44.069298],[85.051960,44.070150],[85.052182,44.071152],[85.056391,44.072977],[85.063851,44.077767],[85.067653,44.079015],[85.070245,44.079279],[85.072057,44.080409],[85.072463,44.080974],[85.078685,44.083919],[85.079686,44.084188],[85.089145,44.090389],[85.094010,44.095338],[85.095468,44.096501],[85.095611,44.097052],[85.095685,44.097932],[85.095638,44.099773],[85.095499,44.100892],[85.095511,44.101975],[85.095923,44.106301],[85.096191,44.107783],[85.096270,44.108935],[85.096569,44.110116],[85.096698,44.112056],[85.096588,44.116567],[85.095940,44.123395],[85.095884,44.125137],[85.095357,44.128089],[85.094830,44.132503],[85.094015,44.136052],[85.092759,44.139984],[85.092445,44.142306],[85.092366,44.144361],[85.091799,44.147880],[85.092762,44.148959],[85.092835,44.149277],[85.092709,44.149556],[85.092357,44.149920],[85.092099,44.151295],[85.092127,44.151741],[85.092340,44.152178],[85.092393,44.152658],[85.092210,44.153021],[85.091147,44.154156],[85.091319,44.154795],[85.091080,44.156220],[85.090828,44.156991],[85.090313,44.157852],[85.090373,44.158763],[85.090578,44.159037],[85.090913,44.159276],[85.090967,44.159717],[85.090762,44.160113],[85.089092,44.161335],[85.088674,44.161971],[85.087842,44.163884],[85.087852,44.164234],[85.088054,44.164702],[85.088483,44.165091],[85.089041,44.166972],[85.089126,44.167775],[85.089078,44.168442],[85.088728,44.168993],[85.088577,44.169430],[85.088558,44.169761],[85.088653,44.169991],[85.088599,44.170211],[85.087581,44.171915],[85.087625,44.173708],[85.087745,44.173853],[85.087705,44.175065],[85.087848,44.176192],[85.088648,44.177808],[85.089104,44.178394],[85.089545,44.179416],[85.089874,44.179722],[85.090054,44.180091],[85.090070,44.180403],[85.091141,44.181943],[85.091348,44.182563],[85.091359,44.182871],[85.091495,44.183165],[85.091792,44.183497],[85.092105,44.184275],[85.092235,44.185551],[85.092522,44.186080],[85.092380,44.186826],[85.092453,44.187201],[85.092834,44.187805],[85.092998,44.188343],[85.093052,44.189445],[85.093195,44.189934],[85.094219,44.191400],[85.094217,44.191796],[85.093911,44.192138],[85.093877,44.192321],[85.093765,44.193868],[85.093425,44.194603],[85.093643,44.195519],[85.093536,44.197257],[85.093577,44.197574],[85.093792,44.197940],[85.094514,44.198571],[85.094772,44.198985],[85.094595,44.199691],[85.094739,44.200660],[85.094523,44.201210],[85.094112,44.201732],[85.094069,44.202008],[85.094100,44.202365],[85.094372,44.202689],[85.094488,44.203739],[85.094679,44.204050],[85.094945,44.207089],[85.095305,44.207461],[85.095148,44.207809],[85.095162,44.208012],[85.095534,44.208842],[85.095547,44.209100],[85.095440,44.209246],[85.095051,44.209353],[85.095116,44.209859],[85.094853,44.210318],[85.095024,44.210589],[85.095031,44.210767],[85.094565,44.211801],[85.094365,44.212831],[85.094405,44.213336],[85.094702,44.213928],[85.094905,44.214946],[85.095175,44.215448],[85.095119,44.216139],[85.095347,44.216361],[85.095479,44.216892],[85.095352,44.218329],[85.095546,44.218643],[85.095522,44.219374],[85.095618,44.219588],[85.096370,44.220446],[85.096461,44.220829],[85.097575,44.222117],[85.097801,44.222788],[85.098532,44.224305],[85.098894,44.224709],[85.099175,44.225320],[85.099338,44.225473],[85.099324,44.225749],[85.099898,44.226211],[85.099779,44.226725],[85.100192,44.227276],[85.100144,44.227688],[85.099811,44.228051],[85.099850,44.228239],[85.100691,44.228945],[85.100716,44.229237],[85.100458,44.229544],[85.100248,44.230099],[85.100655,44.230856],[85.100662,44.231327],[85.100361,44.231924],[85.100645,44.233580],[85.100365,44.234568],[85.100375,44.234925],[85.100641,44.235434],[85.100900,44.236935],[85.100883,44.237725],[85.101184,44.239292],[85.101324,44.240659],[85.102024,44.241777],[85.101664,44.243106],[85.102185,44.243831],[85.101989,44.244183],[85.102050,44.244412],[85.103039,44.245333],[85.103222,44.246042],[85.103892,44.246647],[85.104173,44.247061],[85.104652,44.248685],[85.104484,44.249392],[85.105287,44.249778],[85.105402,44.249915],[85.105376,44.250178],[85.105034,44.250579],[85.104934,44.250892],[85.105376,44.251578],[85.106049,44.253550],[85.106386,44.254899],[85.106480,44.255725],[85.106614,44.256120],[85.106616,44.256277],[85.106660,44.259908],[85.106703,44.263531],[85.106721,44.263730],[85.106989,44.267352],[85.107251,44.270974],[85.107510,44.274601],[85.107780,44.278223],[85.107597,44.279481],[85.107431,44.280690],[85.107536,44.280880],[85.107590,44.282676],[85.107807,44.283372],[85.109164,44.284445],[85.109647,44.284647],[85.110066,44.285019],[85.111278,44.285672],[85.111779,44.286609],[85.111797,44.286846],[85.112135,44.287257],[85.112238,44.288292],[85.112451,44.288606],[85.112487,44.289363],[85.112256,44.290536],[85.112421,44.291680],[85.112680,44.292139],[85.112760,44.292838],[85.112391,44.293681],[85.112383,44.293932],[85.112552,44.294381],[85.112497,44.294651],[85.112037,44.295218],[85.111985,44.295800],[85.112084,44.296968],[85.112018,44.297570],[85.112088,44.297928],[85.112282,44.298137],[85.112031,44.298880],[85.112051,44.299058],[85.112309,44.299422],[85.112320,44.299754],[85.111960,44.300431],[85.111953,44.300643],[85.112270,44.301315],[85.112390,44.302498],[85.111985,44.303115],[85.111626,44.304444],[85.111321,44.304863],[85.110608,44.305479],[85.110338,44.306538],[85.110330,44.307052],[85.109790,44.308386],[85.109658,44.309555],[85.110381,44.309715],[85.110816,44.309952],[85.111571,44.310528],[85.111795,44.311163],[85.111818,44.311902],[85.112016,44.312436],[85.112487,44.314565],[85.112499,44.316352],[85.113248,44.317866],[85.113546,44.319254],[85.113423,44.320546],[85.113427,44.321816],[85.113468,44.322071],[85.113778,44.322547],[85.113702,44.323477],[85.113913,44.325047],[85.113684,44.326015],[85.113241,44.327311],[85.113210,44.327699],[85.113295,44.327989],[85.113994,44.328650],[85.114226,44.329628],[85.114830,44.330551],[85.114815,44.330973],[85.114993,44.331606],[85.115114,44.332756],[85.114960,44.333526],[85.115222,44.334115],[85.115221,44.334766],[85.114760,44.336329],[85.114396,44.340056],[85.113921,44.343148],[85.113340,44.343750],[85.124855,44.340133],[85.133719,44.337536],[85.161171,44.329269],[85.161580,44.329186],[85.161927,44.329041],[85.168845,44.326956],[85.171304,44.326131],[85.173998,44.325387],[85.175152,44.325239],[85.175831,44.325230],[85.176984,44.325227],[85.177627,44.325206],[85.178418,44.325195],[85.179745,44.325241],[85.179814,44.325269],[85.179864,44.325273],[85.180065,44.325595],[85.180732,44.327346],[85.180765,44.329619],[85.181379,44.331157],[85.181906,44.332115],[85.181692,44.333686],[85.182130,44.334909],[85.181549,44.336313],[85.181829,44.337965],[85.181903,44.338282],[85.182212,44.339575],[85.181755,44.341691],[85.182204,44.343227],[85.181949,44.346135],[85.183462,44.350597],[85.184568,44.355643],[85.185115,44.358844],[85.185835,44.362121],[85.185742,44.363090],[85.186298,44.364815],[85.187019,44.367935],[85.187342,44.371519],[85.187592,44.372151],[85.188857,44.379185],[85.189222,44.380614],[85.189977,44.383573],[85.190139,44.385707],[85.191176,44.389292],[85.191023,44.390079],[85.191650,44.393530],[85.192440,44.395919],[85.192320,44.397562],[85.193748,44.401788],[85.194039,44.404711],[85.195096,44.407433],[85.196140,44.413111],[85.197590,44.419459],[85.197933,44.420399],[85.197807,44.422292],[85.198288,44.424572],[85.198328,44.425658],[85.198358,44.426483],[85.198590,44.427566],[85.198671,44.428752],[85.199210,44.431363],[85.199449,44.432945],[85.199675,44.434439],[85.200814,44.435767],[85.203656,44.438263],[85.204135,44.439963],[85.204464,44.442677],[85.205108,44.444739],[85.205945,44.446855],[85.206082,44.447547],[85.205925,44.449979],[85.207125,44.451379],[85.207829,44.453394],[85.208213,44.455049],[85.208728,44.455799],[85.209205,44.459861],[85.210161,44.461303],[85.210747,44.461576],[85.210575,44.463801],[85.210262,44.465253],[85.210343,44.465967],[85.210492,44.466519],[85.210850,44.467029],[85.211121,44.469008],[85.211369,44.469680],[85.211846,44.470355],[85.212429,44.472079],[85.212495,44.472830],[85.212357,44.473304],[85.212391,44.474210],[85.212541,44.474717],[85.212666,44.476056],[85.213200,44.478118],[85.212901,44.479214],[85.214039,44.479312],[85.215244,44.479545],[85.222711,44.480200],[85.228603,44.479298],[85.230229,44.479203],[85.236035,44.478605],[85.241914,44.478716],[85.250275,44.477610],[85.254648,44.476697],[85.254885,44.478553],[85.253328,44.480283],[85.253335,44.480572],[85.254152,44.481277],[85.254205,44.483563],[85.253633,44.484858],[85.255526,44.488845],[85.255762,44.490559],[85.254992,44.491707],[85.251641,44.493608],[85.246468,44.494393],[85.245491,44.495403],[85.243377,44.499150],[85.243005,44.500161],[85.243057,44.502447],[85.242477,44.503311],[85.240532,44.505486],[85.239968,44.507061],[85.239625,44.509646],[85.240037,44.510210],[85.240067,44.511353],[85.235728,44.513844],[85.235949,44.514702],[85.238389,44.516672],[85.238610,44.517521],[85.237215,44.517689],[85.236208,44.517413],[85.234424,44.517720],[85.233868,44.519592],[85.233974,44.524308],[85.234828,44.526731],[85.234851,44.527874],[85.234066,44.528457],[85.233745,44.531754],[85.233151,44.532186],[85.231565,44.532495],[85.230201,44.533941],[85.229454,44.536243],[85.229492,44.538097],[85.230117,44.539239],[85.229201,44.542681],[85.229438,44.544250],[85.230041,44.544671],[85.230269,44.545674],[85.228912,44.547696],[85.229342,44.549180],[85.229781,44.550687],[85.230390,44.551109],[85.232189,44.551226],[85.232418,44.552651],[85.231634,44.553234],[85.231442,44.553671],[85.233073,44.554937],[85.233875,44.555066],[85.234484,44.555490],[85.234934,44.557628],[85.234156,44.558498],[85.234789,44.560208],[85.235414,44.561198],[85.234240,44.562215],[85.233691,44.564654],[85.233928,44.566079],[85.236566,44.567765],[85.236779,44.568623],[85.236391,44.569058],[85.235407,44.569637],[85.235818,44.570345],[85.236833,44.570909],[85.237275,44.572472],[85.239509,44.574161],[85.238762,44.576606],[85.238800,44.578325],[85.239607,44.579297],[85.239256,44.581451],[85.239881,44.582297],[85.239737,44.584877],[85.240972,44.586434],[85.240819,44.588294],[85.241430,44.589005],[85.241072,44.590872],[85.240492,44.591448],[85.240508,44.592168],[85.241117,44.592591],[85.241139,44.593878],[85.239973,44.595174],[85.238655,44.598771],[85.235004,44.601181],[85.235100,44.601465],[85.235075,44.601972],[85.234797,44.602215],[85.234408,44.602403],[85.233566,44.602471],[85.232949,44.602624],[85.232327,44.602997],[85.231613,44.602631],[85.231019,44.603619],[85.230112,44.604224],[85.229934,44.605040],[85.229658,44.605333],[85.229724,44.605663],[85.229517,44.606235],[85.228969,44.606664],[85.228523,44.607449],[85.226963,44.608519],[85.226258,44.609139],[85.226242,44.609602],[85.226498,44.609988],[85.226835,44.610236],[85.226828,44.610429],[85.225847,44.612106],[85.225063,44.612737],[85.223000,44.613214],[85.222776,44.613419],[85.222687,44.613914],[85.222846,44.614674],[85.223158,44.615253],[85.223146,44.615645],[85.222926,44.615900],[85.222658,44.616113],[85.222198,44.616262],[85.220314,44.616778],[85.220525,44.616998],[85.220518,44.617215],[85.219411,44.617215],[85.219077,44.617490],[85.218529,44.617652],[85.218347,44.617929],[85.218015,44.618157],[85.217320,44.618132],[85.217144,44.618222],[85.216790,44.619327],[85.216500,44.620508],[85.216888,44.621122],[85.216986,44.622323],[85.216915,44.623387],[85.214819,44.623971],[85.213883,44.624739],[85.212863,44.624882],[85.212453,44.624925],[85.212097,44.625650],[85.212141,44.626430],[85.211290,44.627041],[85.210327,44.627227],[85.210228,44.627497],[85.210129,44.627759],[85.210334,44.628050],[85.210384,44.628604],[85.209775,44.628931],[85.209364,44.629371],[85.208789,44.629787],[85.208486,44.630181],[85.208060,44.630537],[85.208046,44.630948],[85.207863,44.631318],[85.207847,44.631928],[85.207649,44.632538],[85.206615,44.632994],[85.205892,44.633577],[85.204858,44.634047],[85.204094,44.634573],[85.203805,44.634945],[85.203017,44.636107],[85.200738,44.636182],[85.198712,44.635504],[85.186756,44.635918],[85.179893,44.634708],[85.163080,44.631525],[85.160811,44.630891],[85.150190,44.629718],[85.141647,44.629405],[85.131447,44.628820],[85.119820,44.628072],[85.118269,44.627823],[85.116080,44.627825],[85.112368,44.627467],[85.103316,44.627693],[85.099190,44.627796],[85.093608,44.627935],[85.081814,44.627963],[85.078864,44.627371],[85.068360,44.626379],[85.065200,44.625716],[85.055088,44.624382],[85.046780,44.623117],[85.018256,44.619649],[85.019509,44.632371],[85.021783,44.650311],[85.022113,44.653035],[85.023643,44.665647],[85.023623,44.666221],[85.023852,44.668079],[85.024220,44.670030],[85.024406,44.674495],[85.024615,44.675593],[85.024834,44.678200],[85.024998,44.678793],[85.025254,44.681588],[85.025102,44.682601],[85.025452,44.685603],[85.025342,44.686690],[85.026042,44.688199],[85.026816,44.689256],[85.027517,44.690473],[85.028989,44.691688],[85.030225,44.692450],[85.033308,44.693531],[85.037886,44.694735],[85.039937,44.695185],[85.041838,44.695915],[85.043487,44.696058],[85.045317,44.696576],[85.052880,44.698130],[85.052348,44.701721],[85.050423,44.712878],[85.050493,44.713131],[85.050676,44.713225],[85.051897,44.713341],[85.052025,44.714299],[85.052654,44.716137],[85.053116,44.717064],[85.054008,44.718185],[85.054130,44.718957],[85.054792,44.723165],[85.054406,44.723351],[85.053518,44.724483],[85.053245,44.726642],[85.050844,44.732733],[85.049385,44.736003],[85.047629,44.739195],[85.046596,44.740205],[85.041371,44.742551],[85.038746,44.743350],[85.035508,44.744528],[85.031624,44.745585],[85.026679,44.748397],[85.023985,44.749693],[85.021954,44.750606],[85.019371,44.751548],[85.015326,44.752852],[85.012936,44.754010],[85.010856,44.754854],[85.010403,44.755283],[85.018808,44.757822],[85.026635,44.760479],[85.030590,44.761620],[85.037218,44.763799],[85.037578,44.764140],[85.044666,44.768493],[85.046778,44.769790],[85.047406,44.770204],[85.047462,44.770456],[85.047130,44.772961],[85.046793,44.778013],[85.046436,44.783362],[85.045999,44.787391],[85.045993,44.788962],[85.045888,44.790155],[85.045709,44.790904],[85.045593,44.791031],[85.045308,44.791105],[85.043430,44.791420],[85.042722,44.791619],[85.042320,44.791987],[85.040997,44.793641],[85.040200,44.794198],[85.038823,44.794882],[85.036606,44.796309],[85.035627,44.796666],[85.034891,44.796827],[85.034321,44.797137],[85.033552,44.797720],[85.031953,44.799343],[85.031055,44.801804],[85.030205,44.802882],[85.029226,44.803756],[85.026490,44.806690],[85.025988,44.807716],[85.024218,44.810535],[85.023682,44.811222],[85.022984,44.812466],[85.022501,44.813840],[85.022072,44.814475],[85.021555,44.815956],[85.020815,44.818792],[85.020669,44.820306],[85.019950,44.822665],[85.019627,44.826579],[85.019797,44.831581],[85.020152,44.834827],[85.020519,44.836126],[85.020494,44.837199],[85.020607,44.838551],[85.026359,44.845931],[85.029880,44.850269],[85.032055,44.859636],[85.031793,44.860567],[85.031645,44.862136],[85.030300,44.870911],[85.028567,44.880982],[85.027668,44.884617],[85.027148,44.886207],[85.027135,44.886595],[85.027639,44.887889],[85.028984,44.890515],[85.029335,44.891638],[85.030204,44.893678],[85.030616,44.895258],[85.031359,44.896840],[85.032748,44.900542],[85.033225,44.901662],[85.033645,44.902649],[85.034211,44.904407],[85.034510,44.904802],[85.035474,44.907684],[85.036131,44.909013],[85.036549,44.910434],[85.037240,44.912174],[85.038199,44.913301],[85.039514,44.915061],[85.041896,44.918481],[85.043612,44.920946],[85.050074,44.929865],[85.051032,44.931351],[85.051536,44.931816],[85.059956,44.934462],[85.064982,44.936216],[85.075248,44.939567],[85.080286,44.941384],[85.084797,44.942755],[85.091080,44.945296],[85.107115,44.951383],[85.114493,44.954270],[85.120092,44.956269],[85.127893,44.959379],[85.131258,44.960567],[85.136432,44.962660],[85.147987,44.967630],[85.155480,44.970699],[85.156033,44.971025],[85.158234,44.977861],[85.160298,44.985372],[85.161621,44.989570],[85.162767,44.993741],[85.165361,45.001585],[85.171715,45.022676],[85.194987,45.029618],[85.213365,45.027982],[85.214271,45.027970],[85.220349,45.024715],[85.221705,45.024300],[85.225116,45.023597],[85.239602,45.020017],[85.240849,45.019709],[85.242026,45.020877],[85.242910,45.020999],[85.255355,45.028892],[85.258432,45.031577],[85.259699,45.034432],[85.260157,45.037436],[85.257874,45.044474],[85.254577,45.051515],[85.253395,45.052820],[85.251600,45.054124],[85.251440,45.055985],[85.253333,45.060118],[85.253555,45.061408],[85.251593,45.064285],[85.250327,45.071745],[85.249548,45.073047],[85.248549,45.073626],[85.248006,45.074238],[85.247480,45.074595],[85.246852,45.074729],[85.246270,45.074720],[85.245750,45.074916],[85.242687,45.076564],[85.240869,45.077999],[85.238461,45.080225],[85.238438,45.081004],[85.238758,45.083625],[85.239115,45.085444],[85.238877,45.085875],[85.237932,45.086329],[85.237042,45.086934],[85.236782,45.087307],[85.236699,45.087723],[85.236683,45.088258],[85.237056,45.091423],[85.237913,45.101902],[85.238419,45.110001],[85.238608,45.116106],[85.238911,45.117397],[85.239144,45.119014],[85.241022,45.127803],[85.241211,45.129703],[85.242005,45.133435],[85.242457,45.134102],[85.243213,45.135994],[85.244411,45.138536],[85.245272,45.140071],[85.246683,45.142943],[85.247173,45.144346],[85.248618,45.149968],[85.248622,45.150963],[85.248999,45.151763],[85.249430,45.154122],[85.250023,45.156355],[85.250398,45.158363],[85.250295,45.158629],[85.249954,45.158974],[85.248378,45.160112],[85.245216,45.163073],[85.241755,45.166139],[85.239344,45.168092],[85.238688,45.168692],[85.238392,45.169093],[85.232566,45.174252],[85.221620,45.187666],[85.216641,45.194055],[85.210834,45.201268],[85.206125,45.206910],[85.205924,45.207300],[85.206035,45.210912],[85.205905,45.213936],[85.205916,45.220707],[85.205719,45.224724],[85.205751,45.227826],[85.205623,45.228927],[85.204830,45.232368],[85.204280,45.234313],[85.203528,45.236971],[85.202069,45.242630],[85.201666,45.243456],[85.201925,45.244200],[85.204178,45.248214],[85.205368,45.250931],[85.206504,45.252711],[85.208624,45.254797],[85.209387,45.255318],[85.213197,45.258490],[85.214806,45.259951],[85.216823,45.261552],[85.218338,45.262969],[85.220014,45.264189],[85.222480,45.266590],[85.224339,45.268005],[85.225152,45.269212],[85.225820,45.270525],[85.226496,45.271221],[85.227582,45.273184],[85.235796,45.285600],[85.235987,45.285981],[85.237697,45.289396],[85.239406,45.292803],[85.239485,45.293054],[85.240553,45.296587],[85.241619,45.300129],[85.242687,45.303670],[85.243051,45.306136],[85.243573,45.309734],[85.244093,45.313336],[85.244632,45.315980],[85.245369,45.319561],[85.245465,45.321739],[85.245639,45.325355],[85.245813,45.328971],[85.244937,45.331679],[85.243799,45.335204],[85.242664,45.338734],[85.241917,45.340895],[85.240719,45.344412],[85.240250,45.346382],[85.239409,45.349951],[85.238576,45.353519],[85.238395,45.354938],[85.237960,45.358546],[85.239020,45.360754],[85.240668,45.364182],[85.242326,45.367606],[85.244245,45.369155],[85.244982,45.369752],[85.239926,45.375002],[85.239505,45.375559],[85.241500,45.378890],[85.244613,45.383676],[85.245674,45.385790],[85.247209,45.387894],[85.249430,45.391262],[85.251098,45.394121],[85.252486,45.396039],[85.274884,45.410564],[85.276601,45.411877],[85.277421,45.413005],[85.280180,45.417282],[85.280690,45.417901],[85.280968,45.418135],[85.281360,45.418167],[85.281746,45.418336],[85.282504,45.418845],[85.282845,45.419549],[85.282994,45.420712],[85.283475,45.421363],[85.285904,45.421648],[85.287875,45.422052],[85.288327,45.422074],[85.289425,45.421933],[85.292132,45.421369],[85.294252,45.420714],[85.296977,45.420444],[85.297917,45.420034],[85.298515,45.419629],[85.299382,45.419349],[85.302359,45.419296],[85.304240,45.418837],[85.304967,45.418522],[85.305372,45.418466],[85.306152,45.418660],[85.306890,45.419217],[85.307868,45.419714],[85.311911,45.421042],[85.313383,45.421876],[85.314344,45.421992],[85.315424,45.422276],[85.316573,45.422390],[85.318510,45.423041],[85.320416,45.423478],[85.321419,45.423481],[85.323169,45.423247],[85.350596,45.427984],[85.353714,45.428770],[85.363444,45.430923],[85.382025,45.434854],[85.388119,45.436233],[85.389236,45.436642],[85.391743,45.437899],[85.394499,45.439577],[85.397776,45.441321],[85.410459,45.448403],[85.413079,45.450202],[85.419635,45.453808],[85.421020,45.454754],[85.423533,45.455673],[85.426076,45.456767],[85.429133,45.457717],[85.430738,45.458423],[85.432724,45.459041],[85.433684,45.459471],[85.434431,45.459881],[85.438952,45.464425],[85.443933,45.468998],[85.447196,45.472287],[85.451448,45.476207],[85.461911,45.486429],[85.463990,45.488349],[85.473224,45.496681],[85.475864,45.498849],[85.478668,45.501536],[85.483167,45.505238],[85.491699,45.512643],[85.492423,45.513461],[85.492907,45.514376],[85.493936,45.516617],[85.498315,45.525474],[85.501974,45.533638],[85.502431,45.534166],[85.509050,45.544458],[85.510246,45.546683],[85.511350,45.548152],[85.511720,45.548477],[85.514186,45.549914],[85.516084,45.550893],[85.522878,45.555230],[85.529052,45.558918],[85.531373,45.560542],[85.532807,45.562811],[85.533685,45.563915],[85.534494,45.565368],[85.536554,45.568174],[85.538421,45.571067],[85.540626,45.574230],[85.541017,45.574927],[85.541248,45.575627],[85.543435,45.586875],[85.543583,45.587774],[85.543541,45.588985],[85.543893,45.589344],[85.544263,45.589469],[85.545157,45.589557],[85.545343,45.589668],[85.545755,45.590712],[85.546096,45.590837],[85.546446,45.591304],[85.547013,45.592270],[85.547335,45.593113],[85.547775,45.593318],[85.548414,45.593346],[85.549316,45.593159],[85.550272,45.593111],[85.552804,45.593539],[85.553237,45.593752],[85.553431,45.594063],[85.553557,45.595380],[85.553770,45.595670],[85.556310,45.597001],[85.556444,45.597299],[85.556215,45.597672],[85.556218,45.598014],[85.556452,45.598184],[85.556670,45.598266],[85.558005,45.598268],[85.558423,45.598347],[85.561943,45.600165],[85.563808,45.600352],[85.564699,45.600584],[85.565672,45.601037],[85.566396,45.601751],[85.566762,45.602709],[85.566627,45.604317],[85.566925,45.604993],[85.566394,45.605354],[85.566016,45.605480],[85.565547,45.605930],[85.564685,45.606505],[85.564288,45.607340],[85.564341,45.607582],[85.564574,45.607819],[85.565605,45.608064],[85.568145,45.608134],[85.568136,45.608522],[85.566842,45.609402],[85.566243,45.610092],[85.565665,45.611343],[85.565793,45.612351],[85.566548,45.613023],[85.567071,45.613354],[85.567389,45.613861],[85.567352,45.614314],[85.567208,45.614561],[85.566198,45.615614],[85.566144,45.615841],[85.566165,45.615986],[85.566930,45.616817],[85.566997,45.617204],[85.567230,45.617357],[85.567646,45.617376],[85.570295,45.616982],[85.570819,45.617059],[85.571710,45.617545],[85.572311,45.618086],[85.573470,45.618851],[85.573695,45.619290],[85.574954,45.619548],[85.575126,45.619859],[85.575074,45.620681],[85.575288,45.620915],[85.575457,45.621334],[85.576967,45.623104],[85.577869,45.624534],[85.580065,45.627006],[85.587104,45.633628],[85.590981,45.637499],[85.592552,45.638888],[85.594667,45.639974],[85.595959,45.640432],[85.596793,45.641140],[85.596916,45.641458],[85.596723,45.641895],[85.595377,45.643271],[85.594897,45.644121],[85.594809,45.647016],[85.595481,45.648132],[85.595346,45.648519],[85.594543,45.649486],[85.594199,45.650382],[85.593968,45.650722],[85.591969,45.651627],[85.591807,45.651800],[85.591828,45.651907],[85.592194,45.652164],[85.591943,45.652393],[85.591601,45.652516],[85.590601,45.652554],[85.590122,45.652770],[85.590070,45.652934],[85.590376,45.653330],[85.590632,45.653467],[85.591315,45.653602],[85.591509,45.653964],[85.591597,45.654420],[85.598573,45.674787],[85.602715,45.687632],[85.605036,45.693723],[85.606565,45.698336],[85.610951,45.710015],[85.612308,45.713974],[85.613258,45.718980],[85.614121,45.722615],[85.616244,45.738141],[85.616817,45.742924],[85.617840,45.747004],[85.619031,45.752431],[85.619466,45.753655],[85.620548,45.758705],[85.621361,45.763049],[85.623848,45.764384],[85.626155,45.765851],[85.629469,45.767639],[85.635886,45.771674],[85.637292,45.772361],[85.640834,45.773736],[85.642495,45.775236],[85.642808,45.775641],[85.642632,45.776515],[85.642265,45.777329],[85.642255,45.777729],[85.642368,45.778015],[85.642924,45.778774],[85.643857,45.779254],[85.644430,45.779303],[85.645935,45.779875],[85.646768,45.780554],[85.647726,45.781510],[85.647936,45.782198],[85.647929,45.782507],[85.647769,45.782688],[85.647056,45.782988],[85.645335,45.783407],[85.643615,45.784261],[85.643342,45.784700],[85.643230,45.785826],[85.642984,45.786615],[85.642047,45.787246],[85.641690,45.787659],[85.641650,45.788351],[85.642287,45.789195],[85.648832,45.794134],[85.649649,45.794951],[85.651549,45.796334],[85.652594,45.796891],[85.653672,45.797623],[85.655407,45.799104],[85.656661,45.799751],[85.657648,45.800737],[85.659419,45.802252],[85.659857,45.802479],[85.661501,45.802543],[85.662173,45.802987],[85.662803,45.803688],[85.663275,45.803983],[85.663761,45.804156],[85.665216,45.804151],[85.665800,45.804259],[85.666376,45.804722],[85.666458,45.805295],[85.666654,45.805598],[85.666949,45.805765],[85.668292,45.805963],[85.669751,45.806534],[85.670061,45.806839],[85.670074,45.807027],[85.669786,45.807829],[85.669907,45.808006],[85.670174,45.808088],[85.671695,45.808084],[85.672698,45.807956],[85.673043,45.808035],[85.673557,45.808351],[85.673730,45.808354],[85.673892,45.808348],[85.674342,45.808045],[85.674952,45.807832],[85.675929,45.808033],[85.676270,45.808313],[85.676408,45.808544],[85.676281,45.809085],[85.676317,45.809595],[85.677272,45.809971],[85.678896,45.810415],[85.679789,45.810890],[85.681068,45.810974],[85.681353,45.811078],[85.681795,45.811615],[85.681852,45.812000],[85.682068,45.812224],[85.684363,45.812376],[85.684593,45.812525],[85.684845,45.812791],[85.684892,45.813301],[85.684326,45.813966],[85.684396,45.814309],[85.684708,45.814501],[85.686134,45.815217],[85.687856,45.815307],[85.688076,45.815410],[85.688288,45.815797],[85.688298,45.816127],[85.688468,45.816297],[85.689287,45.816353],[85.690339,45.816167],[85.690655,45.816225],[85.691009,45.816706],[85.691108,45.817041],[85.691094,45.817659],[85.691224,45.817736],[85.691668,45.817700],[85.692214,45.817386],[85.693105,45.817176],[85.693399,45.817389],[85.693518,45.817666],[85.693512,45.817946],[85.692901,45.818476],[85.692752,45.818675],[85.692779,45.818830],[85.693625,45.819237],[85.694201,45.819708],[85.694564,45.819813],[85.695479,45.819846],[85.695667,45.819995],[85.695708,45.820271],[85.694989,45.821055],[85.694953,45.821309],[85.695582,45.821551],[85.695675,45.821707],[85.695760,45.822138],[85.695559,45.822565],[85.695628,45.822909],[85.695912,45.823079],[85.697083,45.823182],[85.699151,45.822821],[85.699701,45.822854],[85.699888,45.823044],[85.699883,45.823253],[85.699552,45.823845],[85.699546,45.824087],[85.699701,45.824357],[85.700625,45.824774],[85.701167,45.825181],[85.701796,45.825398],[85.704072,45.825595],[85.704702,45.825812],[85.704754,45.826134],[85.703979,45.826763],[85.703835,45.827049],[85.703926,45.827225],[85.704712,45.827403],[85.705273,45.827740],[85.705686,45.827770],[85.706063,45.827742],[85.706848,45.827464],[85.707657,45.827428],[85.707762,45.827550],[85.707677,45.827850],[85.707340,45.828201],[85.706991,45.828789],[85.707081,45.829036],[85.707298,45.829202],[85.708200,45.829314],[85.708340,45.829462],[85.708292,45.829958],[85.708373,45.830088],[85.708863,45.830141],[85.709518,45.829740],[85.709934,45.829603],[85.710723,45.829676],[85.711101,45.829881],[85.711174,45.830082],[85.711091,45.830323],[85.710422,45.831046],[85.710460,45.831443],[85.710755,45.831643],[85.711559,45.831832],[85.712029,45.832214],[85.712905,45.832609],[85.713294,45.832869],[85.713506,45.833281],[85.713677,45.833404],[85.714023,45.833454],[85.714612,45.833349],[85.716369,45.833417],[85.716555,45.833649],[85.716502,45.833895],[85.715573,45.834213],[85.715218,45.834563],[85.715154,45.834750],[85.715211,45.834843],[85.715635,45.835026],[85.717916,45.835115],[85.718874,45.835335],[85.719422,45.835718],[85.719436,45.836403],[85.719734,45.836465],[85.721396,45.836486],[85.722460,45.836298],[85.723659,45.836434],[85.723667,45.836856],[85.722496,45.837601],[85.722101,45.838106],[85.722074,45.838778],[85.722564,45.839314],[85.723192,45.839589],[85.724271,45.839468],[85.726044,45.838872],[85.726738,45.838860],[85.726908,45.838991],[85.727015,45.839293],[85.726975,45.839489],[85.725282,45.841059],[85.725355,45.841281],[85.725652,45.841351],[85.726846,45.841191],[85.727287,45.841284],[85.727610,45.841521],[85.727944,45.841555],[85.728679,45.841355],[85.729517,45.841311],[85.729706,45.841434],[85.729825,45.841690],[85.729724,45.841923],[85.729158,45.842388],[85.729121,45.842696],[85.729262,45.842798],[85.729626,45.842823],[85.729988,45.842686],[85.731052,45.841939],[85.731958,45.841803],[85.732106,45.842135],[85.731946,45.843636],[85.732099,45.843993],[85.732329,45.844150],[85.733411,45.843920],[85.733679,45.843945],[85.733974,45.844115],[85.734195,45.844414],[85.734008,45.844755],[85.732866,45.845768],[85.732839,45.846189],[85.734333,45.846482],[85.734695,45.846620],[85.734911,45.846865],[85.734907,45.847019],[85.734648,45.847379],[85.733670,45.847777],[85.733653,45.847986],[85.733776,45.848087],[85.734656,45.848352],[85.734884,45.848810],[85.735116,45.848888],[85.735373,45.848891],[85.735549,45.848772],[85.736021,45.848268],[85.736323,45.848130],[85.736670,45.848113],[85.736908,45.848157],[85.737496,45.848607],[85.739238,45.848527],[85.740742,45.849141],[85.741806,45.849717],[85.742208,45.850144],[85.742265,45.850541],[85.742135,45.850761],[85.741276,45.851477],[85.741316,45.851812],[85.741570,45.851936],[85.742059,45.851975],[85.742601,45.851826],[85.743752,45.851927],[85.743987,45.851863],[85.744279,45.851612],[85.745014,45.851357],[85.745958,45.851376],[85.746308,45.851514],[85.746507,45.851704],[85.746520,45.851904],[85.746000,45.852449],[85.746026,45.852604],[85.746292,45.852728],[85.746850,45.852660],[85.747589,45.852764],[85.747698,45.852945],[85.747610,45.853916],[85.747722,45.854026],[85.748883,45.854461],[85.749376,45.854884],[85.749371,45.855084],[85.749033,45.855489],[85.749077,45.855665],[85.750781,45.855651],[85.751208,45.855789],[85.751483,45.856055],[85.751522,45.856431],[85.751354,45.857018],[85.751409,45.857228],[85.751550,45.857329],[85.752687,45.857268],[85.752979,45.857003],[85.754552,45.856135],[85.755116,45.856049],[85.755433,45.856278],[85.755425,45.856654],[85.755226,45.857002],[85.754423,45.857611],[85.754356,45.857945],[85.754532,45.858097],[85.755794,45.858294],[85.755968,45.859089],[85.755728,45.860189],[85.755998,45.860417],[85.756417,45.860423],[85.757595,45.860076],[85.758346,45.860194],[85.758940,45.860825],[85.759178,45.861422],[85.758914,45.862012],[85.757632,45.862749],[85.757329,45.863456],[85.757573,45.863767],[85.757859,45.863812],[85.758267,45.863708],[85.760193,45.862585],[85.760634,45.862589],[85.761821,45.863462],[85.762533,45.863670],[85.763260,45.863744],[85.763724,45.864342],[85.763899,45.865095],[85.764523,45.865544],[85.764481,45.865761],[85.763735,45.866597],[85.763825,45.866865],[85.764168,45.866952],[85.765500,45.866682],[85.766169,45.866689],[85.766394,45.866775],[85.765386,45.868067],[85.765751,45.868271],[85.766858,45.868458],[85.767036,45.869061],[85.767533,45.869241],[85.769099,45.868639],[85.769446,45.868685],[85.769440,45.868885],[85.769042,45.869674],[85.768974,45.870033],[85.769157,45.870360],[85.769522,45.870589],[85.770034,45.870678],[85.772885,45.870264],[85.773325,45.870319],[85.773656,45.871074],[85.773936,45.871335],[85.774242,45.871497],[85.775101,45.871530],[85.775345,45.871858],[85.775183,45.872166],[85.774467,45.872693],[85.774377,45.872960],[85.774460,45.873069],[85.774874,45.873182],[85.775725,45.873082],[85.777155,45.872611],[85.777598,45.872591],[85.777917,45.872753],[85.777874,45.873061],[85.776083,45.874121],[85.776080,45.874279],[85.777014,45.874681],[85.777389,45.875044],[85.777718,45.875798],[85.778000,45.875993],[85.779617,45.875792],[85.780605,45.875317],[85.780952,45.875337],[85.781105,45.875431],[85.780942,45.875780],[85.779606,45.876276],[85.779597,45.876677],[85.779976,45.876856],[85.780357,45.876835],[85.780986,45.876515],[85.782252,45.876435],[85.782532,45.876789],[85.782791,45.878035],[85.783062,45.878673],[85.783496,45.879036],[85.784030,45.879191],[85.785212,45.879737],[85.785431,45.880065],[85.785516,45.880533],[85.786048,45.880822],[85.787310,45.880926],[85.788005,45.880841],[85.791054,45.880009],[85.791742,45.880216],[85.791828,45.880593],[85.791727,45.880834],[85.790442,45.881791],[85.790314,45.882215],[85.790389,45.882633],[85.790703,45.882945],[85.791297,45.883059],[85.792094,45.882649],[85.793168,45.882634],[85.794321,45.883421],[85.795417,45.884024],[85.796395,45.884017],[85.797186,45.883849],[85.797686,45.883962],[85.798283,45.884476],[85.798319,45.885512],[85.798429,45.885997],[85.798706,45.886417],[85.799514,45.887093],[85.799787,45.887755],[85.800125,45.888134],[85.800467,45.888270],[85.801696,45.888281],[85.801979,45.888443],[85.802013,45.888551],[85.801656,45.889033],[85.801613,45.889408],[85.801798,45.889652],[85.802292,45.889923],[85.803175,45.889973],[85.804441,45.889876],[85.804591,45.890161],[85.804618,45.890537],[85.804839,45.890806],[85.805551,45.891013],[85.805889,45.891350],[85.806009,45.891877],[85.805784,45.892359],[85.805837,45.892694],[85.807429,45.893501],[85.808461,45.893802],[85.808933,45.894049],[85.809858,45.894850],[85.810521,45.895098],[85.813021,45.894744],[85.813617,45.894749],[85.813924,45.894927],[85.814204,45.895197],[85.814140,45.895397],[85.813277,45.896182],[85.813319,45.896959],[85.814537,45.897479],[85.815918,45.897600],[85.816235,45.897861],[85.816346,45.898221],[85.815703,45.899318],[85.815313,45.899715],[85.815426,45.900000],[85.815685,45.900136],[85.816663,45.900103],[85.818198,45.900333],[85.821633,45.902041],[85.821972,45.902378],[85.821872,45.902594],[85.820615,45.902809],[85.820095,45.903138],[85.820160,45.903448],[85.821533,45.903944],[85.823105,45.904066],[85.823351,45.904285],[85.823571,45.904579],[85.823529,45.904862],[85.823111,45.905477],[85.822806,45.906359],[85.823048,45.906762],[85.823713,45.906918],[85.824118,45.906921],[85.824718,45.906751],[85.825613,45.906717],[85.826555,45.906725],[85.827781,45.906869],[85.828063,45.907088],[85.828004,45.908173],[85.828286,45.908376],[85.829792,45.908740],[85.830770,45.908790],[85.831645,45.909173],[85.832407,45.909246],[85.832653,45.909423],[85.833266,45.910364],[85.833955,45.910478],[85.834616,45.910834],[85.834610,45.911101],[85.834371,45.911717],[85.834386,45.912711],[85.834840,45.913182],[85.835809,45.913675],[85.836313,45.914122],[85.836705,45.914743],[85.837171,45.915273],[85.837316,45.915783],[85.837020,45.916265],[85.836477,45.918248],[85.837005,45.918678],[85.838918,45.919045],[85.839296,45.919223],[85.839444,45.919558],[85.839417,45.919733],[85.838701,45.920320],[85.838532,45.920962],[85.838559,45.921405],[85.838992,45.921826],[85.839719,45.921857],[85.844881,45.920881],[85.848151,45.921460],[85.848613,45.922199],[85.849906,45.923712],[85.850433,45.924134],[85.850813,45.924271],[85.851184,45.924232],[85.851606,45.924052],[85.852106,45.924081],[85.852136,45.924391],[85.851825,45.925557],[85.852044,45.925918],[85.852448,45.926005],[85.852831,45.925991],[85.853974,45.925533],[85.855098,45.924833],[85.856171,45.924341],[85.857166,45.924082],[85.858592,45.923852],[85.860759,45.924088],[85.862513,45.924704],[85.864471,45.924696],[85.865959,45.924926],[85.866837,45.925200],[85.867237,45.925513],[85.867743,45.927020],[85.868023,45.927373],[85.868960,45.927690],[85.869491,45.928004],[85.869650,45.928364],[85.869699,45.928916],[85.869103,45.930063],[85.868712,45.930452],[85.868707,45.930719],[85.868932,45.930829],[85.870759,45.930828],[85.871175,45.930941],[85.871361,45.931184],[85.870825,45.932282],[85.870376,45.932654],[85.870406,45.932896],[85.870655,45.933007],[85.873880,45.933018],[85.875296,45.933273],[85.875765,45.933694],[85.875971,45.934180],[85.876344,45.934610],[85.877700,45.934930],[85.879694,45.934990],[85.881448,45.935715],[85.881532,45.936284],[85.880703,45.936527],[85.880602,45.936785],[85.880656,45.937052],[85.880878,45.937322],[85.880870,45.937714],[85.880729,45.938180],[85.880341,45.938444],[85.879932,45.938591],[85.879674,45.938947],[85.879814,45.939700],[85.881168,45.940105],[85.883255,45.939748],[85.884089,45.939271],[85.885400,45.938907],[85.886214,45.938806],[85.886882,45.938895],[85.887352,45.939300],[85.887688,45.939854],[85.888394,45.941030],[85.888571,45.941699],[85.888369,45.942249],[85.887811,45.943279],[85.886570,45.943735],[85.885772,45.943569],[85.884360,45.943047],[85.883037,45.942885],[85.881554,45.942939],[85.879542,45.943739],[85.878029,45.945295],[85.877678,45.945484],[85.875816,45.945401],[85.875298,45.945580],[85.875042,45.945837],[85.875038,45.946062],[85.876426,45.947711],[85.876764,45.948173],[85.876853,45.948483],[85.876787,45.948791],[85.875288,45.949621],[85.875283,45.949888],[85.875490,45.950266],[85.875866,45.950620],[85.876806,45.950829],[85.878668,45.950912],[85.879274,45.951109],[85.879387,45.951444],[85.879411,45.952021],[85.879808,45.952483],[85.880276,45.952955],[85.881120,45.953188],[85.882171,45.953239],[85.882730,45.953378],[85.883842,45.953405],[85.884290,45.953100],[85.886076,45.952297],[85.886618,45.952110],[85.887285,45.952200],[85.887587,45.952670],[85.886523,45.953830],[85.886577,45.954139],[85.886898,45.954234],[85.888285,45.954221],[85.889163,45.954605],[85.890588,45.954510],[85.891472,45.954559],[85.891943,45.954898],[85.892586,45.955672],[85.892904,45.955900],[85.893979,45.956019],[85.895021,45.955937],[85.895495,45.956141],[85.895737,45.956611],[85.895630,45.957203],[85.895163,45.958418],[85.895601,45.958639],[85.895985,45.958601],[85.897130,45.958169],[85.900917,45.957278],[85.902975,45.957339],[85.903377,45.957569],[85.904236,45.958946],[85.903907,45.959820],[85.903576,45.960259],[85.901386,45.960798],[85.899058,45.961719],[85.898282,45.962263],[85.897353,45.963248],[85.897047,45.964155],[85.897291,45.964533],[85.898117,45.964516],[85.899323,45.964085],[85.902532,45.963414],[85.907337,45.962575],[85.908997,45.962191],[85.910351,45.962162],[85.911116,45.962262],[85.911362,45.962548],[85.911308,45.963432],[85.910607,45.963776],[85.909899,45.964454],[85.909307,45.965308],[85.909709,45.966197],[85.910608,45.966782],[85.911651,45.967318],[85.913685,45.966854],[85.914954,45.966917],[85.916243,45.967172],[85.917956,45.967189],[85.918373,45.967277],[85.918776,45.967507],[85.919171,45.968471],[85.919375,45.969387],[85.919612,45.969523],[85.919971,45.969527],[85.920646,45.969379],[85.926581,45.967453],[85.928206,45.967136],[85.929141,45.966528],[85.930014,45.965385],[85.930562,45.964974],[85.931070,45.964762],[85.932252,45.964399],[85.933780,45.964173],[85.935829,45.963635],[85.940102,45.962295],[85.940510,45.962300],[85.940865,45.962571],[85.943159,45.963715],[85.943905,45.964257],[85.943991,45.964768],[85.943621,45.965933],[85.942939,45.967077],[85.941644,45.968257],[85.941122,45.968577],[85.939378,45.968800],[85.938796,45.969128],[85.938320,45.969524],[85.938175,45.970223],[85.938038,45.970447],[85.937374,45.970682],[85.936071,45.972305],[85.933704,45.973098],[85.932487,45.973986],[85.931922,45.975308],[85.932307,45.976506],[85.933207,45.977710],[85.936404,45.979973],[85.939606,45.981928],[85.939908,45.982458],[85.939762,45.983207],[85.938262,45.986949],[85.937940,45.987454],[85.937515,45.987734],[85.937044,45.987846],[85.936717,45.988034],[85.935745,45.989268],[85.935898,45.991273],[85.936300,45.991586],[85.937221,45.991797],[85.938330,45.992184],[85.939468,45.992289],[85.941369,45.992702],[85.942276,45.993004],[85.943156,45.993431],[85.946220,45.995218],[85.949251,45.997565],[85.951829,45.999097],[85.954629,46.001292],[85.954572,46.001842],[85.953434,46.004183],[85.952155,46.006373],[85.952039,46.007416],[85.952021,46.009603],[85.952203,46.013980],[85.952083,46.018371],[85.952169,46.018948],[85.952694,46.019747],[85.955592,46.022894],[85.960603,46.028787],[85.961183,46.029938],[85.961456,46.030759],[85.961583,46.032306],[85.961561,46.033524],[85.962103,46.038565],[85.962491,46.044799],[85.964009,46.045325],[85.966541,46.046373],[85.973524,46.049460],[85.985687,46.054479],[85.986665,46.055000],[85.988283,46.055462],[86.002288,46.058699],[86.004789,46.059147],[86.005770,46.059517],[86.010262,46.061641],[86.013931,46.063161],[86.016021,46.064188],[86.024301,46.067948],[86.024510,46.068392],[86.024289,46.070001],[86.022811,46.072498],[86.019954,46.074060],[86.016426,46.076625],[86.014609,46.078549],[86.013748,46.080125],[86.013017,46.081954],[86.011924,46.086408],[86.011520,46.087464],[86.011306,46.088631],[86.010502,46.090449],[86.009489,46.091857],[86.006574,46.094725],[86.003419,46.097238],[86.002943,46.097963],[86.002722,46.098867],[86.002846,46.099666],[86.004132,46.100787],[86.004795,46.101497],[86.005155,46.102236],[86.004890,46.103288],[86.004232,46.104300],[86.003548,46.105072],[86.002356,46.106056],[86.000671,46.106925],[85.999572,46.107623],[85.998567,46.108563],[85.998438,46.110331],[85.997772,46.112502],[85.996813,46.114111],[85.995786,46.116219],[85.993150,46.123896],[85.992572,46.124482],[85.990004,46.126471],[85.979606,46.133229],[85.955583,46.149150],[85.932525,46.163944],[85.926932,46.167917],[85.922256,46.170884],[85.909065,46.179001],[85.905907,46.181238],[85.905342,46.181541],[85.902921,46.181839],[85.898403,46.182168],[85.892298,46.182257],[85.887940,46.182460],[85.884824,46.182464],[85.879360,46.182657],[85.873784,46.183581],[85.868340,46.184285],[85.863022,46.185100],[85.862753,46.185064],[85.862522,46.184920],[85.860274,46.183122],[85.859208,46.182483],[85.858347,46.181758],[85.856673,46.180662],[85.855212,46.180019],[85.854519,46.179871],[85.853692,46.179898],[85.852993,46.180067],[85.851324,46.180187],[85.850067,46.180398],[85.846746,46.181242],[85.845543,46.182017],[85.844119,46.181905],[85.843509,46.182130],[85.842205,46.182286],[85.841909,46.182129],[85.841586,46.181805],[85.841218,46.181029],[85.840802,46.180575],[85.839542,46.180076],[85.839112,46.179997],[85.838609,46.180014],[85.837915,46.180484],[85.837518,46.180556],[85.836218,46.180536],[85.833291,46.180950],[85.830131,46.181278],[85.828417,46.181285],[85.827851,46.181159],[85.826593,46.180551],[85.825908,46.180612],[85.824920,46.180879],[85.823747,46.180794],[85.823038,46.180049],[85.822105,46.179653],[85.817634,46.179636],[85.817037,46.179530],[85.814658,46.178132],[85.814168,46.178040],[85.813860,46.178146],[85.809281,46.183154],[85.806874,46.186072],[85.806611,46.186278],[85.804527,46.187287],[85.798150,46.190123],[85.793030,46.192230],[85.792143,46.192731],[85.791455,46.192892],[85.783818,46.192840],[85.764816,46.193001],[85.752604,46.192935],[85.741937,46.192673],[85.716814,46.192893],[85.713002,46.193121],[85.711919,46.193095],[85.706253,46.192163],[85.705043,46.192113],[85.704482,46.192139],[85.701176,46.193104],[85.698065,46.193158],[85.696236,46.193025],[85.694054,46.192266],[85.692632,46.192247],[85.688646,46.191813],[85.683151,46.191216],[85.680261,46.190814],[85.679874,46.190841],[85.677226,46.192188],[85.671311,46.194712],[85.662781,46.198651],[85.660750,46.199354],[85.660119,46.199763],[85.660015,46.200096],[85.660058,46.200292],[85.660442,46.200874],[85.660426,46.201041],[85.660042,46.201707],[85.658826,46.201867],[85.656766,46.202523],[85.655670,46.202973],[85.654225,46.204125],[85.653121,46.205392],[85.652367,46.206882],[85.651557,46.208177],[85.651249,46.208946],[85.651152,46.209708],[85.650783,46.210517],[85.650468,46.210814],[85.648288,46.211946],[85.647172,46.211972],[85.646251,46.211651],[85.645862,46.211302],[85.644061,46.210782],[85.640992,46.210324],[85.639991,46.210097],[85.636782,46.209745],[85.632306,46.209443],[85.631047,46.209447],[85.630667,46.209455],[85.630248,46.209591],[85.629539,46.209991],[85.627727,46.210464],[85.624170,46.211061],[85.620231,46.211319],[85.619714,46.211541],[85.619209,46.211978],[85.618663,46.212158],[85.614965,46.212199],[85.614648,46.212119],[85.613709,46.211644],[85.608913,46.211120],[85.607837,46.210852],[85.607524,46.210626],[85.606646,46.208692],[85.606070,46.208145],[85.605403,46.207673],[85.604032,46.206905],[85.603010,46.206437],[85.602490,46.206309],[85.601903,46.206203],[85.601439,46.206229],[85.600074,46.206922],[85.599432,46.207136],[85.597636,46.207055],[85.594562,46.207106],[85.593531,46.207007],[85.592868,46.206810],[85.591761,46.205936],[85.590757,46.205945],[85.588520,46.205764],[85.588017,46.205683],[85.587309,46.205407],[85.586529,46.205345],[85.584129,46.205470],[85.583668,46.205398],[85.583139,46.204942],[85.582989,46.204471],[85.582925,46.202750],[85.582866,46.202509],[85.582667,46.202292],[85.581663,46.201871],[85.580252,46.201605],[85.577428,46.200257],[85.576578,46.199938],[85.574269,46.199612],[85.573440,46.199635],[85.572825,46.199507],[85.571643,46.199019],[85.570904,46.198822],[85.570219,46.198405],[85.569369,46.198066],[85.567914,46.197740],[85.567171,46.197698],[85.565769,46.197858],[85.564332,46.198210],[85.562582,46.198366],[85.561477,46.198187],[85.558096,46.198117],[85.557528,46.198035],[85.553373,46.196213],[85.551501,46.195575],[85.549304,46.195229],[85.548410,46.194798],[85.547120,46.194387],[85.545966,46.193857],[85.542751,46.191925],[85.540017,46.189717],[85.538702,46.189130],[85.536870,46.188870],[85.534510,46.188888],[85.532994,46.188675],[85.531844,46.188229],[85.530666,46.187269],[85.529212,46.185409],[85.527007,46.184338],[85.526013,46.183685],[85.524371,46.182842],[85.521605,46.181929],[85.520358,46.181782],[85.519227,46.181528],[85.517579,46.181370],[85.514560,46.180567],[85.510688,46.179213],[85.507253,46.177850],[85.506350,46.177390],[85.505453,46.176032],[85.504831,46.174887],[85.504569,46.174620],[85.504100,46.174494],[85.502493,46.174475],[85.501735,46.174285],[85.501179,46.173803],[85.499228,46.172936],[85.498609,46.172387],[85.497778,46.171439],[85.497572,46.171329],[85.495673,46.170720],[85.495238,46.170453],[85.494047,46.170011],[85.492567,46.169640],[85.490412,46.168557],[85.490170,46.167980],[85.488641,46.167445],[85.487678,46.167206],[85.483481,46.167271],[85.482991,46.167220],[85.482220,46.166949],[85.481995,46.166670],[85.481714,46.165761],[85.481564,46.164908],[85.481368,46.164644],[85.480776,46.164194],[85.480582,46.163825],[85.480683,46.163650],[85.482161,46.163436],[85.482522,46.163148],[85.482558,46.162706],[85.482325,46.162043],[85.481964,46.161885],[85.481351,46.161778],[85.480015,46.162032],[85.479621,46.162007],[85.474997,46.160133],[85.473490,46.159640],[85.470263,46.158370],[85.467360,46.157445],[85.461619,46.155878],[85.459148,46.155374],[85.457256,46.154271],[85.455352,46.153794],[85.453903,46.153548],[85.452036,46.152817],[85.451083,46.152840],[85.449834,46.153368],[85.449082,46.153458],[85.448239,46.153173],[85.447575,46.152480],[85.446633,46.152093],[85.445952,46.152019],[85.444662,46.151635],[85.441763,46.151560],[85.441197,46.151452],[85.439854,46.150575],[85.437993,46.150231],[85.437294,46.149713],[85.435830,46.148280],[85.433416,46.146672],[85.433021,46.146015],[85.432997,46.145163],[85.433294,46.144220],[85.434080,46.142740],[85.434159,46.141622],[85.435908,46.140428],[85.436472,46.139555],[85.436466,46.139153],[85.436131,46.138685],[85.434194,46.136995],[85.433544,46.136035],[85.433361,46.135094],[85.433132,46.134694],[85.432152,46.133522],[85.431261,46.131944],[85.431019,46.131621],[85.430812,46.131497],[85.430021,46.131474],[85.428919,46.131574],[85.427083,46.131860],[85.426253,46.131445],[85.422960,46.131204],[85.419386,46.128108],[85.416709,46.127865],[85.414879,46.128749],[85.414468,46.128753],[85.413651,46.128760],[85.412408,46.128491],[85.411798,46.128788],[85.410853,46.131806],[85.408641,46.133692],[85.406611,46.134437],[85.406247,46.134443],[85.405774,46.134720],[85.402324,46.136236],[85.398798,46.136186],[85.397561,46.136544],[85.394876,46.137699],[85.394722,46.138052],[85.394884,46.138882],[85.394987,46.140298],[85.394693,46.140678],[85.394381,46.140861],[85.391402,46.142199],[85.390818,46.142621],[85.390332,46.143219],[85.390020,46.144433],[85.389912,46.145643],[85.389521,46.146280],[85.388307,46.146245],[85.385659,46.145454],[85.384207,46.144898],[85.382487,46.144055],[85.380092,46.143605],[85.377789,46.144252],[85.363059,46.147772],[85.347789,46.151552],[85.343242,46.152096],[85.338034,46.151355],[85.335696,46.151541],[85.333766,46.153026],[85.333132,46.154992],[85.331957,46.155856],[85.330437,46.156265],[85.328197,46.156573],[85.324778,46.157374],[85.323309,46.158864],[85.321971,46.159192],[85.319492,46.158936],[85.319071,46.158649],[85.316814,46.159106],[85.313723,46.159137],[85.312705,46.159722],[85.312108,46.160728],[85.310670,46.160597],[85.309201,46.159898],[85.308176,46.160053],[85.307373,46.160776],[85.307632,46.163065],[85.307029,46.163496],[85.304566,46.164093],[85.303143,46.164970],[85.298799,46.164304],[85.296328,46.164616],[85.296780,46.166044],[85.297200,46.166321],[85.296627,46.168190],[85.293790,46.170078],[85.293216,46.171940],[85.292811,46.172230],[85.290135,46.172402],[85.287864,46.172150],[85.287253,46.172436],[85.287520,46.175004],[85.287329,46.175442],[85.286106,46.176168],[85.281971,46.175499],[85.278677,46.175823],[85.277462,46.176550],[85.277065,46.177129],[85.276690,46.178850],[85.275468,46.179433],[85.270739,46.179627],[85.269583,46.179889],[85.268073,46.180232],[85.264828,46.182278],[85.261949,46.182304],[85.261330,46.182169],[85.259857,46.181192],[85.257795,46.181070],[85.256162,46.181523],[85.252910,46.183271],[85.249622,46.183455],[85.245486,46.182654],[85.242404,46.182689],[85.240970,46.182991],[85.238942,46.184310],[85.231584,46.185971],[85.229320,46.186002],[85.227478,46.184494],[85.224551,46.184955],[85.220511,46.185952],[85.215623,46.187157],[85.214357,46.187583],[85.209686,46.189151],[85.205016,46.190725],[85.201655,46.191950],[85.197055,46.193624],[85.196579,46.193759],[85.191771,46.195120],[85.186965,46.196484],[85.182158,46.197842],[85.178720,46.198178],[85.173585,46.198687],[85.171446,46.198934],[85.166328,46.199537],[85.166190,46.199533],[85.161011,46.199539],[85.155822,46.199542],[85.156775,46.199685],[85.151743,46.199862],[85.146562,46.200049],[85.143521,46.199936],[85.138339,46.199744],[85.137463,46.200132],[85.133086,46.202064],[85.128691,46.203994],[85.127755,46.204179],[85.122769,46.205173],[85.117773,46.206169],[85.116836,46.206257],[85.111690,46.206724],[85.106526,46.207195],[85.103965,46.207629],[85.098911,46.208484],[85.096288,46.209007],[85.091284,46.209996],[85.087721,46.210675],[85.082697,46.211625],[85.077680,46.212581],[85.077480,46.212645],[85.072748,46.214150],[85.068024,46.215658],[85.066762,46.216341],[85.062662,46.218560],[85.062419,46.218695],[85.058362,46.220956],[85.054313,46.223214],[85.050254,46.225475],[85.048991,46.226157],[85.044888,46.228375],[85.041394,46.230918],[85.037813,46.233530],[85.036313,46.235136],[85.033489,46.238171],[85.030674,46.241192],[85.029332,46.242277],[85.025924,46.245003],[85.024023,46.245787],[85.019559,46.247654],[85.017048,46.249508],[85.013481,46.252131],[85.009748,46.253878],[85.005431,46.255900],[85.003792,46.256632],[84.999414,46.258585],[84.995036,46.260542],[84.994914,46.260607],[84.990771,46.262794],[84.986629,46.264986],[84.986062,46.265367],[84.982304,46.267860],[84.978538,46.270349],[84.978050,46.270612],[84.973927,46.272818],[84.969803,46.275016],[84.969411,46.275349],[84.966057,46.278101],[84.962702,46.280857],[84.961012,46.282450],[84.957945,46.285359],[84.956726,46.286632],[84.953860,46.289642],[84.951596,46.292037],[84.948749,46.295056],[84.947478,46.296980],[84.945310,46.300257],[84.943804,46.301197],[84.939922,46.303611],[84.937251,46.306115],[84.934153,46.309014],[84.933327,46.309859],[84.930413,46.312846],[84.927882,46.314444],[84.924030,46.316871],[84.923126,46.317565],[84.919607,46.320227],[84.917765,46.322873],[84.915497,46.326114],[84.914959,46.327224],[84.913299,46.330639],[84.911659,46.334064],[84.911355,46.336173],[84.910843,46.339762],[84.909888,46.341992],[84.908385,46.345442],[84.907343,46.347122],[84.905252,46.350473],[84.902708,46.353620],[84.900165,46.356766],[84.899948,46.358923],[84.899610,46.362521],[84.899264,46.366124],[84.899307,46.367092],[84.899481,46.370694],[84.900054,46.372877],[84.900992,46.376431],[84.901045,46.377620],[84.901202,46.381224],[84.901550,46.382708],[84.902401,46.386267],[84.902453,46.387296],[84.902653,46.390898],[84.902845,46.394505],[84.902620,46.395782],[84.901960,46.399363],[84.901318,46.402939],[84.899765,46.406099],[84.898099,46.409515],[84.896424,46.412932],[84.894568,46.414096],[84.890707,46.416519],[84.889310,46.419246],[84.887567,46.422651],[84.885704,46.425252],[84.883380,46.428483],[84.881056,46.431810],[84.880961,46.435413],[84.880866,46.439020],[84.881197,46.441385],[84.881700,46.444970],[84.881648,46.445761],[84.881414,46.449364],[84.881172,46.452962],[84.880062,46.454496],[84.877731,46.457723],[84.878121,46.459429],[84.878928,46.462992],[84.880871,46.465391],[84.883420,46.468531],[84.884418,46.469768],[84.886951,46.472917],[84.887601,46.473702],[84.890171,46.476839],[84.890613,46.478996],[84.891342,46.482568],[84.891412,46.482855],[84.892211,46.486418],[84.893018,46.489982],[84.893818,46.493545],[84.891996,46.496121],[84.889697,46.499356],[84.887528,46.502374],[84.885213,46.505610],[84.882924,46.507187],[84.879239,46.509739],[84.876153,46.511031],[84.871689,46.512900],[84.870164,46.513279],[84.865259,46.514493],[84.863145,46.515195],[84.858442,46.516760],[84.858303,46.516908],[84.855471,46.519938],[84.852639,46.522969],[84.849755,46.525001],[84.846101,46.527577],[84.842438,46.530154],[84.837841,46.531817],[84.833226,46.533484],[84.828827,46.535246],[84.824307,46.537052],[84.821424,46.538659],[84.817363,46.540919],[84.816238,46.543765],[84.814862,46.547249],[84.814689,46.547275],[84.809571,46.547983],[84.804461,46.548695],[84.803898,46.548821],[84.798943,46.549936],[84.793978,46.551051],[84.789342,46.552116],[84.784385,46.553255],[84.779435,46.554389],[84.777146,46.555720],[84.773159,46.558050],[84.772152,46.558667],[84.768257,46.561070],[84.767434,46.561426],[84.763018,46.563351],[84.758593,46.565276],[84.757846,46.565845],[84.754314,46.568506],[84.750789,46.571164],[84.749366,46.572145],[84.745667,46.574692],[84.741967,46.577239],[84.740873,46.577990],[84.737180,46.580541],[84.733488,46.583091],[84.730124,46.585050],[84.726136,46.587378],[84.724718,46.588427],[84.721163,46.591067],[84.719667,46.592390],[84.716476,46.595239],[84.714510,46.596591],[84.710814,46.599134],[84.708874,46.601536],[84.706343,46.604684],[84.703716,46.607619],[84.700984,46.610689],[84.698235,46.613753],[84.695659,46.616840],[84.693040,46.619957],[84.692048,46.621749],[84.690186,46.625114],[84.688316,46.628476],[84.688159,46.629101],[84.687245,46.632646],[84.686332,46.636192],[84.687002,46.639471],[84.687725,46.643037],[84.688458,46.646612],[84.689067,46.647871],[84.690730,46.651292],[84.691670,46.652566],[84.694029,46.655792],[84.694325,46.656152],[84.696901,46.659296],[84.699477,46.662439],[84.700818,46.663775],[84.703794,46.666749],[84.704813,46.667593],[84.708163,46.670372],[84.709807,46.671495],[84.713539,46.674036],[84.715061,46.675453],[84.718184,46.678354],[84.718462,46.678788],[84.720524,46.682104],[84.722593,46.685419],[84.723298,46.687660],[84.724395,46.691191],[84.725491,46.694709],[84.725743,46.696537],[84.726247,46.700124],[84.726743,46.703711],[84.726109,46.706299],[84.725232,46.709845],[84.725432,46.712460],[84.725711,46.716060],[84.725841,46.716372],[84.727311,46.719834],[84.728780,46.723296],[84.728867,46.723453],[84.730877,46.726789],[84.732885,46.730116],[84.733537,46.730929],[84.736092,46.734079],[84.738629,46.737233],[84.738872,46.737412],[84.742356,46.740105],[84.745849,46.742794],[84.749444,46.745322],[84.753109,46.747897],[84.756816,46.750164],[84.760731,46.752560],[84.761226,46.753636],[84.762814,46.757071],[84.764402,46.760500],[84.764473,46.761960],[84.764647,46.765560],[84.764586,46.766372],[84.764283,46.769967],[84.763988,46.773567],[84.764049,46.776159],[84.764146,46.779767],[84.764119,46.779902],[84.763494,46.783476],[84.762871,46.787058],[84.762654,46.787910],[84.762288,46.789365],[84.762300,46.790082],[84.761476,46.790948],[84.761927,46.792802],[84.761317,46.794095],[84.762377,46.794944],[84.767190,46.797196],[84.769896,46.797598],[84.772396,46.797582],[84.775536,46.798172],[84.781155,46.800118],[84.789512,46.802435],[84.792429,46.803118],[84.799716,46.804337],[84.801376,46.804466],[84.803264,46.805588],[84.803691,46.806163],[84.808328,46.810404],[84.813353,46.812931],[84.820020,46.814297],[84.821276,46.815282],[84.821504,46.816420],[84.819678,46.818729],[84.819701,46.820160],[84.820766,46.823456],[84.821650,46.825432],[84.820977,46.826416],[84.820725,46.826506],[84.820656,46.826664],[84.822050,46.832166],[84.828378,46.832553],[84.830443,46.832828],[84.832617,46.833261],[84.834206,46.833887],[84.835072,46.834591],[84.836130,46.835460],[84.836467,46.836195],[84.836596,46.837038],[84.836485,46.837765],[84.836579,46.838467],[84.836959,46.839175],[84.837277,46.840357],[84.837866,46.841937],[84.838174,46.842391],[84.839150,46.843417],[84.841084,46.844992],[84.842798,46.845947],[84.844119,46.846530],[84.845255,46.846634],[84.848353,46.846603],[84.852002,46.846022],[84.853263,46.846071],[84.856093,46.846625],[84.858080,46.846663],[84.859605,46.846860],[84.861775,46.847301],[84.862994,46.847803],[84.868031,46.850433],[84.871797,46.851569],[84.873452,46.852499],[84.876104,46.853352],[84.878343,46.854942],[84.879403,46.855503],[84.880945,46.855903],[84.884447,46.855810],[84.886333,46.855471],[84.887425,46.855274],[84.891116,46.853852],[84.893172,46.853812],[84.895246,46.853322],[84.895924,46.853319],[84.897474,46.853533],[84.900883,46.853596],[84.903509,46.853752],[84.905778,46.853515],[84.907212,46.853263],[84.908662,46.853181],[84.910921,46.852634],[84.913900,46.851605],[84.915542,46.851248],[84.916610,46.851129],[84.917537,46.851131],[84.918549,46.851274],[84.921871,46.852531],[84.923360,46.852844],[84.924648,46.852884],[84.925715,46.852812],[84.928723,46.852281],[84.930391,46.852452],[84.933853,46.853078],[84.934545,46.853339],[84.935999,46.854406],[84.938110,46.856618],[84.938469,46.857308],[84.938763,46.858476],[84.939076,46.859180],[84.939510,46.859685],[84.940624,46.860172],[84.943604,46.861920|84.795312,46.972533],[84.810272,46.968792],[84.822742,46.967024],[84.829011,46.966136],[84.849394,46.956940],[84.850909,46.950750],[84.859059,46.936879],[84.866942,46.927531],[84.883690,46.916913],[84.900625,46.903286],[84.914633,46.889593],[84.929915,46.869272],[84.934473,46.863985],[84.940460,46.862148],[84.943604,46.861920],[84.940624,46.860172],[84.939510,46.859685],[84.939076,46.859180],[84.938763,46.858476],[84.938469,46.857308],[84.938110,46.856618],[84.935999,46.854406],[84.934545,46.853339],[84.933853,46.853078],[84.930391,46.852452],[84.928723,46.852281],[84.925715,46.852812],[84.924648,46.852884],[84.923360,46.852844],[84.921871,46.852531],[84.918549,46.851274],[84.917537,46.851131],[84.916610,46.851129],[84.915542,46.851248],[84.913900,46.851605],[84.910921,46.852634],[84.908662,46.853181],[84.907212,46.853263],[84.905778,46.853515],[84.903509,46.853752],[84.900883,46.853596],[84.897474,46.853533],[84.895924,46.853319],[84.895246,46.853322],[84.893172,46.853812],[84.891116,46.853852],[84.887425,46.855274],[84.886333,46.855471],[84.884447,46.855810],[84.880945,46.855903],[84.879403,46.855503],[84.878343,46.854942],[84.876104,46.853352],[84.873452,46.852499],[84.871797,46.851569],[84.868031,46.850433],[84.862994,46.847803],[84.861775,46.847301],[84.859605,46.846860],[84.858080,46.846663],[84.856093,46.846625],[84.853263,46.846071],[84.852002,46.846022],[84.848353,46.846603],[84.845255,46.846634],[84.844119,46.846530],[84.842798,46.845947],[84.841084,46.844992],[84.839150,46.843417],[84.838174,46.842391],[84.837866,46.841937],[84.837277,46.840357],[84.836959,46.839175],[84.836579,46.838467],[84.836485,46.837765],[84.836596,46.837038],[84.836467,46.836195],[84.836130,46.835460],[84.835072,46.834591],[84.834206,46.833887],[84.832617,46.833261],[84.830443,46.832828],[84.828378,46.832553],[84.822050,46.832166],[84.820656,46.826664],[84.820725,46.826506],[84.820977,46.826416],[84.821650,46.825432],[84.820766,46.823456],[84.819701,46.820160],[84.819678,46.818729],[84.821504,46.816420],[84.821276,46.815282],[84.820020,46.814297],[84.813353,46.812931],[84.808328,46.810404],[84.803691,46.806163],[84.803264,46.805588],[84.801376,46.804466],[84.799716,46.804337],[84.792429,46.803118],[84.789512,46.802435],[84.781155,46.800118],[84.775536,46.798172],[84.772396,46.797582],[84.769896,46.797598],[84.767190,46.797196],[84.762377,46.794944],[84.761317,46.794095],[84.761927,46.792802],[84.761476,46.790948],[84.762300,46.790082],[84.762288,46.789365],[84.762654,46.787910],[84.762871,46.787058],[84.763494,46.783476],[84.764119,46.779902],[84.764146,46.779767],[84.764049,46.776159],[84.763988,46.773567],[84.764283,46.769967],[84.764586,46.766372],[84.764647,46.765560],[84.764473,46.761960],[84.764402,46.760500],[84.762814,46.757071],[84.761226,46.753636],[84.760731,46.752560],[84.756816,46.750164],[84.753109,46.747897],[84.749444,46.745322],[84.745849,46.742794],[84.742356,46.740105],[84.738872,46.737412],[84.738629,46.737233],[84.736092,46.734079],[84.733537,46.730929],[84.732885,46.730116],[84.730877,46.726789],[84.728867,46.723453],[84.728780,46.723296],[84.727311,46.719834],[84.725841,46.716372],[84.725711,46.716060],[84.725432,46.712460],[84.725232,46.709845],[84.726109,46.706299],[84.726743,46.703711],[84.726247,46.700124],[84.725743,46.696537],[84.725491,46.694709],[84.724395,46.691191],[84.723298,46.687660],[84.722593,46.685419],[84.720524,46.682104],[84.718462,46.678788],[84.718184,46.678354],[84.715061,46.675453],[84.713539,46.674036],[84.709807,46.671495],[84.708163,46.670372],[84.704813,46.667593],[84.703794,46.666749],[84.700818,46.663775],[84.699477,46.662439],[84.696901,46.659296],[84.694325,46.656152],[84.694029,46.655792],[84.691670,46.652566],[84.690730,46.651292],[84.689067,46.647871],[84.688458,46.646612],[84.687725,46.643037],[84.687002,46.639471],[84.686332,46.636192],[84.687245,46.632646],[84.688159,46.629101],[84.688316,46.628476],[84.690186,46.625114],[84.692048,46.621749],[84.693040,46.619957],[84.695659,46.616840],[84.698235,46.613753],[84.700984,46.610689],[84.703716,46.607619],[84.706343,46.604684],[84.708874,46.601536],[84.710814,46.599134],[84.714510,46.596591],[84.716476,46.595239],[84.719667,46.592390],[84.721163,46.591067],[84.724718,46.588427],[84.726136,46.587378],[84.730124,46.585050],[84.733488,46.583091],[84.737180,46.580541],[84.740873,46.577990],[84.741967,46.577239],[84.745667,46.574692],[84.749366,46.572145],[84.750789,46.571164],[84.754314,46.568506],[84.757846,46.565845],[84.758593,46.565276],[84.763018,46.563351],[84.767434,46.561426],[84.768257,46.561070],[84.772152,46.558667],[84.773159,46.558050],[84.777146,46.555720],[84.779435,46.554389],[84.784385,46.553255],[84.789342,46.552116],[84.793978,46.551051],[84.798943,46.549936],[84.803898,46.548821],[84.804461,46.548695],[84.809571,46.547983],[84.814689,46.547275],[84.814862,46.547249],[84.816238,46.543765],[84.817363,46.540919],[84.821424,46.538659],[84.824307,46.537052],[84.828827,46.535246],[84.833226,46.533484],[84.837841,46.531817],[84.842438,46.530154],[84.846101,46.527577],[84.849755,46.525001],[84.852639,46.522969],[84.855471,46.519938],[84.858303,46.516908],[84.858442,46.516760],[84.863145,46.515195],[84.865259,46.514493],[84.870164,46.513279],[84.871689,46.512900],[84.876153,46.511031],[84.879239,46.509739],[84.882924,46.507187],[84.885213,46.505610],[84.887528,46.502374],[84.889697,46.499356],[84.891996,46.496121],[84.893818,46.493545],[84.893018,46.489982],[84.892211,46.486418],[84.891412,46.482855],[84.891342,46.482568],[84.890613,46.478996],[84.890171,46.476839],[84.887601,46.473702],[84.886951,46.472917],[84.884418,46.469768],[84.883420,46.468531],[84.880871,46.465391],[84.878928,46.462992],[84.878121,46.459429],[84.877731,46.457723],[84.880062,46.454496],[84.881172,46.452962],[84.881414,46.449364],[84.881648,46.445761],[84.881700,46.444970],[84.881197,46.441385],[84.880866,46.439020],[84.880961,46.435413],[84.881056,46.431810],[84.883380,46.428483],[84.885704,46.425252],[84.887567,46.422651],[84.889310,46.419246],[84.890707,46.416519],[84.894568,46.414096],[84.896424,46.412932],[84.898099,46.409515],[84.899765,46.406099],[84.901318,46.402939],[84.901960,46.399363],[84.902620,46.395782],[84.902845,46.394505],[84.902653,46.390898],[84.902453,46.387296],[84.902401,46.386267],[84.901550,46.382708],[84.901202,46.381224],[84.901045,46.377620],[84.900992,46.376431],[84.900054,46.372877],[84.899481,46.370694],[84.899307,46.367092],[84.899264,46.366124],[84.899610,46.362521],[84.899948,46.358923],[84.900165,46.356766],[84.902708,46.353620],[84.905252,46.350473],[84.907343,46.347122],[84.908385,46.345442],[84.909888,46.341992],[84.910843,46.339762],[84.911355,46.336173],[84.911659,46.334064],[84.913299,46.330639],[84.914959,46.327224],[84.915497,46.326114],[84.917765,46.322873],[84.919607,46.320227],[84.923126,46.317565],[84.924030,46.316871],[84.927882,46.314444],[84.930413,46.312846],[84.933327,46.309859],[84.934153,46.309014],[84.937251,46.306115],[84.939922,46.303611],[84.943804,46.301197],[84.945310,46.300257],[84.947478,46.296980],[84.948749,46.295056],[84.951596,46.292037],[84.953860,46.289642],[84.956726,46.286632],[84.957945,46.285359],[84.961012,46.282450],[84.962702,46.280857],[84.966057,46.278101],[84.969411,46.275349],[84.969803,46.275016],[84.973927,46.272818],[84.978050,46.270612],[84.978538,46.270349],[84.982304,46.267860],[84.986062,46.265367],[84.986629,46.264986],[84.990771,46.262794],[84.994914,46.260607],[84.995036,46.260542],[84.999414,46.258585],[85.003792,46.256632],[85.005431,46.255900],[85.009748,46.253878],[85.013481,46.252131],[85.017048,46.249508],[85.019559,46.247654],[85.024023,46.245787],[85.025924,46.245003],[85.029332,46.242277],[85.030674,46.241192],[85.033489,46.238171],[85.036313,46.235136],[85.037813,46.233530],[85.041394,46.230918],[85.044888,46.228375],[85.048991,46.226157],[85.050254,46.225475],[85.054313,46.223214],[85.058362,46.220956],[85.062419,46.218695],[85.062662,46.218560],[85.066762,46.216341],[85.068024,46.215658],[85.072748,46.214150],[85.077480,46.212645],[85.077680,46.212581],[85.082697,46.211625],[85.087721,46.210675],[85.091284,46.209996],[85.096288,46.209007],[85.098911,46.208484],[85.103965,46.207629],[85.106526,46.207195],[85.111690,46.206724],[85.116836,46.206257],[85.117773,46.206169],[85.122769,46.205173],[85.127755,46.204179],[85.128691,46.203994],[85.133086,46.202064],[85.137463,46.200132],[85.138339,46.199744],[85.143521,46.199936],[85.146562,46.200049],[85.151743,46.199862],[85.156775,46.199685],[85.155822,46.199542],[85.161011,46.199539],[85.166190,46.199533],[85.166328,46.199537],[85.171446,46.198934],[85.173585,46.198687],[85.178720,46.198178],[85.182158,46.197842],[85.186965,46.196484],[85.191771,46.195120],[85.196579,46.193759],[85.197055,46.193624],[85.201655,46.191950],[85.205016,46.190725],[85.209686,46.189151],[85.214357,46.187583],[85.215623,46.187157],[85.220511,46.185952],[85.224551,46.184955],[85.227478,46.184494],[85.229320,46.186002],[85.231584,46.185971],[85.238942,46.184310],[85.240970,46.182991],[85.242404,46.182689],[85.245486,46.182654],[85.249622,46.183455],[85.252910,46.183271],[85.256162,46.181523],[85.257795,46.181070],[85.259857,46.181192],[85.261330,46.182169],[85.261949,46.182304],[85.264828,46.182278],[85.268073,46.180232],[85.269583,46.179889],[85.270739,46.179627],[85.275468,46.179433],[85.276690,46.178850],[85.277065,46.177129],[85.277462,46.176550],[85.278677,46.175823],[85.281971,46.175499],[85.286106,46.176168],[85.287329,46.175442],[85.287520,46.175004],[85.287253,46.172436],[85.287864,46.172150],[85.290135,46.172402],[85.292811,46.172230],[85.293216,46.171940],[85.293790,46.170078],[85.296627,46.168190],[85.297200,46.166321],[85.296780,46.166044],[85.296328,46.164616],[85.298799,46.164304],[85.303143,46.164970],[85.304566,46.164093],[85.307029,46.163496],[85.307632,46.163065],[85.307373,46.160776],[85.308176,46.160053],[85.309201,46.159898],[85.310670,46.160597],[85.312108,46.160728],[85.312705,46.159722],[85.313723,46.159137],[85.316814,46.159106],[85.319071,46.158649],[85.319492,46.158936],[85.321971,46.159192],[85.323309,46.158864],[85.324778,46.157374],[85.328197,46.156573],[85.330437,46.156265],[85.331957,46.155856],[85.333132,46.154992],[85.333766,46.153026],[85.335696,46.151541],[85.338034,46.151355],[85.343242,46.152096],[85.347789,46.151552],[85.363059,46.147772],[85.377789,46.144252],[85.380092,46.143605],[85.378118,46.142818],[85.377721,46.142411],[85.376800,46.140193],[85.376243,46.138656],[85.376025,46.138277],[85.375251,46.137606],[85.371407,46.136228],[85.368666,46.135158],[85.367275,46.134960],[85.365797,46.134035],[85.360518,46.129751],[85.358830,46.129415],[85.357586,46.128736],[85.355990,46.128510],[85.353728,46.128448],[85.352913,46.128327],[85.349590,46.127456],[85.347625,46.127089],[85.344589,46.127106],[85.343240,46.126692],[85.341885,46.126093],[85.341157,46.125881],[85.337426,46.125729],[85.336449,46.125386],[85.335894,46.125018],[85.334119,46.123537],[85.332183,46.122243],[85.330795,46.121139],[85.327964,46.119945],[85.326714,46.119644],[85.326045,46.119608],[85.325235,46.119565],[85.325015,46.119453],[85.324946,46.119151],[85.324968,46.118216],[85.324582,46.117458],[85.322786,46.112744],[85.322660,46.112157],[85.322449,46.111169],[85.321546,46.109183],[85.319755,46.104319],[85.319190,46.103100],[85.318666,46.102514],[85.315908,46.100965],[85.314170,46.100294],[85.312925,46.099680],[85.310044,46.099015],[85.308286,46.098235],[85.305248,46.098376],[85.301442,46.098030],[85.298361,46.097645],[85.296689,46.097225],[85.290816,46.094524],[85.288044,46.093544],[85.286410,46.093075],[85.285504,46.092426],[85.284441,46.091807],[85.283786,46.091596],[85.282944,46.090839],[85.282446,46.088268],[85.282479,46.085855],[85.282237,46.085522],[85.281179,46.084753],[85.281019,46.084300],[85.281206,46.083882],[85.281913,46.083007],[85.282177,46.081855],[85.282188,46.080924],[85.281977,46.080546],[85.281307,46.080050],[85.279536,46.079780],[85.279647,46.079318],[85.281177,46.078633],[85.281988,46.078074],[85.282112,46.077775],[85.282136,46.077367],[85.281907,46.077201],[85.281347,46.077245],[85.277177,46.079287],[85.276876,46.079328],[85.276685,46.079258],[85.276691,46.079070],[85.277842,46.078404],[85.278445,46.077587],[85.279817,46.076382],[85.280570,46.075158],[85.280583,46.074749],[85.280253,46.074543],[85.277795,46.075477],[85.276870,46.075463],[85.276238,46.075307],[85.276115,46.075195],[85.276046,46.074906],[85.276383,46.074306],[85.276818,46.073098],[85.276752,46.072696],[85.276615,46.072464],[85.275800,46.071996],[85.275697,46.071840],[85.275715,46.071665],[85.276305,46.071244],[85.276439,46.070980],[85.276359,46.070473],[85.275825,46.069655],[85.275173,46.068797],[85.274766,46.068556],[85.273642,46.068396],[85.272633,46.068577],[85.272314,46.068572],[85.272143,46.068473],[85.272283,46.067060],[85.271739,46.065252],[85.271564,46.065103],[85.271361,46.065066],[85.270124,46.065047],[85.269319,46.064838],[85.269288,46.064691],[85.269787,46.064478],[85.270294,46.064014],[85.270463,46.063804],[85.270343,46.063606],[85.269579,46.063063],[85.268939,46.062222],[85.268564,46.061920],[85.268237,46.061828],[85.266930,46.061928],[85.266762,46.061737],[85.267010,46.061486],[85.268070,46.061006],[85.268156,46.060766],[85.268017,46.059240],[85.268118,46.058523],[85.267860,46.058143],[85.267531,46.057892],[85.266451,46.057491],[85.266311,46.057367],[85.266278,46.056878],[85.266702,46.056568],[85.268248,46.055907],[85.268976,46.055485],[85.269176,46.055233],[85.269199,46.054870],[85.269113,46.054539],[85.268871,46.054226],[85.268260,46.053996],[85.267673,46.053940],[85.265517,46.054328],[85.264883,46.054272],[85.264203,46.053723],[85.263337,46.053388],[85.263294,46.053233],[85.263492,46.053049],[85.264100,46.052816],[85.264934,46.052649],[85.265606,46.051887],[85.265992,46.051255],[85.265953,46.050590],[85.266105,46.050317],[85.266234,46.049668],[85.266086,46.049411],[85.264702,46.048350],[85.264583,46.048126],[85.264621,46.047864],[85.264963,46.047681],[85.265874,46.047550],[85.266406,46.047237],[85.267429,46.046017],[85.268008,46.045731],[85.269475,46.045686],[85.270997,46.045777],[85.271740,46.045455],[85.271653,46.045169],[85.270728,46.044027],[85.270413,46.042962],[85.270078,46.042514],[85.269937,46.042044],[85.269350,46.041618],[85.267953,46.041353],[85.267706,46.041191],[85.267749,46.040974],[85.268866,46.040575],[85.269225,46.040246],[85.269277,46.039721],[85.269154,46.039427],[85.268887,46.039139],[85.268828,46.038712],[85.269063,46.038520],[85.269805,46.038201],[85.269919,46.038015],[85.269865,46.034754],[85.270065,46.034319],[85.270717,46.033799],[85.271149,46.033230],[85.271073,46.032611],[85.270952,46.032442],[85.270989,46.032200],[85.271281,46.032071],[85.272426,46.031956],[85.275652,46.031898],[85.276506,46.031678],[85.277569,46.031069],[85.279073,46.029749],[85.279184,46.029559],[85.279174,46.029304],[85.278966,46.028847],[85.278209,46.027514],[85.276720,46.025762],[85.276695,46.025607],[85.277147,46.025359],[85.277672,46.025280],[85.279882,46.025249],[85.280030,46.025143],[85.279990,46.024875],[85.279542,46.024404],[85.277853,46.023505],[85.276130,46.023314],[85.275943,46.023144],[85.276042,46.023033],[85.276442,46.022931],[85.277619,46.022916],[85.283100,46.023944],[85.283990,46.023912],[85.284208,46.023653],[85.284170,46.023352],[85.283319,46.022511],[85.282462,46.022055],[85.281005,46.021802],[85.280634,46.021541],[85.279776,46.020367],[85.279966,46.020061],[85.280367,46.019888],[85.283703,46.020397],[85.284178,46.020371],[85.284453,46.020200],[85.284574,46.020002],[85.284554,46.019680],[85.284307,46.019313],[85.283502,46.018723],[85.282310,46.018253],[85.282249,46.018085],[85.282331,46.017957],[85.282817,46.017765],[85.282934,46.016915],[85.283206,46.016853],[85.284806,46.017146],[85.285330,46.017121],[85.285729,46.017014],[85.285957,46.016467],[85.285819,46.016256],[85.284583,46.015652],[85.284199,46.015224],[85.282676,46.014393],[85.281572,46.014376],[85.279086,46.013972],[85.278986,46.013716],[85.279148,46.013539],[85.279884,46.013422],[85.284615,46.013064],[85.284856,46.012825],[85.284865,46.012537],[85.284538,46.011873],[85.283168,46.010911],[85.282024,46.010450],[85.281138,46.010357],[85.280265,46.010422],[85.279740,46.010334],[85.279216,46.009795],[85.278485,46.009366],[85.277197,46.008916],[85.275997,46.008099],[85.275414,46.007539],[85.274724,46.007173],[85.274480,46.006906],[85.274502,46.006773],[85.274709,46.006688],[85.275392,46.006733],[85.279492,46.008664],[85.281093,46.009287],[85.282337,46.009637],[85.282811,46.009645],[85.283675,46.009496],[85.283871,46.009365],[85.283906,46.009186],[85.283683,46.008853],[85.283687,46.008711],[85.283993,46.008516],[85.284274,46.008553],[85.284557,46.008733],[85.285047,46.009393],[85.285790,46.010027],[85.286740,46.011165],[85.287828,46.011880],[85.288298,46.012042],[85.288953,46.012019],[85.289019,46.011832],[85.288907,46.011380],[85.288394,46.010090],[85.288359,46.009693],[85.288441,46.009539],[85.288865,46.009621],[85.291018,46.010529],[85.291876,46.010531],[85.293120,46.010342],[85.293348,46.010150],[85.293472,46.009818],[85.293398,46.009495],[85.292118,46.007762],[85.291799,46.006830],[85.291381,46.005951],[85.291092,46.005583],[85.289690,46.004500],[85.289381,46.004395],[85.288037,46.004548],[85.286774,46.004440],[85.286443,46.004259],[85.286497,46.004081],[85.286985,46.003625],[85.287955,46.003136],[85.288173,46.002893],[85.288587,46.001432],[85.289071,46.000393],[85.289010,45.999265],[85.288775,45.998710],[85.288782,45.998484],[85.288905,45.998403],[85.289289,45.998409],[85.290484,45.998980],[85.291236,45.999142],[85.291524,45.999147],[85.292232,45.998766],[85.292244,45.998391],[85.291422,45.997400],[85.291187,45.996845],[85.291254,45.996604],[85.291566,45.996609],[85.292621,45.997470],[85.293000,45.997626],[85.293504,45.997660],[85.293858,45.997465],[85.293868,45.997156],[85.293385,45.996439],[85.293495,45.994812],[85.293430,45.993818],[85.293037,45.993319],[85.291874,45.992882],[85.290142,45.992570],[85.289466,45.992668],[85.285738,45.994018],[85.284091,45.994852],[85.282714,45.995138],[85.282559,45.995094],[85.282567,45.994852],[85.284445,45.993914],[85.284453,45.993647],[85.284173,45.993375],[85.283771,45.993193],[85.283412,45.993146],[85.283142,45.992958],[85.283112,45.992740],[85.283433,45.992461],[85.285603,45.992187],[85.285994,45.991968],[85.286035,45.990641],[85.284641,45.989517],[85.283385,45.988987],[85.282881,45.988979],[85.280859,45.989547],[85.280607,45.989543],[85.280416,45.989490],[85.280234,45.989178],[85.280186,45.988802],[85.280037,45.988557],[85.279503,45.988348],[85.274953,45.988409],[85.270890,45.988637],[85.269468,45.989232],[85.268926,45.989307],[85.268717,45.989087],[85.268580,45.988483],[85.267886,45.988055],[85.267442,45.988048],[85.266774,45.988305],[85.265715,45.988422],[85.265367,45.988416],[85.265154,45.988321],[85.264936,45.988009],[85.264869,45.987106],[85.264718,45.986928],[85.264374,45.986806],[85.263871,45.986798],[85.263190,45.987096],[85.262877,45.987141],[85.262015,45.987078],[85.261712,45.986814],[85.261596,45.986303],[85.261354,45.985990],[85.260858,45.985741],[85.260638,45.985512],[85.260682,45.985229],[85.261373,45.984221],[85.261723,45.984159],[85.262485,45.984347],[85.263224,45.984851],[85.263640,45.984982],[85.265066,45.985005],[85.265608,45.984930],[85.266992,45.984417],[85.267104,45.983893],[85.266610,45.983200],[85.266628,45.982625],[85.266329,45.982219],[85.266140,45.982108],[85.265364,45.982388],[85.264217,45.982654],[85.263208,45.982705],[85.262947,45.982609],[85.262955,45.982350],[85.263566,45.981207],[85.263386,45.980829],[85.261502,45.979363],[85.259966,45.978629],[85.259129,45.978174],[85.258909,45.977953],[85.259048,45.977713],[85.260563,45.976810],[85.260610,45.976452],[85.260424,45.976257],[85.260103,45.976185],[85.258653,45.976179],[85.258428,45.976067],[85.258472,45.975784],[85.259246,45.975220],[85.260331,45.975036],[85.261096,45.975090],[85.261472,45.975321],[85.261900,45.975837],[85.262242,45.976035],[85.262779,45.976110],[85.264402,45.975960],[85.266093,45.975527],[85.268615,45.975074],[85.269612,45.974656],[85.269931,45.974411],[85.269917,45.974101],[85.269601,45.973854],[85.268667,45.973397],[85.268485,45.973085],[85.268400,45.972733],[85.268769,45.972054],[85.272023,45.970402],[85.272251,45.970406],[85.272302,45.970674],[85.272236,45.970890],[85.271838,45.971351],[85.271732,45.971659],[85.271815,45.972061],[85.272433,45.972638],[85.273691,45.973084],[85.275252,45.973042],[85.277845,45.972199],[85.279185,45.971953],[85.279980,45.971857],[85.281824,45.971979],[85.282546,45.971898],[85.283192,45.971600],[85.284312,45.971459],[85.284894,45.971277],[85.287176,45.970053],[85.287902,45.969463],[85.288279,45.968543],[85.288463,45.967644],[85.288432,45.967468],[85.287845,45.967058],[85.287116,45.966954],[85.286835,45.966707],[85.286665,45.966020],[85.286397,45.965757],[85.285607,45.965677],[85.284768,45.966039],[85.284072,45.966028],[85.283790,45.965840],[85.283856,45.965649],[85.284846,45.965465],[85.285554,45.965059],[85.285564,45.964741],[85.284090,45.963131],[85.282364,45.961534],[85.279988,45.960393],[85.278633,45.959971],[85.276928,45.959634],[85.276365,45.959609],[85.276014,45.959712],[85.275659,45.959948],[85.274471,45.961123],[85.274025,45.961200],[85.273022,45.961785],[85.272696,45.962289],[85.272581,45.963673],[85.271921,45.965583],[85.271328,45.966551],[85.270632,45.967308],[85.270341,45.967437],[85.269136,45.967618],[85.267830,45.967581],[85.267582,45.967460],[85.267458,45.967199],[85.267473,45.966732],[85.267695,45.965742],[85.267567,45.964855],[85.267291,45.964475],[85.267300,45.964191],[85.267545,45.963644],[85.267706,45.963487],[85.268497,45.963500],[85.269067,45.963684],[85.269474,45.963691],[85.269983,45.963523],[85.271090,45.962639],[85.271339,45.961958],[85.272247,45.961305],[85.274348,45.960061],[85.274585,45.959772],[85.274721,45.959248],[85.275486,45.958200],[85.275436,45.957865],[85.274629,45.957210],[85.273517,45.957083],[85.272953,45.957116],[85.271685,45.957781],[85.271399,45.958110],[85.271269,45.959194],[85.270844,45.959362],[85.270026,45.959441],[85.269733,45.959628],[85.269398,45.959982],[85.269002,45.960769],[85.268711,45.960856],[85.268427,45.960760],[85.268411,45.960100],[85.267984,45.959584],[85.267731,45.959622],[85.266248,45.960258],[85.265841,45.960235],[85.265754,45.959967],[85.266403,45.959534],[85.266906,45.958766],[85.267512,45.958558],[85.267839,45.958079],[85.268650,45.957449],[85.269786,45.956782],[85.269795,45.956473],[85.269645,45.956254],[85.268481,45.955943],[85.267666,45.955538],[85.266823,45.955299],[85.266009,45.954886],[85.265957,45.954601],[85.266157,45.954362],[85.266783,45.954280],[85.269198,45.955253],[85.270211,45.955444],[85.270559,45.955450],[85.270875,45.955296],[85.270984,45.954881],[85.270404,45.954254],[85.269931,45.954046],[85.268799,45.953811],[85.268056,45.953423],[85.267639,45.953350],[85.266942,45.953406],[85.265951,45.953649],[85.264585,45.953653],[85.261976,45.953127],[85.261599,45.952921],[85.261415,45.952693],[85.261461,45.952368],[85.261624,45.952145],[85.262475,45.952117],[85.263619,45.952352],[85.267863,45.952310],[85.269249,45.951697],[85.269912,45.951574],[85.270172,45.951712],[85.270317,45.952040],[85.270624,45.952203],[85.271163,45.952187],[85.272035,45.951933],[85.272696,45.951902],[85.273169,45.952085],[85.274370,45.953189],[85.274998,45.953441],[85.276208,45.954254],[85.276622,45.954394],[85.277417,45.954340],[85.277865,45.954197],[85.277977,45.953689],[85.277794,45.953394],[85.277142,45.952766],[85.277340,45.952569],[85.277980,45.952429],[85.278495,45.952061],[85.278731,45.951781],[85.278747,45.951272],[85.278394,45.950273],[85.278404,45.949981],[85.279048,45.949682],[85.279652,45.949558],[85.281745,45.949750],[85.282574,45.949697],[85.282773,45.949500],[85.282684,45.949256],[85.282440,45.949010],[85.280671,45.948431],[85.280075,45.947511],[85.279567,45.947261],[85.278582,45.947337],[85.277940,45.947527],[85.277331,45.947843],[85.276036,45.947822],[85.275406,45.947637],[85.274266,45.946516],[85.272907,45.946253],[85.272183,45.946016],[85.271423,45.946179],[85.271131,45.946333],[85.270616,45.947452],[85.270301,45.948332],[85.270225,45.948840],[85.269921,45.949361],[85.269706,45.949316],[85.269486,45.949046],[85.269344,45.948642],[85.268879,45.948176],[85.267216,45.947707],[85.266993,45.947545],[85.266526,45.947538],[85.265909,45.947712],[85.265755,45.947617],[85.265996,45.947245],[85.267471,45.946450],[85.268471,45.946266],[85.269104,45.945967],[85.269971,45.945847],[85.270966,45.945470],[85.271067,45.945296],[85.271048,45.944720],[85.270613,45.944446],[85.269230,45.944224],[85.266848,45.944119],[85.266540,45.944006],[85.265983,45.943421],[85.265697,45.943333],[85.262946,45.943223],[85.262254,45.943104],[85.261878,45.942873],[85.261862,45.942630],[85.262144,45.942417],[85.264524,45.942563],[85.265227,45.942307],[85.265515,45.942287],[85.266937,45.942426],[85.268437,45.941982],[85.269244,45.941469],[85.269848,45.941720],[85.270700,45.941684],[85.270958,45.941496],[85.271104,45.941030],[85.271832,45.941134],[85.272575,45.941538],[85.273054,45.941529],[85.274783,45.941064],[85.274673,45.940361],[85.273072,45.939049],[85.272795,45.938653],[85.272679,45.938183],[85.272818,45.937918],[85.274979,45.937869],[85.276035,45.937443],[85.276268,45.937272],[85.276204,45.937020],[85.275901,45.936731],[85.274579,45.936468],[85.274490,45.936225],[85.274767,45.935436],[85.274277,45.934985],[85.273073,45.934766],[85.272725,45.934785],[85.271768,45.935096],[85.271133,45.935111],[85.270595,45.935061],[85.270122,45.934853],[85.269969,45.934742],[85.270038,45.934476],[85.271028,45.934249],[85.271290,45.933894],[85.271251,45.933234],[85.270941,45.932787],[85.270596,45.932714],[85.269992,45.932863],[85.269575,45.933166],[85.269285,45.933245],[85.268938,45.933223],[85.268560,45.933058],[85.268162,45.932743],[85.268195,45.932476],[85.269160,45.932274],[85.269480,45.931987],[85.269494,45.931553],[85.268973,45.930944],[85.267895,45.930175],[85.267287,45.930057],[85.266818,45.930133],[85.265745,45.930717],[85.265176,45.930909],[85.264304,45.930453],[85.263443,45.930347],[85.263199,45.930143],[85.263112,45.929858],[85.263410,45.929512],[85.263395,45.928844],[85.263167,45.928114],[85.262961,45.927776],[85.262587,45.927512],[85.261606,45.927471],[85.260170,45.926656],[85.259581,45.926313],[85.258784,45.925399],[85.258376,45.925434],[85.258106,45.925630],[85.257810,45.926285],[85.257724,45.926726],[85.257529,45.926832],[85.257217,45.926869],[85.256911,45.926689],[85.256799,45.926052],[85.256526,45.925581],[85.256223,45.925334],[85.255875,45.925370],[85.254831,45.926197],[85.253808,45.926357],[85.251785,45.927307],[85.251497,45.927315],[85.251106,45.927209],[85.250260,45.926491],[85.248587,45.925835],[85.248200,45.925587],[85.247941,45.925274],[85.247989,45.924698],[85.248242,45.924602],[85.248778,45.924689],[85.249740,45.925335],[85.250085,45.925402],[85.250575,45.925402],[85.251552,45.925195],[85.252102,45.924828],[85.254274,45.922782],[85.255356,45.922060],[85.256841,45.920162],[85.257378,45.919265],[85.257915,45.918722],[85.257927,45.918346],[85.258292,45.917788],[85.258340,45.917380],[85.258268,45.917037],[85.257882,45.916709],[85.257812,45.916499],[85.257836,45.915702],[85.258372,45.915239],[85.258351,45.914950],[85.258102,45.914826],[85.257211,45.914853],[85.256638,45.914991],[85.256546,45.914810],[85.256906,45.914627],[85.257815,45.913903],[85.257680,45.913625],[85.257269,45.913552],[85.256455,45.913760],[85.254555,45.914771],[85.253230,45.915623],[85.251994,45.916088],[85.251501,45.916147],[85.251206,45.916022],[85.252398,45.915023],[85.254262,45.914023],[85.255092,45.913309],[85.256108,45.912770],[85.257332,45.912471],[85.257608,45.912309],[85.257706,45.911847],[85.257364,45.911478],[85.256214,45.910939],[85.254998,45.910765],[85.253981,45.910950],[85.253757,45.910847],[85.253671,45.910703],[85.253953,45.910307],[85.254836,45.909849],[85.255162,45.909511],[85.255272,45.908515],[85.254915,45.907850],[85.254682,45.907692],[85.254290,45.907586],[85.252627,45.907531],[85.252365,45.907882],[85.251565,45.908613],[85.251295,45.908621],[85.251031,45.908450],[85.250907,45.907822],[85.251029,45.907578],[85.251952,45.906974],[85.252134,45.906689],[85.252143,45.905841],[85.251956,45.905684],[85.251216,45.905627],[85.249705,45.906839],[85.248754,45.907422],[85.248322,45.907440],[85.248221,45.907259],[85.248419,45.907041],[85.249954,45.905996],[85.250299,45.905633],[85.250337,45.905392],[85.250202,45.905135],[85.249921,45.904943],[85.249311,45.904771],[85.247957,45.904629],[85.247619,45.903760],[85.246622,45.903294],[85.246587,45.902884],[85.246748,45.902168],[85.246702,45.901725],[85.246488,45.901522],[85.245982,45.901439],[85.245401,45.901793],[85.244829,45.902327],[85.244416,45.902354],[85.244246,45.902239],[85.244212,45.901809],[85.244625,45.900224],[85.244736,45.899211],[85.244890,45.898846],[85.245056,45.898728],[85.245773,45.898563],[85.245955,45.898257],[85.245945,45.898048],[85.245674,45.897689],[85.245508,45.897499],[85.245317,45.897450],[85.244586,45.897518],[85.243577,45.897812],[85.243312,45.897720],[85.243285,45.897632],[85.243738,45.897305],[85.244201,45.897212],[85.244447,45.897007],[85.244379,45.896497],[85.244113,45.896396],[85.243736,45.896399],[85.243290,45.896505],[85.241926,45.896551],[85.241096,45.896902],[85.240665,45.896917],[85.237318,45.896679],[85.236896,45.896605],[85.236710,45.896448],[85.236683,45.896327],[85.236861,45.896187],[85.239581,45.896195],[85.240892,45.895784],[85.242323,45.895484],[85.243965,45.894657],[85.245173,45.893903],[85.246407,45.893083],[85.246695,45.892853],[85.246877,45.892572],[85.246959,45.892077],[85.246871,45.891796],[85.246777,45.891761],[85.246265,45.891845],[85.245387,45.892216],[85.245020,45.892277],[85.244608,45.892271],[85.244295,45.892145],[85.244221,45.892002],[85.245088,45.891627],[85.245471,45.891048],[85.245505,45.890573],[85.245301,45.890369],[85.244639,45.890326],[85.243874,45.890515],[85.243167,45.890383],[85.242026,45.890353],[85.241777,45.890283],[85.241609,45.890126],[85.241596,45.889950],[85.241354,45.889658],[85.241007,45.889645],[85.240382,45.889919],[85.239580,45.889820],[85.238921,45.889622],[85.238832,45.889458],[85.239003,45.888972],[85.238866,45.888740],[85.238263,45.888364],[85.237901,45.887874],[85.237265,45.887401],[85.236774,45.886864],[85.236971,45.886654],[85.237354,45.886659],[85.238905,45.887138],[85.239312,45.887131],[85.239648,45.887094],[85.240180,45.886702],[85.240461,45.885361],[85.240044,45.884007],[85.240051,45.883422],[85.240761,45.882844],[85.240994,45.882497],[85.240904,45.881911],[85.240764,45.881817],[85.240429,45.881846],[85.240052,45.882216],[85.239754,45.882211],[85.239681,45.882068],[85.239847,45.881716],[85.239854,45.881486],[85.239752,45.881330],[85.239434,45.881359],[85.238054,45.881898],[85.236659,45.882574],[85.235691,45.882706],[85.234018,45.883119],[85.233293,45.882967],[85.233242,45.882699],[85.233502,45.881855],[85.233225,45.881175],[85.233343,45.881035],[85.233704,45.880919],[85.234453,45.880876],[85.235109,45.880518],[85.235416,45.879884],[85.235293,45.878721],[85.235502,45.878161],[85.236006,45.877726],[85.236582,45.877405],[85.237164,45.876574],[85.237231,45.875978],[85.236984,45.875331],[85.236381,45.875281],[85.236157,45.875365],[85.235412,45.876105],[85.234836,45.876130],[85.234715,45.875995],[85.234739,45.875799],[85.235257,45.875527],[85.235273,45.875352],[85.234852,45.875237],[85.233415,45.875203],[85.233057,45.874977],[85.233113,45.874723],[85.233860,45.874700],[85.234655,45.874504],[85.234792,45.874142],[85.234862,45.873467],[85.234757,45.873169],[85.234367,45.873042],[85.232995,45.872955],[85.232607,45.872741],[85.232568,45.872473],[85.232844,45.872289],[85.233584,45.872300],[85.234317,45.872169],[85.235098,45.871483],[85.235043,45.871140],[85.232688,45.870245],[85.232351,45.870315],[85.231529,45.870779],[85.231284,45.871164],[85.231022,45.871335],[85.230723,45.871331],[85.230504,45.871248],[85.230526,45.871119],[85.230833,45.870869],[85.230834,45.870314],[85.230492,45.870146],[85.228947,45.870077],[85.228662,45.870019],[85.228560,45.869884],[85.228573,45.869796],[85.230235,45.869746],[85.231082,45.869424],[85.231704,45.869433],[85.233772,45.869952],[85.235607,45.869934],[85.236172,45.869433],[85.236210,45.868803],[85.236074,45.868538],[85.235907,45.868360],[85.235581,45.868309],[85.233726,45.868348],[85.233130,45.868118],[85.232203,45.868004],[85.232005,45.867826],[85.231981,45.867638],[85.232881,45.867530],[85.233298,45.867348],[85.233305,45.866764],[85.233076,45.866473],[85.232403,45.866229],[85.231300,45.865173],[85.230875,45.865012],[85.229613,45.863582],[85.229734,45.863163],[85.230007,45.863012],[85.230191,45.862718],[85.230231,45.862352],[85.230088,45.861986],[85.229830,45.861661],[85.228870,45.861572],[85.228589,45.861447],[85.228544,45.861333],[85.228752,45.861182],[85.230138,45.861369],[85.230728,45.861211],[85.230739,45.860869],[85.230353,45.860587],[85.229728,45.860336],[85.229580,45.860146],[85.229551,45.859891],[85.230241,45.859262],[85.230396,45.858701],[85.230385,45.858083],[85.230248,45.857893],[85.229979,45.857877],[85.229695,45.857993],[85.229236,45.858538],[85.228826,45.858866],[85.228401,45.858880],[85.228310,45.858712],[85.228961,45.858204],[85.229083,45.857897],[85.229042,45.857124],[85.228579,45.857225],[85.227782,45.858074],[85.227465,45.858061],[85.227039,45.857934],[85.225668,45.856941],[85.223873,45.856693],[85.223828,45.856592],[85.223997,45.856386],[85.224472,45.856238],[85.225696,45.856478],[85.226098,45.856383],[85.226287,45.856253],[85.226330,45.856024],[85.226289,45.855823],[85.225978,45.855643],[85.223826,45.855177],[85.223365,45.855195],[85.222590,45.855393],[85.222338,45.855402],[85.222134,45.855265],[85.222122,45.855077],[85.222365,45.854939],[85.223733,45.854712],[85.223915,45.854431],[85.223923,45.854197],[85.223429,45.853760],[85.223625,45.853617],[85.223999,45.853668],[85.225750,45.854378],[85.227170,45.854433],[85.227500,45.854329],[85.227998,45.854090],[85.228051,45.853903],[85.227840,45.853582],[85.227791,45.853281],[85.228272,45.852958],[85.228427,45.852618],[85.226887,45.851260],[85.226230,45.851083],[85.224436,45.851003],[85.223446,45.851339],[85.222530,45.851847],[85.222037,45.851928],[85.220741,45.851412],[85.219622,45.851283],[85.219443,45.851105],[85.219489,45.850985],[85.220066,45.850839],[85.222244,45.850870],[85.223059,45.850561],[85.223978,45.850002],[85.224278,45.849973],[85.225152,45.850249],[85.225814,45.850271],[85.226876,45.850120],[85.228015,45.850157],[85.228286,45.850107],[85.228532,45.849868],[85.228542,45.849572],[85.228361,45.849223],[85.228022,45.849009],[85.226924,45.848651],[85.226261,45.848257],[85.225305,45.847512],[85.224911,45.846379],[85.224549,45.845978],[85.223764,45.846275],[85.223405,45.846679],[85.222903,45.847047],[85.222517,45.847205],[85.221300,45.846757],[85.221241,45.846568],[85.221421,45.846374],[85.222588,45.846425],[85.222954,45.846384],[85.223324,45.846202],[85.223408,45.845994],[85.223293,45.845671],[85.223079,45.845434],[85.222119,45.845399],[85.220339,45.845695],[85.218203,45.845852],[85.217779,45.845846],[85.217650,45.845765],[85.217655,45.845602],[85.217948,45.845393],[85.221914,45.844920],[85.222617,45.844613],[85.222652,45.844426],[85.222340,45.843900],[85.222501,45.843772],[85.223659,45.843568],[85.223789,45.843390],[85.223800,45.843027],[85.223368,45.842382],[85.221958,45.842424],[85.221758,45.842313],[85.221733,45.842158],[85.221921,45.842061],[85.222987,45.841976],[85.223319,45.841839],[85.223451,45.841620],[85.223356,45.841242],[85.222725,45.840615],[85.221921,45.840570],[85.221697,45.840688],[85.221525,45.841228],[85.221364,45.841213],[85.220815,45.840629],[85.220672,45.840619],[85.220168,45.840753],[85.219970,45.840964],[85.219730,45.841014],[85.218499,45.841030],[85.218133,45.841112],[85.215715,45.842647],[85.214897,45.842677],[85.214788,45.842521],[85.214989,45.842215],[85.216906,45.841403],[85.218005,45.840655],[85.218833,45.839916],[85.218956,45.839609],[85.218966,45.839291],[85.218653,45.838636],[85.216227,45.838567],[85.215824,45.838328],[85.215876,45.838207],[85.216021,45.838155],[85.216823,45.838208],[85.217088,45.838125],[85.217239,45.837905],[85.217244,45.837743],[85.217004,45.837393],[85.216576,45.837023],[85.216356,45.836448],[85.216672,45.836407],[85.217281,45.836624],[85.217661,45.836663],[85.218121,45.836616],[85.218378,45.836452],[85.218695,45.835829],[85.219015,45.835430],[85.219083,45.835099],[85.218944,45.834932],[85.218719,45.834912],[85.215486,45.835438],[85.214998,45.835389],[85.214925,45.835267],[85.215053,45.835169],[85.215779,45.834842],[85.217410,45.834639],[85.217967,45.834359],[85.218072,45.834051],[85.217951,45.833540],[85.217397,45.832956],[85.217057,45.832759],[85.216044,45.832761],[85.215869,45.832583],[85.215890,45.831941],[85.215639,45.831628],[85.215179,45.831429],[85.213392,45.830978],[85.212433,45.830371],[85.211744,45.829167],[85.211815,45.828834],[85.212109,45.828571],[85.212273,45.828290],[85.212356,45.827940],[85.212271,45.827647],[85.211931,45.827425],[85.211230,45.827323],[85.210116,45.826739],[85.210060,45.826621],[85.210164,45.826406],[85.210706,45.826188],[85.210685,45.825962],[85.210288,45.825497],[85.209856,45.825166],[85.209861,45.825007],[85.211545,45.824589],[85.211315,45.823967],[85.210730,45.823208],[85.210384,45.822476],[85.210049,45.822137],[85.209447,45.821928],[85.209430,45.821736],[85.209530,45.821579],[85.210252,45.821372],[85.210521,45.821175],[85.210498,45.820774],[85.209794,45.820055],[85.209555,45.819684],[85.209511,45.819190],[85.208991,45.818674],[85.208087,45.818243],[85.207786,45.817579],[85.206497,45.816500],[85.205695,45.816247],[85.204900,45.816119],[85.204715,45.815189],[85.204564,45.815078],[85.202823,45.815079],[85.202351,45.814938],[85.201350,45.813822],[85.200090,45.813712],[85.199785,45.813574],[85.199602,45.813304],[85.199707,45.812997],[85.200986,45.812531],[85.201024,45.812089],[85.200911,45.811887],[85.200086,45.811967],[85.198151,45.812465],[85.197438,45.812773],[85.196899,45.812849],[85.196557,45.812735],[85.196465,45.812625],[85.196473,45.812400],[85.196959,45.812098],[85.197555,45.812106],[85.198322,45.811984],[85.199984,45.811064],[85.199983,45.810371],[85.199452,45.810188],[85.199406,45.809769],[85.199564,45.809680],[85.200292,45.809632],[85.200742,45.809371],[85.200811,45.809080],[85.200597,45.808701],[85.200111,45.808235],[85.200059,45.807992],[85.200322,45.807595],[85.201358,45.806900],[85.201465,45.806550],[85.201436,45.806333],[85.201191,45.806171],[85.199352,45.806278],[85.199144,45.806075],[85.199212,45.805792],[85.200205,45.805322],[85.200702,45.804686],[85.200517,45.804508],[85.199794,45.804381],[85.198274,45.804585],[85.197839,45.804403],[85.197810,45.804227],[85.199298,45.803121],[85.199594,45.802833],[85.199602,45.802616],[85.199358,45.802371],[85.199132,45.802367],[85.198233,45.802881],[85.197829,45.802858],[85.197207,45.802557],[85.196154,45.802701],[85.195637,45.802468],[85.194936,45.802416],[85.194743,45.802480],[85.194726,45.802990],[85.195036,45.804472],[85.194860,45.804753],[85.194486,45.804907],[85.194071,45.804834],[85.193258,45.803804],[85.191688,45.803364],[85.191443,45.803185],[85.191446,45.803094],[85.192024,45.802926],[85.193631,45.802949],[85.193826,45.802843],[85.193802,45.802467],[85.193440,45.801861],[85.192708,45.801283],[85.192239,45.801051],[85.191648,45.800909],[85.190904,45.800347],[85.188543,45.800380],[85.188454,45.800229],[85.188675,45.799982],[85.189485,45.799642],[85.189743,45.799379],[85.189752,45.799137],[85.189440,45.798807],[85.189038,45.798709],[85.187584,45.798780],[85.187529,45.798579],[85.187849,45.798291],[85.187855,45.798099],[85.187590,45.797803],[85.186098,45.797164],[85.185412,45.796645],[85.184374,45.794869],[85.183276,45.793810],[85.181990,45.793441],[85.181470,45.792949],[85.180898,45.792206],[85.180190,45.791645],[85.179528,45.791485],[85.177806,45.791344],[85.177240,45.791144],[85.177128,45.790942],[85.177194,45.790743],[85.177580,45.790598],[85.180213,45.790944],[85.182415,45.790992],[85.183210,45.790719],[85.183442,45.790547],[85.183478,45.790172],[85.183123,45.789724],[85.182522,45.789540],[85.181585,45.789410],[85.180704,45.789398],[85.180209,45.789240],[85.179756,45.788507],[85.179260,45.788367],[85.178559,45.788332],[85.177005,45.787775],[85.174406,45.788206],[85.172684,45.788775],[85.171883,45.789231],[85.170744,45.789457],[85.169805,45.789427],[85.169740,45.789201],[85.170258,45.789033],[85.172125,45.788750],[85.172676,45.788315],[85.172616,45.787939],[85.172134,45.787397],[85.170320,45.787130],[85.169969,45.786949],[85.169449,45.786457],[85.169236,45.786429],[85.168657,45.786647],[85.168407,45.786643],[85.168475,45.786377],[85.168998,45.786050],[85.169006,45.785791],[85.168689,45.785653],[85.167960,45.785726],[85.167070,45.786006],[85.165750,45.785937],[85.164970,45.785751],[85.163734,45.784940],[85.163249,45.784490],[85.161778,45.784294],[85.161501,45.784022],[85.161476,45.783688],[85.163474,45.782347],[85.163709,45.782067],[85.163646,45.781799],[85.163254,45.781417],[85.161926,45.781599],[85.161642,45.781553],[85.161675,45.780576],[85.161567,45.780199],[85.160978,45.779639],[85.159539,45.779577],[85.159319,45.779373],[85.159299,45.778914],[85.159095,45.778577],[85.158666,45.778220],[85.157576,45.777712],[85.156425,45.776484],[85.154880,45.776370],[85.154579,45.776123],[85.154515,45.775880],[85.156855,45.774637],[85.159249,45.773895],[85.159955,45.773437],[85.160157,45.773089],[85.160130,45.772822],[85.158747,45.771791],[85.158730,45.771591],[85.158460,45.771102],[85.157229,45.771218],[85.156568,45.771050],[85.155627,45.771062],[85.153784,45.771319],[85.153101,45.771092],[85.153050,45.770840],[85.153401,45.770670],[85.155479,45.770483],[85.156218,45.770118],[85.156256,45.770027],[85.155944,45.769738],[85.155835,45.769445],[85.155997,45.769230],[85.156865,45.768908],[85.156871,45.768733],[85.156498,45.768486],[85.155907,45.768343],[85.153384,45.768290],[85.152856,45.768057],[85.152612,45.767853],[85.152625,45.767477],[85.152997,45.766648],[85.153069,45.766273],[85.152766,45.766068],[85.152048,45.765816],[85.151891,45.764820],[85.151612,45.764590],[85.149910,45.764565],[85.149380,45.764382],[85.149229,45.764271],[85.149329,45.764114],[85.149910,45.763839],[85.149752,45.763569],[85.149543,45.763416],[85.148532,45.763376],[85.148063,45.763169],[85.147991,45.762817],[85.148627,45.762292],[85.149780,45.762000],[85.149915,45.761517],[85.149421,45.761335],[85.146337,45.761331],[85.146018,45.761243],[85.145838,45.760931],[85.146452,45.759654],[85.146431,45.759195],[85.146229,45.758833],[85.145822,45.758518],[85.145421,45.758403],[85.144505,45.758390],[85.143708,45.758712],[85.141837,45.760162],[85.141550,45.760200],[85.141233,45.760061],[85.141244,45.759736],[85.142185,45.759015],[85.142451,45.758535],[85.142435,45.758292],[85.142252,45.758089],[85.140928,45.758136],[85.140218,45.758351],[85.139453,45.758782],[85.138636,45.759714],[85.138007,45.759637],[85.137859,45.759418],[85.138030,45.758953],[85.139490,45.757656],[85.140353,45.757159],[85.141435,45.756841],[85.142054,45.756500],[85.143140,45.755013],[85.143096,45.754544],[85.142761,45.754214],[85.141871,45.754109],[85.141424,45.754302],[85.140813,45.754778],[85.140051,45.755117],[85.139633,45.755161],[85.139282,45.755331],[85.138881,45.755918],[85.138605,45.755981],[85.138071,45.755931],[85.137413,45.755637],[85.137170,45.755433],[85.137532,45.754929],[85.138711,45.754596],[85.138934,45.754332],[85.139074,45.754042],[85.139047,45.753783],[85.138624,45.753267],[85.138262,45.753036],[85.136821,45.753390],[85.136452,45.753385],[85.135887,45.753184],[85.135462,45.752710],[85.135107,45.751911],[85.134748,45.751597],[85.133249,45.751173],[85.133034,45.750836],[85.132987,45.750460],[85.132769,45.750197],[85.131985,45.750135],[85.131648,45.749888],[85.131755,45.749539],[85.131980,45.749208],[85.131872,45.748881],[85.131352,45.748380],[85.130854,45.748331],[85.130278,45.748431],[85.128806,45.748984],[85.127984,45.748972],[85.127969,45.748729],[85.128445,45.748386],[85.129668,45.747787],[85.130510,45.747199],[85.130625,45.746607],[85.130508,45.746205],[85.129961,45.745445],[85.129752,45.745291],[85.129217,45.745258],[85.128544,45.745423],[85.127394,45.745230],[85.126853,45.745397],[85.125976,45.745960],[85.125246,45.746032],[85.125158,45.745838],[85.125905,45.745232],[85.125822,45.744872],[85.125900,45.744656],[85.125588,45.744384],[85.125245,45.744287],[85.124760,45.744288],[85.123946,45.744291],[85.122855,45.744124],[85.122033,45.744111],[85.121822,45.744016],[85.121948,45.743801],[85.122936,45.743482],[85.123386,45.743222],[85.123399,45.742822],[85.123099,45.742533],[85.121815,45.742095],[85.121009,45.742659],[85.120570,45.742602],[85.120457,45.742425],[85.120936,45.741990],[85.121284,45.741202],[85.121296,45.740868],[85.121133,45.740732],[85.120512,45.740789],[85.119837,45.741004],[85.119166,45.741102],[85.119021,45.740815],[85.119256,45.740552],[85.119229,45.740284],[85.119045,45.740106],[85.118028,45.740199],[85.117876,45.740113],[85.117740,45.739551],[85.117344,45.739261],[85.116304,45.739002],[85.115396,45.739054],[85.114328,45.738904],[85.112449,45.737345],[85.112165,45.737282],[85.111694,45.737450],[85.110937,45.738340],[85.110459,45.738374],[85.110152,45.738260],[85.110099,45.737708],[85.110650,45.736590],[85.110593,45.736171],[85.110238,45.735723],[85.109093,45.735729],[85.108586,45.735913],[85.107229,45.736885],[85.106981,45.736797],[85.106861,45.736486],[85.106984,45.735670],[85.106617,45.735221],[85.106279,45.734999],[85.104713,45.734722],[85.103356,45.734658],[85.103145,45.734546],[85.102877,45.733991],[85.102573,45.733810],[85.101967,45.733750],[85.101019,45.733893],[85.099854,45.733782],[85.099552,45.733534],[85.099144,45.732200],[85.098467,45.731729],[85.095569,45.731680],[85.094637,45.732065],[85.094021,45.732606],[85.093637,45.732683],[85.093198,45.732609],[85.093174,45.732257],[85.093327,45.731617],[85.093754,45.730990],[85.093744,45.730589],[85.093524,45.730384],[85.093084,45.730335],[85.092831,45.730414],[85.091575,45.731195],[85.091098,45.731161],[85.090506,45.729982],[85.087951,45.728209],[85.087250,45.727404],[85.086033,45.727032],[85.085602,45.726715],[85.084472,45.725526],[85.083913,45.725116],[85.083307,45.724328],[85.083027,45.724123],[85.082530,45.724006],[85.082249,45.723825],[85.081719,45.722931],[85.080971,45.722433],[85.080304,45.721695],[85.076791,45.721699],[85.076604,45.721579],[85.076713,45.721205],[85.076949,45.720925],[85.076957,45.720683],[85.076718,45.720345],[85.074319,45.719225],[85.072657,45.718902],[85.071240,45.718768],[85.070144,45.718305],[85.069158,45.717427],[85.067451,45.716669],[85.066588,45.716052],[85.064919,45.715579],[85.064166,45.715548],[85.063886,45.715359],[85.064085,45.714110],[85.063696,45.713593],[85.063054,45.713840],[85.062853,45.714129],[85.062112,45.714466],[85.059885,45.713163],[85.059502,45.713156],[85.059186,45.713309],[85.059173,45.713684],[85.058871,45.714121],[85.058518,45.714290],[85.058038,45.714348],[85.057396,45.714578],[85.056855,45.714634],[85.055627,45.714519],[85.055406,45.714340],[85.055564,45.713590],[85.055251,45.713301],[85.054980,45.713187],[85.054593,45.713314],[85.054196,45.713724],[85.053779,45.714000],[85.052990,45.713985],[85.052426,45.713690],[85.051987,45.713590],[85.051541,45.713673],[85.051377,45.713937],[85.051313,45.714729],[85.051527,45.715109],[85.050908,45.715381],[85.048174,45.715863],[85.047038,45.715841],[85.044674,45.716363],[85.043848,45.716372],[85.041986,45.716887],[85.041379,45.717142],[85.039757,45.717311],[85.038343,45.716991],[85.037877,45.716982],[85.036790,45.717912],[85.035600,45.718398],[85.035288,45.718417],[85.034757,45.718181],[85.034126,45.718102],[85.032031,45.718060],[85.031232,45.718311],[85.030453,45.719022],[85.029551,45.719447],[85.026192,45.720290],[85.025041,45.720659],[85.024355,45.721072],[85.023776,45.721194],[85.022700,45.721122],[85.022271,45.720721],[85.022598,45.719617],[85.022315,45.719502],[85.021748,45.719600],[85.021516,45.719728],[85.021110,45.719704],[85.020793,45.719497],[85.020649,45.719185],[85.020278,45.718818],[85.019651,45.718614],[85.018325,45.718495],[85.017785,45.718526],[85.017504,45.718679],[85.017279,45.718607],[85.017353,45.717548],[85.016949,45.717098],[85.016549,45.716889],[85.016662,45.716407],[85.016556,45.715695],[85.016323,45.715181],[85.016046,45.714866],[85.015069,45.714738],[85.013140,45.714740],[85.012172,45.715013],[85.011608,45.715043],[85.011157,45.715235],[85.010173,45.715966],[85.009826,45.715959],[85.009368,45.715682],[85.008850,45.715764],[85.008269,45.716261],[85.007982,45.716915],[85.007944,45.717315],[85.008343,45.717566],[85.009419,45.717629],[85.009663,45.717835],[85.009645,45.718344],[85.009025,45.718924],[85.007332,45.719357],[85.007074,45.719527],[85.006889,45.720008],[85.006387,45.719972],[85.006144,45.719750],[85.006028,45.719305],[85.005624,45.719205],[85.002996,45.719498],[85.002353,45.719385],[85.002246,45.719195],[85.000683,45.718996],[84.999254,45.719100],[84.998215,45.718987],[84.996667,45.718738],[84.996172,45.718511],[84.995117,45.717846],[84.994504,45.717232],[84.993970,45.717088],[84.991953,45.716871],[84.991177,45.716462],[84.990324,45.716219],[84.989293,45.716557],[84.988060,45.716549],[84.987379,45.716159],[84.986917,45.715690],[84.986325,45.715478],[84.984687,45.715402],[84.984403,45.715305],[84.984251,45.714859],[84.984043,45.714654],[84.981356,45.714449],[84.980957,45.714214],[84.979785,45.714150],[84.978242,45.713784],[84.977275,45.713372],[84.975142,45.712751],[84.972707,45.711859],[84.972203,45.711565],[84.971751,45.711155],[84.971725,45.710895],[84.972347,45.710240],[84.972999,45.709769],[84.974232,45.709109],[84.974689,45.708718],[84.974818,45.708478],[84.974704,45.708325],[84.974456,45.708229],[84.973879,45.708284],[84.972764,45.708662],[84.972441,45.708655],[84.972233,45.708451],[84.972180,45.707915],[84.971865,45.707032],[84.971309,45.706861],[84.970642,45.706756],[84.969791,45.706789],[84.969329,45.706980],[84.968853,45.707228],[84.966985,45.708895],[84.964760,45.709819],[84.963712,45.710023],[84.961620,45.709956],[84.961030,45.709727],[84.960578,45.709300],[84.958809,45.708930],[84.958259,45.708585],[84.958175,45.708274],[84.958759,45.707668],[84.959580,45.706182],[84.960244,45.705359],[84.960491,45.704495],[84.959886,45.703048],[84.959550,45.702732],[84.958870,45.703011],[84.958610,45.703248],[84.958547,45.703997],[84.957904,45.705221],[84.957238,45.707061],[84.956672,45.707827],[84.956417,45.707930],[84.956070,45.707923],[84.955787,45.707809],[84.955917,45.707518],[84.956681,45.706590],[84.956742,45.705907],[84.956655,45.705664],[84.956410,45.705500],[84.955653,45.705267],[84.954321,45.704398],[84.952867,45.703592],[84.951918,45.702713],[84.949948,45.701329],[84.949490,45.700769],[84.948297,45.700369],[84.946940,45.698414],[84.946391,45.697258],[84.945790,45.696916],[84.945465,45.696731],[84.944858,45.696009],[84.944442,45.695316],[84.943827,45.694803],[84.943145,45.694497],[84.942742,45.694071],[84.942300,45.693420],[84.942039,45.692730],[84.941814,45.692016],[84.941873,45.691047],[84.941709,45.690318],[84.941048,45.688802],[84.940470,45.687947],[84.938644,45.686900],[84.938132,45.686223],[84.937943,45.685518],[84.937781,45.685356],[84.937569,45.685285],[84.936618,45.685467],[84.936297,45.685435],[84.935635,45.684603],[84.935596,45.684036],[84.935201,45.683401],[84.934993,45.683222],[84.934706,45.683242],[84.934444,45.683545],[84.934014,45.683845],[84.933071,45.683853],[84.931466,45.682668],[84.928545,45.681577],[84.927747,45.680894],[84.927334,45.680752],[84.926645,45.680681],[84.926345,45.680382],[84.925896,45.679623],[84.925627,45.678515],[84.925176,45.677779],[84.925415,45.677142],[84.925411,45.676606],[84.922931,45.674288],[84.922475,45.673986],[84.922547,45.672684],[84.922078,45.671815],[84.920900,45.670448],[84.919709,45.669432],[84.919510,45.668677],[84.919558,45.668112],[84.919821,45.667530],[84.919978,45.666840],[84.919953,45.666217],[84.918943,45.665325],[84.918414,45.665098],[84.918083,45.664716],[84.917952,45.664046],[84.918077,45.663255],[84.916734,45.661860],[84.916211,45.661474],[84.915619,45.661355],[84.915380,45.661058],[84.915309,45.657833],[84.915127,45.656635],[84.914490,45.654527],[84.914192,45.653903],[84.913040,45.652821],[84.912526,45.652210],[84.912005,45.651783],[84.911756,45.651444],[84.911453,45.651247],[84.909946,45.651060],[84.909474,45.650943],[84.909136,45.650736],[84.909061,45.650208],[84.909167,45.649918],[84.909400,45.649722],[84.909830,45.649555],[84.910119,45.649297],[84.910240,45.649099],[84.910228,45.648936],[84.909063,45.648075],[84.908531,45.647159],[84.907871,45.647113],[84.907264,45.647256],[84.906942,45.647426],[84.906424,45.647404],[84.906000,45.646966],[84.905822,45.646633],[84.905594,45.646507],[84.905213,45.646500],[84.904686,45.646733],[84.904370,45.646748],[84.902987,45.646138],[84.901908,45.646018],[84.901218,45.645817],[84.900741,45.645533],[84.900074,45.645354],[84.899299,45.645398],[84.898444,45.645967],[84.897985,45.645971],[84.897274,45.645558],[84.896744,45.645418],[84.895723,45.645333],[84.893018,45.644453],[84.891718,45.644188],[84.889041,45.642595],[84.888589,45.642090],[84.886658,45.641082],[84.886426,45.640911],[84.886077,45.641038],[84.885476,45.641512],[84.885159,45.641540],[84.884883,45.641447],[84.884858,45.641171],[84.885191,45.640380],[84.885106,45.640115],[84.884845,45.639922],[84.883954,45.639740],[84.882311,45.638671],[84.880578,45.638732],[84.879851,45.638297],[84.878947,45.638139],[84.877651,45.637494],[84.876394,45.637410],[84.875493,45.637481],[84.873053,45.638023],[84.871887,45.638533],[84.871236,45.638589],[84.870807,45.638326],[84.870676,45.637994],[84.870266,45.637687],[84.870077,45.637662],[84.869329,45.637937],[84.868022,45.637931],[84.867296,45.637326],[84.866922,45.637144],[84.865413,45.637143],[84.864773,45.637416],[84.864394,45.637363],[84.864016,45.637311],[84.863747,45.637197],[84.863204,45.636478],[84.862984,45.636324],[84.862806,45.636321],[84.862127,45.636660],[84.860493,45.636498],[84.859789,45.636269],[84.859102,45.635906],[84.858894,45.634817],[84.858861,45.634106],[84.858555,45.633725],[84.857331,45.633729],[84.856206,45.632883],[84.855194,45.632122],[84.853739,45.631638],[84.851048,45.631191],[84.847680,45.631350],[84.846315,45.631636],[84.845398,45.631963],[84.842871,45.632863],[84.842460,45.633056],[84.842192,45.633536],[84.840752,45.634221],[84.840247,45.634405],[84.839295,45.634438],[84.838592,45.633875],[84.838362,45.633378],[84.838376,45.633003],[84.837902,45.632360],[84.837613,45.631537],[84.836355,45.630897],[84.835464,45.629353],[84.834223,45.628271],[84.833590,45.627960],[84.831010,45.630007],[84.826863,45.633360],[84.827307,45.636996],[84.827212,45.639455],[84.827475,45.644346],[84.827636,45.644805],[84.828088,45.645353],[84.829756,45.646609],[84.829656,45.647259],[84.826495,45.648516],[84.824386,45.649599],[84.822866,45.650508],[84.821856,45.650816],[84.821321,45.650832],[84.819593,45.650643],[84.817904,45.651324],[84.817304,45.651472],[84.816453,45.651340],[84.814352,45.651304],[84.813252,45.651176],[84.812853,45.651035],[84.811154,45.651031],[84.806863,45.652283],[84.803982,45.653643],[84.803712,45.654165],[84.803511,45.656859],[84.803181,45.658022],[84.800900,45.659201],[84.797516,45.660619],[84.796652,45.661714],[84.794823,45.662583],[84.793662,45.663380],[84.792889,45.663676],[84.792066,45.663753],[84.788688,45.663466],[84.786960,45.662349],[84.785536,45.661045],[84.785458,45.660601],[84.785679,45.659828],[84.786270,45.658428],[84.785914,45.657803],[84.784660,45.656102],[84.783412,45.655177],[84.780946,45.653778],[84.778984,45.652548],[84.776136,45.651167],[84.773892,45.650732],[84.772743,45.650310],[84.772196,45.649706],[84.772142,45.648662],[84.772851,45.646094],[84.773767,45.643389],[84.773981,45.642182],[84.773956,45.641029],[84.773607,45.640513],[84.773205,45.640155],[84.773097,45.639886],[84.773325,45.639539],[84.773680,45.639279],[84.776138,45.639375],[84.777445,45.639725],[84.778191,45.639806],[84.778865,45.639618],[84.788363,45.634848],[84.790946,45.633835],[84.792232,45.633173],[84.793685,45.631278],[84.800542,45.623977],[84.802024,45.623118],[84.803371,45.621789],[84.803906,45.620855],[84.803919,45.620546],[84.803404,45.620027],[84.803319,45.619783],[84.803467,45.619343],[84.804205,45.618672],[84.805033,45.616941],[84.804833,45.615676],[84.804874,45.614616],[84.805204,45.614071],[84.805455,45.613432],[84.806077,45.612692],[84.806252,45.612160],[84.806089,45.611631],[84.806127,45.610968],[84.805963,45.610756],[84.805672,45.610605],[84.805602,45.610407],[84.805939,45.610159],[84.806526,45.609242],[84.806469,45.608731],[84.806273,45.608440],[84.805970,45.608272],[84.805716,45.608242],[84.805197,45.608321],[84.804257,45.608672],[84.803382,45.608865],[84.802972,45.608870],[84.802821,45.608788],[84.802694,45.608080],[84.802193,45.607541],[84.802191,45.606058],[84.801450,45.605586],[84.800580,45.604752],[84.799369,45.603812],[84.798451,45.602856],[84.797197,45.601969],[84.795302,45.601363],[84.794537,45.600894],[84.794124,45.600511],[84.793681,45.600306],[84.792787,45.600244],[84.792336,45.600082],[84.792170,45.599924],[84.792171,45.599118],[84.792007,45.598915],[84.791605,45.598711],[84.791027,45.598613],[84.790127,45.598705],[84.789784,45.598653],[84.788063,45.597574],[84.787289,45.597318],[84.785090,45.597641],[84.783618,45.597593],[84.783240,45.597243],[84.783256,45.596834],[84.783117,45.596301],[84.780917,45.594219],[84.780773,45.593949],[84.780778,45.593373],[84.780678,45.593196],[84.779810,45.592925],[84.779463,45.592534],[84.779627,45.591994],[84.780522,45.591589],[84.780522,45.591117],[84.779935,45.590488],[84.779506,45.590226],[84.778960,45.590060],[84.777710,45.589971],[84.777000,45.590033],[84.775983,45.589914],[84.775752,45.589746],[84.775837,45.589539],[84.776463,45.589183],[84.776470,45.589008],[84.776322,45.588851],[84.776057,45.588792],[84.775616,45.588817],[84.774497,45.589314],[84.773788,45.589221],[84.773782,45.589058],[84.774251,45.588791],[84.774804,45.588622],[84.775310,45.588155],[84.775337,45.587893],[84.775158,45.587635],[84.775197,45.587406],[84.775412,45.587222],[84.775827,45.587084],[84.776599,45.586956],[84.777099,45.586623],[84.777268,45.586413],[84.777279,45.586138],[84.777008,45.585769],[84.776612,45.585432],[84.774689,45.584766],[84.774587,45.584630],[84.774455,45.583909],[84.774095,45.583560],[84.773862,45.583447],[84.772204,45.583579],[84.771850,45.583376],[84.771731,45.583227],[84.771852,45.582988],[84.772316,45.582708],[84.772358,45.582554],[84.772161,45.582275],[84.770510,45.581183],[84.769743,45.581060],[84.769461,45.580975],[84.769329,45.580839],[84.769290,45.580630],[84.769662,45.580248],[84.769897,45.579856],[84.769623,45.578970],[84.771489,45.578241],[84.772102,45.577910],[84.772398,45.577486],[84.772180,45.577106],[84.771868,45.577033],[84.771013,45.577192],[84.769569,45.577941],[84.768937,45.578005],[84.768814,45.577948],[84.768786,45.577760],[84.770028,45.576998],[84.770326,45.576674],[84.770352,45.576332],[84.770280,45.576197],[84.769679,45.575910],[84.769734,45.575731],[84.771338,45.574814],[84.771460,45.574595],[84.771483,45.574019],[84.771348,45.573841],[84.771195,45.573792],[84.770814,45.573818],[84.770113,45.574106],[84.769561,45.574083],[84.769336,45.573924],[84.768036,45.571790],[84.767696,45.570732],[84.766030,45.568424],[84.764438,45.566869],[84.761397,45.565031],[84.759978,45.564419],[84.759947,45.564298],[84.760047,45.564166],[84.760525,45.564088],[84.761376,45.563640],[84.761534,45.563255],[84.761544,45.562992],[84.761216,45.562564],[84.760837,45.562502],[84.760272,45.562558],[84.759580,45.562908],[84.757992,45.564126],[84.757517,45.565002],[84.757010,45.565489],[84.756252,45.565850],[84.755721,45.565760],[84.755541,45.565193],[84.755168,45.564722],[84.755011,45.564335],[84.756446,45.563390],[84.756705,45.563153],[84.756778,45.562920],[84.755830,45.562714],[84.755773,45.562525],[84.755852,45.562184],[84.756112,45.561914],[84.756168,45.561672],[84.755870,45.561266],[84.754285,45.561192],[84.754196,45.561070],[84.754330,45.560818],[84.754830,45.560527],[84.754932,45.560354],[84.754379,45.559604],[84.754028,45.559309],[84.753665,45.559301],[84.752735,45.559350],[84.752566,45.559292],[84.752419,45.559110],[84.752538,45.558795],[84.754093,45.557355],[84.755863,45.555941],[84.757119,45.555147],[84.757562,45.554759],[84.757566,45.554638],[84.757399,45.554501],[84.757164,45.554463],[84.756275,45.554680],[84.755816,45.554712],[84.755695,45.554622],[84.755781,45.554415],[84.756673,45.553802],[84.756694,45.553539],[84.756509,45.553147],[84.755342,45.552110],[84.755028,45.551957],[84.754797,45.551953],[84.754109,45.552194],[84.753872,45.552189],[84.753598,45.552042],[84.753513,45.551786],[84.753500,45.550900],[84.752842,45.549993],[84.752145,45.549698],[84.751039,45.548801],[84.750575,45.548525],[84.750324,45.548407],[84.749526,45.548316],[84.748094,45.547247],[84.747624,45.547096],[84.747399,45.546933],[84.747466,45.546404],[84.747761,45.546059],[84.747533,45.545048],[84.746969,45.544586],[84.745837,45.544195],[84.745153,45.544061],[84.744789,45.543623],[84.744711,45.543212],[84.744276,45.542773],[84.743698,45.542628],[84.743095,45.542729],[84.742585,45.543249],[84.741831,45.543234],[84.738598,45.542713],[84.738056,45.542447],[84.737681,45.541988],[84.736939,45.541672],[84.735535,45.541347],[84.734845,45.540481],[84.734910,45.539280],[84.734766,45.538600],[84.734431,45.537908],[84.734317,45.536749],[84.734620,45.535837],[84.735454,45.534660],[84.735815,45.534379],[84.736459,45.534061],[84.736976,45.533609],[84.737164,45.533225],[84.737177,45.532907],[84.736975,45.532461],[84.736153,45.531746],[84.735301,45.531353],[84.735007,45.530971],[84.734894,45.530500],[84.734454,45.529924],[84.734405,45.529371],[84.734992,45.528958],[84.736778,45.528360],[84.737137,45.528162],[84.737381,45.527858],[84.737432,45.527442],[84.737309,45.527263],[84.736436,45.527078],[84.735232,45.526975],[84.735153,45.526886],[84.735339,45.526560],[84.735362,45.526005],[84.735133,45.525461],[84.734877,45.524429],[84.734511,45.524066],[84.733735,45.523850],[84.733503,45.523690],[84.733483,45.523448],[84.735063,45.523359],[84.736536,45.523101],[84.737336,45.522753],[84.737810,45.522355],[84.738543,45.521267],[84.739200,45.521047],[84.739479,45.520756],[84.739508,45.520334],[84.739405,45.519802],[84.738789,45.519460],[84.738765,45.519292],[84.738901,45.519007],[84.739229,45.518704],[84.740033,45.518211],[84.740177,45.517763],[84.739747,45.517189],[84.739278,45.517026],[84.738327,45.516853],[84.736570,45.516771],[84.736405,45.516604],[84.736334,45.516281],[84.736382,45.515994],[84.737247,45.515461],[84.737627,45.514750],[84.737530,45.514339],[84.736975,45.514127],[84.736809,45.513936],[84.736846,45.513749],[84.738107,45.512860],[84.738120,45.512538],[84.737705,45.512362],[84.736264,45.512267],[84.736140,45.512089],[84.736327,45.511883],[84.737125,45.511536],[84.737456,45.511188],[84.737426,45.511021],[84.737276,45.510909],[84.736372,45.510744],[84.735671,45.510885],[84.734741,45.511375],[84.734523,45.511337],[84.734418,45.511135],[84.734882,45.510241],[84.734724,45.509737],[84.734900,45.508625],[84.736655,45.506808],[84.736729,45.506453],[84.736678,45.506232],[84.736526,45.506062],[84.736041,45.505956],[84.733620,45.506282],[84.731960,45.506168],[84.731774,45.506043],[84.731292,45.505181],[84.730600,45.505079],[84.729595,45.505079],[84.729206,45.504984],[84.728792,45.504766],[84.728691,45.504508],[84.728966,45.504293],[84.730085,45.503832],[84.730236,45.503193],[84.730711,45.502321],[84.730718,45.502167],[84.730477,45.501915],[84.729675,45.501899],[84.729573,45.501788],[84.729584,45.501513],[84.729939,45.501253],[84.729979,45.500701],[84.729796,45.500522],[84.729312,45.500446],[84.729155,45.500343],[84.729202,45.500056],[84.729690,45.499622],[84.730540,45.498449],[84.730928,45.498103],[84.731714,45.497789],[84.731950,45.497394],[84.731960,45.497151],[84.731872,45.496962],[84.731675,45.496848],[84.731407,45.496844],[84.729756,45.497227],[84.729523,45.497122],[84.729342,45.496889],[84.729326,45.496545],[84.729554,45.495598],[84.729572,45.495168],[84.728835,45.493516],[84.728728,45.493075],[84.728814,45.491252],[84.729020,45.490107],[84.729023,45.489590],[84.728662,45.489268],[84.727931,45.489400],[84.727647,45.489374],[84.727357,45.489188],[84.727306,45.488836],[84.727476,45.488176],[84.727542,45.486940],[84.726930,45.485766],[84.726839,45.485209],[84.726875,45.484329],[84.726733,45.484004],[84.726026,45.483547],[84.725929,45.483148],[84.725917,45.482718],[84.726330,45.482195],[84.727292,45.481343],[84.727577,45.480769],[84.726604,45.479692],[84.726237,45.479509],[84.725722,45.479451],[84.723986,45.479871],[84.723737,45.479865],[84.723570,45.479728],[84.723641,45.479433],[84.723888,45.479205],[84.723863,45.478660],[84.723674,45.477871],[84.723755,45.477498],[84.724092,45.476953],[84.724145,45.476383],[84.723946,45.475857],[84.723780,45.475697],[84.723401,45.475669],[84.723052,45.475750],[84.722701,45.475917],[84.722173,45.476471],[84.722024,45.476468],[84.721876,45.476464],[84.721291,45.476067],[84.720251,45.475770],[84.718681,45.475624],[84.717261,45.474996],[84.716215,45.474833],[84.716172,45.474719],[84.716370,45.474514],[84.716699,45.474466],[84.717763,45.474632],[84.717969,45.474548],[84.718659,45.473944],[84.718930,45.473871],[84.719607,45.474198],[84.720065,45.474195],[84.720653,45.474054],[84.722083,45.473244],[84.722753,45.472715],[84.722841,45.472454],[84.721649,45.471181],[84.720345,45.470355],[84.719811,45.470310],[84.719148,45.470383],[84.718576,45.470573],[84.717420,45.471499],[84.717196,45.471592],[84.716815,45.471608],[84.716487,45.471191],[84.716605,45.469900],[84.716575,45.469026],[84.716417,45.468216],[84.716107,45.467349],[84.715884,45.465520],[84.715736,45.465221],[84.715598,45.465084],[84.714739,45.465011],[84.714554,45.464886],[84.714441,45.464153],[84.714277,45.463940],[84.713504,45.463649],[84.712409,45.463062],[84.711908,45.462661],[84.711701,45.462348],[84.711465,45.460388],[84.711148,45.459980],[84.711036,45.459669],[84.711013,45.458787],[84.710596,45.457329],[84.710618,45.456779],[84.710830,45.456252],[84.711922,45.454982],[84.711897,45.454727],[84.711221,45.453650],[84.711259,45.452725],[84.710725,45.451794],[84.709501,45.451050],[84.709133,45.450725],[84.708791,45.450228],[84.708109,45.450039],[84.706619,45.450260],[84.706375,45.450109],[84.706257,45.449931],[84.706258,45.449488],[84.705687,45.448749],[84.705713,45.448538],[84.706384,45.448289],[84.706583,45.448072],[84.706662,45.447287],[84.706542,45.446742],[84.706310,45.446287],[84.705961,45.445958],[84.705319,45.445801],[84.704350,45.446076],[84.703719,45.446552],[84.703217,45.447180],[84.702782,45.447944],[84.702443,45.448091],[84.701863,45.448015],[84.701665,45.447897],[84.702579,45.446340],[84.702579,45.445917],[84.702229,45.445601],[84.701683,45.445556],[84.701432,45.445449],[84.701315,45.445259],[84.701326,45.444976],[84.702562,45.443686],[84.702836,45.443104],[84.702848,45.442807],[84.702436,45.442402],[84.699869,45.442501],[84.698693,45.442751],[84.698176,45.442739],[84.697435,45.442393],[84.697231,45.442422],[84.697033,45.442613],[84.696508,45.443522],[84.695993,45.443752],[84.695502,45.443841],[84.693646,45.443391],[84.692951,45.442779],[84.692568,45.442561],[84.692485,45.442259],[84.692772,45.441360],[84.692713,45.440465],[84.692414,45.439772],[84.692008,45.439220],[84.691288,45.438795],[84.690383,45.438533],[84.689525,45.438714],[84.688372,45.439275],[84.687551,45.439268],[84.687139,45.439004],[84.686793,45.438601],[84.686834,45.436876],[84.686057,45.435798],[84.685463,45.435785],[84.684703,45.436187],[84.684560,45.436182],[84.684336,45.435981],[84.684233,45.435745],[84.684462,45.435245],[84.684772,45.433781],[84.684724,45.433070],[84.685473,45.430180],[84.685596,45.429060],[84.685239,45.428496],[84.684723,45.428012],[84.683543,45.426175],[84.683147,45.425388],[84.683134,45.424991],[84.682990,45.424578],[84.683059,45.424062],[84.683351,45.423902],[84.684496,45.423684],[84.684678,45.423467],[84.684688,45.423204],[84.684489,45.422979],[84.682538,45.422259],[84.682234,45.421989],[84.681133,45.421588],[84.680154,45.420957],[84.679608,45.420495],[84.679428,45.420222],[84.679321,45.419791],[84.679113,45.419509],[84.678829,45.419470],[84.678443,45.419603],[84.677630,45.420704],[84.676841,45.420808],[84.675128,45.420657],[84.675089,45.420460],[84.675383,45.420245],[84.675973,45.420070],[84.676167,45.419853],[84.676413,45.418932],[84.677169,45.418472],[84.677965,45.418202],[84.678084,45.418050],[84.677995,45.417484],[84.676484,45.417208],[84.675777,45.417180],[84.674605,45.417333],[84.672126,45.417896],[84.670861,45.417714],[84.669942,45.417794],[84.669858,45.417745],[84.669761,45.417689],[84.669727,45.417379],[84.671213,45.416098],[84.671334,45.415757],[84.671328,45.415469],[84.670957,45.415374],[84.670026,45.415452],[84.669760,45.415413],[84.669388,45.415205],[84.668577,45.413970],[84.667720,45.413421],[84.666500,45.412863],[84.666208,45.412590],[84.665272,45.412063],[84.665232,45.411895],[84.665360,45.411638],[84.666939,45.411419],[84.667689,45.411093],[84.668768,45.410165],[84.668823,45.409991],[84.668680,45.409712],[84.667969,45.409353],[84.667885,45.409097],[84.668855,45.407627],[84.669082,45.406747],[84.668765,45.406506],[84.668462,45.406499],[84.667332,45.406942],[84.666201,45.406816],[84.665519,45.406634],[84.664855,45.406310],[84.664602,45.405950],[84.664496,45.405496],[84.664221,45.405235],[84.663463,45.404876],[84.663596,45.404403],[84.664051,45.404028],[84.664575,45.403155],[84.664905,45.402364],[84.664921,45.401713],[84.664084,45.401377],[84.663639,45.401054],[84.660928,45.400058],[84.660536,45.400049],[84.660333,45.400065],[84.660136,45.400228],[84.659835,45.401069],[84.659466,45.401625],[84.658724,45.402030],[84.658357,45.402130],[84.657721,45.401995],[84.657469,45.401614],[84.656575,45.400666],[84.655917,45.400631],[84.655467,45.400884],[84.654941,45.400388],[84.654334,45.400107],[84.654004,45.399757],[84.653775,45.399255],[84.653627,45.398245],[84.653258,45.396817],[84.652973,45.396251],[84.652751,45.396162],[84.651538,45.396728],[84.651004,45.396716],[84.650923,45.396405],[84.651776,45.395589],[84.652882,45.393868],[84.653604,45.392531],[84.654928,45.390664],[84.655364,45.390181],[84.657177,45.388876],[84.657378,45.388613],[84.657386,45.388421],[84.657263,45.388235],[84.656895,45.388227],[84.655272,45.388683],[84.654392,45.389257],[84.653400,45.389678],[84.652921,45.389775],[84.652303,45.389762],[84.651710,45.389464],[84.650218,45.389030],[84.649220,45.389033],[84.647584,45.388086],[84.646164,45.386797],[84.644956,45.386428],[84.644810,45.386082],[84.644973,45.385159],[84.645218,45.384567],[84.645532,45.384286],[84.645684,45.383926],[84.645622,45.383273],[84.645349,45.382966],[84.645250,45.382642],[84.645310,45.382347],[84.645573,45.382165],[84.647041,45.381579],[84.647351,45.381285],[84.647426,45.381036],[84.647549,45.379932],[84.647404,45.379277],[84.647186,45.379227],[84.646100,45.379624],[84.645864,45.379586],[84.645719,45.379361],[84.646209,45.378875],[84.647004,45.378316],[84.647368,45.377564],[84.647224,45.377172],[84.646794,45.376941],[84.645970,45.376790],[84.644294,45.376644],[84.644220,45.376421],[84.644347,45.376094],[84.645123,45.375138],[84.645017,45.374705],[84.644792,45.374533],[84.643789,45.374820],[84.642760,45.374985],[84.640417,45.375054],[84.639956,45.375144],[84.639446,45.375012],[84.639468,45.374770],[84.639733,45.374529],[84.640624,45.374219],[84.640775,45.374014],[84.640788,45.372840],[84.640977,45.372159],[84.641068,45.370253],[84.641256,45.368887],[84.641169,45.368287],[84.640653,45.366693],[84.640556,45.366039],[84.639564,45.364175],[84.639012,45.363762],[84.637362,45.363450],[84.637069,45.363364],[84.636889,45.363164],[84.636737,45.362638],[84.636735,45.361268],[84.636658,45.360836],[84.635665,45.359035],[84.635465,45.358855],[84.633170,45.358529],[84.632810,45.358220],[84.632799,45.358032],[84.633078,45.357729],[84.634497,45.356900],[84.634631,45.356661],[84.634497,45.356457],[84.634282,45.356344],[84.632795,45.356729],[84.632413,45.356741],[84.632276,45.356694],[84.632138,45.356648],[84.631626,45.356127],[84.630275,45.353524],[84.629897,45.353065],[84.628701,45.352007],[84.628287,45.351137],[84.627910,45.350786],[84.627088,45.349311],[84.626896,45.349064],[84.626303,45.348650],[84.625750,45.347577],[84.624988,45.347043],[84.624172,45.346273],[84.624166,45.345997],[84.624417,45.345238],[84.624350,45.344731],[84.623848,45.344244],[84.623318,45.343878],[84.622916,45.343694],[84.622217,45.343565],[84.621769,45.343339],[84.620701,45.342229],[84.620001,45.341805],[84.618818,45.340743],[84.617212,45.339756],[84.616766,45.339216],[84.615654,45.338728],[84.614864,45.338214],[84.614184,45.337615],[84.613802,45.336997],[84.613464,45.336835],[84.612501,45.336626],[84.611918,45.336321],[84.611756,45.335750],[84.611554,45.335612],[84.610812,45.335395],[84.610298,45.334912],[84.610171,45.334659],[84.608585,45.333817],[84.608254,45.333371],[84.605027,45.330791],[84.598435,45.326857],[84.597610,45.326468],[84.595911,45.325876],[84.595500,45.325517],[84.595031,45.324709],[84.594858,45.324074],[84.594343,45.323633],[84.594201,45.323333],[84.594096,45.322742],[84.593886,45.322528],[84.592840,45.322076],[84.592248,45.321379],[84.591939,45.321259],[84.590885,45.321283],[84.589848,45.321019],[84.589855,45.320852],[84.590910,45.319980],[84.590914,45.319612],[84.590734,45.319412],[84.590331,45.319270],[84.588663,45.319102],[84.587731,45.318907],[84.587654,45.318220],[84.587428,45.317981],[84.587043,45.317811],[84.586790,45.317517],[84.586715,45.317052],[84.586797,45.315812],[84.586685,45.315513],[84.586355,45.315210],[84.585948,45.315210],[84.584626,45.315671],[84.583924,45.315624],[84.583904,45.315410],[84.584450,45.315091],[84.585085,45.314883],[84.585264,45.314719],[84.585302,45.314503],[84.585219,45.314233],[84.583592,45.313118],[84.582019,45.312576],[84.581070,45.312092],[84.580550,45.311518],[84.579300,45.310740],[84.580617,45.298815],[84.581370,45.293615],[84.581700,45.290465],[84.581873,45.288814],[84.581893,45.288655],[84.583729,45.274264],[84.585991,45.259935],[84.587351,45.252114],[84.588880,45.241430],[84.593049,45.237495],[84.595234,45.236056],[84.596042,45.235391],[84.596581,45.234764],[84.597916,45.231504],[84.598392,45.230944],[84.600232,45.229542],[84.601654,45.228864],[84.602614,45.228107],[84.603672,45.227603],[84.609166,45.223000],[84.610646,45.221521],[84.612645,45.220192],[84.614728,45.219140],[84.615587,45.218503],[84.616466,45.217038],[84.618008,45.214076],[84.619816,45.212631],[84.621316,45.210653],[84.622429,45.207418],[84.623131,45.206334],[84.624846,45.203087],[84.626572,45.200328],[84.626698,45.199566],[84.627370,45.198077],[84.628761,45.195650],[84.630363,45.193303],[84.631059,45.191595],[84.631324,45.190608],[84.631871,45.189134],[84.632311,45.188116],[84.632791,45.187327],[84.632741,45.187003],[84.633285,45.185936],[84.633982,45.185013],[84.634920,45.184108],[84.635691,45.183538],[84.636500,45.183086],[84.638872,45.182092],[84.639615,45.181694],[84.640722,45.180939],[84.642572,45.179483],[84.644259,45.178380],[84.647498,45.175575],[84.650337,45.173349],[84.653053,45.170648],[84.656051,45.168088],[84.659964,45.165405],[84.663004,45.163111],[84.665751,45.161415],[84.666865,45.160103],[84.668894,45.158546],[84.668625,45.154298],[84.667501,45.147594],[84.666849,45.141640],[84.661586,45.102329],[84.661570,45.102214],[84.657399,45.063472],[84.656437,45.055772],[84.653769,45.034423],[84.651920,45.019628],[84.650606,45.009105],[84.642366,45.003279],[84.651636,45.000123],[84.647673,44.967719],[84.642963,44.929192],[84.635663,44.930232],[84.634382,44.908382],[84.634008,44.906009],[84.633950,44.905129],[84.634331,44.901016],[84.634429,44.898059],[84.634648,44.895139],[84.634729,44.894057],[84.635799,44.879768],[84.636122,44.877217],[84.636116,44.876643],[84.635529,44.871854],[84.635266,44.868529],[84.635019,44.867664],[84.635062,44.867464],[84.635274,44.867237],[84.635634,44.867073],[84.648424,44.866724],[84.648629,44.866326],[84.649099,44.857979],[84.649382,44.850177],[84.650086,44.835602],[84.650094,44.835428],[84.651010,44.816472],[84.651255,44.811387],[84.652485,44.791034],[84.640506,44.791777],[84.630276,44.792410],[84.629526,44.792448],[84.627917,44.792339],[84.627881,44.792381],[84.627784,44.792315],[84.626002,44.791772],[84.626424,44.784236],[84.628155,44.783790],[84.631462,44.782164],[84.634611,44.779902],[84.636454,44.778988],[84.637168,44.779097],[84.643083,44.775259],[84.644525,44.774213],[84.645267,44.773108],[84.647955,44.766689],[84.648371,44.765999],[84.648762,44.765546],[84.649307,44.765173],[84.651599,44.763973],[84.656981,44.761954],[84.673661,44.755259],[84.673993,44.754364],[84.674213,44.752916],[84.674249,44.752572],[84.674052,44.752129],[84.674418,44.751924],[84.674513,44.750624],[84.674778,44.750283],[84.675544,44.750009],[84.676149,44.749463],[84.676421,44.749412],[84.677489,44.748794],[84.678277,44.748112],[84.678217,44.747489],[84.677795,44.746779],[84.678357,44.746109],[84.677402,44.745347],[84.675364,44.744141],[84.673525,44.743619],[84.673095,44.743694],[84.672752,44.743162],[84.672936,44.741871],[84.673930,44.740723],[84.675537,44.740859],[84.677334,44.739846],[84.680953,44.739827],[84.683171,44.740532],[84.686591,44.740510],[84.690614,44.739240],[84.693980,44.737180],[84.694775,44.736461],[84.694752,44.734886],[84.695555,44.734453],[84.701375,44.734275],[84.702576,44.733554],[84.703173,44.733549],[84.703601,44.735259],[84.704006,44.735547],[84.705620,44.735680],[84.706415,44.735382],[84.708403,44.733797],[84.708403,44.733518],[84.710574,44.731216],[84.712531,44.727190],[84.708663,44.723931],[84.707630,44.721641],[84.707607,44.719931],[84.708379,44.717923],[84.711353,44.715188],[84.714581,44.714928],[84.715884,44.715030],[84.716726,44.715361],[84.717598,44.716550],[84.718078,44.716873],[84.718644,44.716959],[84.719044,44.716654],[84.719520,44.715761],[84.719863,44.715575],[84.721334,44.715417],[84.724428,44.714722],[84.728107,44.712652],[84.729627,44.711172],[84.730692,44.711074],[84.732432,44.711230],[84.733352,44.711517],[84.734616,44.711634],[84.735600,44.711609],[84.737427,44.712180],[84.737808,44.712041],[84.738346,44.711499],[84.738930,44.710461],[84.738960,44.709677],[84.739081,44.709247],[84.739502,44.709052],[84.740257,44.708930],[84.740744,44.708719],[84.740901,44.708326],[84.740919,44.707004],[84.741899,44.703956],[84.742949,44.703350],[84.744395,44.702942],[84.745016,44.702586],[84.745027,44.702365],[84.744615,44.701601],[84.744695,44.701215],[84.746013,44.699896],[84.746990,44.698700],[84.746876,44.696799],[84.747578,44.694901],[84.748762,44.693602],[84.751158,44.693011],[84.754134,44.690982],[84.754713,44.689553],[84.754294,44.687980],[84.754271,44.686404],[84.755324,44.686472],[84.760441,44.683706],[84.760359,44.683192],[84.762751,44.680619],[84.764462,44.679911],[84.764486,44.679270],[84.763921,44.678638],[84.763905,44.677616],[84.764006,44.676761],[84.764264,44.676691],[84.764811,44.676723],[84.766411,44.677124],[84.767155,44.677053],[84.767282,44.676833],[84.766908,44.676519],[84.768369,44.674998],[84.770078,44.674304],[84.770744,44.674232],[84.771283,44.674411],[84.772872,44.675695],[84.773841,44.676131],[84.775131,44.676126],[84.775661,44.675845],[84.776840,44.674355],[84.777475,44.672619],[84.780171,44.670971],[84.781911,44.669628],[84.782677,44.669187],[84.783706,44.668869],[84.785088,44.668621],[84.787860,44.668587],[84.788285,44.668648],[84.789414,44.669584],[84.792799,44.672048],[84.793781,44.672561],[84.794600,44.672723],[84.795145,44.672732],[84.795699,44.672511],[84.796239,44.672468],[84.796804,44.673941],[84.798373,44.680282],[84.798832,44.681266],[84.799205,44.681775],[84.801935,44.683390],[84.803963,44.683307],[84.805007,44.683060],[84.805481,44.682774],[84.808970,44.683014],[84.814328,44.683620],[84.827029,44.684220],[84.854176,44.685682],[84.850732,44.692229],[84.846902,44.699509],[84.844367,44.704551],[84.844323,44.704639],[84.844093,44.705096],[84.839956,44.713330],[84.834886,44.723258],[84.834568,44.723853],[84.834329,44.724302],[84.833707,44.725464],[84.832012,44.728637],[84.830664,44.731163],[84.827312,44.737436],[84.827266,44.737522],[84.825890,44.740098],[84.823488,44.744594],[84.819735,44.751617],[84.819073,44.752856],[84.818650,44.753684],[84.816924,44.757060],[84.813223,44.764301],[84.804500,44.781361],[84.793111,44.802800],[84.792700,44.803742],[84.792358,44.805540],[84.792271,44.807951],[84.792252,44.808488],[84.797185,44.809062],[84.801437,44.809945],[84.807038,44.811108],[84.811057,44.811783],[84.812349,44.812319],[84.820131,44.815550],[84.823754,44.816800],[84.832423,44.820423],[84.833633,44.820840],[84.836678,44.823385],[84.838086,44.823652],[84.839882,44.823350],[84.846322,44.825000],[84.848510,44.825788],[84.848924,44.826098],[84.849167,44.826405],[84.849445,44.826488],[84.851074,44.826329],[84.855525,44.824625],[84.857646,44.823057],[84.858940,44.822448],[84.860933,44.821312],[84.866397,44.818720],[84.868138,44.817756],[84.878609,44.812640],[84.883730,44.810043],[84.888863,44.807615],[84.894707,44.804674],[84.898242,44.802894],[84.899398,44.802723],[84.907716,44.802132],[84.911469,44.801968],[84.915147,44.801627],[84.916810,44.801625],[84.920389,44.802445],[84.930981,44.804460],[84.937379,44.805846],[84.937929,44.805769],[84.938309,44.805509],[84.940354,44.803297],[84.941218,44.802504],[84.941321,44.802409],[84.942386,44.801774],[84.943337,44.801341],[84.944358,44.801085],[84.946548,44.800753],[84.951335,44.800580],[84.952734,44.800332],[84.953901,44.799959],[84.956859,44.797761],[84.957072,44.797402],[84.957776,44.795151],[84.958662,44.793430],[84.959205,44.792735],[84.960275,44.788443],[84.960865,44.787582],[84.961687,44.786834],[84.963977,44.783353],[84.965005,44.782116],[84.965182,44.781931],[84.965606,44.781760],[84.966677,44.781452],[84.967586,44.780906],[84.968870,44.779427],[84.971216,44.777377],[84.973021,44.776118],[84.974924,44.775296],[84.976346,44.774239],[84.977015,44.773467],[84.978810,44.772003],[84.979267,44.771402],[84.979994,44.769846],[84.980278,44.769643],[84.981954,44.769059],[84.984138,44.768088],[84.987479,44.767095],[84.987957,44.767247],[84.988361,44.767665],[84.989213,44.768221],[84.990063,44.768519],[84.991571,44.768725],[84.992330,44.768762],[84.992898,44.768673],[84.994711,44.768071],[84.998676,44.765732],[85.000337,44.764893],[85.002150,44.763459],[85.002461,44.763131],[85.003469,44.761438],[85.004701,44.760059],[85.005053,44.759757],[85.005609,44.759535],[85.006399,44.758844],[85.007994,44.756854],[85.008398,44.756420],[85.008984,44.756168],[85.009307,44.755853],[85.009619,44.755342],[85.009918,44.755222],[85.010403,44.755283],[85.010856,44.754854],[85.012936,44.754010],[85.015326,44.752852],[85.019371,44.751548],[85.021954,44.750606],[85.023985,44.749693],[85.026679,44.748397],[85.031624,44.745585],[85.035508,44.744528],[85.038746,44.743350],[85.041371,44.742551],[85.046596,44.740205],[85.047629,44.739195],[85.049385,44.736003],[85.050844,44.732733],[85.053245,44.726642],[85.053518,44.724483],[85.054406,44.723351],[85.054792,44.723165],[85.054130,44.718957],[85.054008,44.718185],[85.053116,44.717064],[85.052654,44.716137],[85.052025,44.714299],[85.051897,44.713341],[85.050676,44.713225],[85.050493,44.713131],[85.050423,44.712878],[85.052348,44.701721],[85.052880,44.698130],[85.045317,44.696576],[85.043487,44.696058],[85.041838,44.695915],[85.039937,44.695185],[85.037886,44.694735],[85.033308,44.693531],[85.030225,44.692450],[85.028989,44.691688],[85.027517,44.690473],[85.026816,44.689256],[85.026042,44.688199],[85.025342,44.686690],[85.025452,44.685603],[85.025102,44.682601],[85.025254,44.681588],[85.024998,44.678793],[85.024834,44.678200],[85.024615,44.675593],[85.024406,44.674495],[85.024220,44.670030],[85.023852,44.668079],[85.023623,44.666221],[85.023643,44.665647],[85.022113,44.653035],[85.021783,44.650311],[85.019509,44.632371],[85.018256,44.619649],[85.046780,44.623117],[85.055088,44.624382],[85.065200,44.625716],[85.068360,44.626379],[85.010296,44.574837],[84.943356,44.565107],[84.901129,44.558965],[84.900269,44.558840],[84.853844,44.552091],[84.855923,44.545343],[84.857301,44.544188],[84.858277,44.542542],[84.857855,44.540468],[84.858432,44.539758],[84.858239,44.538907],[84.855154,44.535334],[84.855133,44.533601],[84.856267,44.529615],[84.855629,44.527467],[84.851935,44.521493],[84.852300,44.518644],[84.853818,44.514324],[84.854789,44.512761],[84.854930,44.509750],[84.855315,44.508736],[84.859035,44.504269],[84.858617,44.502851],[84.858984,44.500962],[84.861117,44.498363],[84.861069,44.495592],[84.856958,44.487426],[84.856120,44.486224],[84.850476,44.480184],[84.844470,44.474113],[84.837721,44.468012],[84.833754,44.465946],[84.829329,44.464535],[84.826605,44.462975],[84.825886,44.462563],[84.825623,44.461838],[84.825474,44.461711],[84.824074,44.460324],[84.822429,44.458697],[84.814750,44.451099],[84.812930,44.449115],[84.805873,44.443468],[84.802462,44.441923],[84.797428,44.438118],[84.797017,44.437265],[84.794958,44.434761],[84.794748,44.434513],[84.794541,44.434253],[84.793679,44.433205],[84.792348,44.431586],[84.791518,44.429736],[84.791313,44.429021],[84.790893,44.428017],[84.790475,44.427017],[84.788806,44.423023],[84.788425,44.422762],[84.787192,44.420194],[84.787374,44.419189],[84.787354,44.417632],[84.787351,44.417336],[84.787504,44.414757],[84.787633,44.410037],[84.788196,44.408032],[84.787960,44.405311],[84.788120,44.403020],[84.788205,44.395447],[84.787999,44.395012],[84.786392,44.393885],[84.784593,44.393474],[84.779999,44.392661],[84.778200,44.391962],[84.778187,44.391120],[84.778183,44.390869],[84.778156,44.389137],[84.777918,44.386676],[84.777644,44.381815],[84.777422,44.380244],[84.777369,44.376807],[84.777499,44.372375],[84.778002,44.366079],[84.777918,44.360501],[84.778649,44.356494],[84.779221,44.354624],[84.779000,44.353199],[84.778961,44.350769],[84.778534,44.349196],[84.778649,44.343622],[84.779777,44.339037],[84.781102,44.334591],[84.781064,44.332153],[84.782565,44.326280],[84.784715,44.324115],[84.785498,44.323104],[84.786596,44.317943],[84.786557,44.316390],[84.785905,44.314435],[84.784783,44.311936],[84.784059,44.309836],[84.783770,44.308133],[84.784313,44.306792],[84.786195,44.305051],[84.791442,44.300117],[84.792636,44.297942],[84.793504,44.295550],[84.793577,44.292579],[84.793908,44.287978],[84.795567,44.280679],[84.795743,44.279099],[84.796497,44.276378],[84.796672,44.274798],[84.796223,44.271660],[84.795606,44.270237],[84.795766,44.267802],[84.798248,44.261343],[84.798203,44.258770],[84.796535,44.253353],[84.795286,44.249644],[84.793381,44.242234],[84.791880,44.235093],[84.791469,44.233808],[84.791637,44.231949],[84.791766,44.227373],[84.791721,44.224656],[84.791088,44.222522],[84.785779,44.212703],[84.783958,44.210286],[84.780438,44.201029],[84.776986,44.195767],[84.773700,44.188942],[84.772038,44.184090],[84.768783,44.178398],[84.764528,44.173145],[84.762294,44.169595],[84.759663,44.166468],[84.753819,44.160653],[84.746141,44.151857],[84.739896,44.146182],[84.738881,44.144327],[84.737838,44.141798],[84.735758,44.137209],[84.733194,44.132039],[84.732903,44.130831],[84.731819,44.128561],[84.733327,44.128022],[84.734489,44.127394],[84.735691,44.126492],[84.737154,44.126033],[84.737980,44.126171],[84.739752,44.127214],[84.740785,44.128270],[84.742542,44.129701],[84.746018,44.131274],[84.748445,44.132484],[84.752200,44.134146],[84.757995,44.136974],[84.761242,44.139468],[84.764666,44.141589],[84.766058,44.142208],[84.768360,44.143605],[84.769829,44.144627],[84.780047,44.150448],[84.782004,44.151461],[84.785960,44.153831],[84.787178,44.154739],[84.788218,44.155769],[84.789412,44.156676],[84.790856,44.158055],[84.791967,44.158710],[84.794507,44.159909],[84.797325,44.161421],[84.802599,44.162325],[84.804240,44.162755],[84.806191,44.162948],[84.807675,44.163543],[84.811463,44.163851],[84.813575,44.163780],[84.816911,44.163153],[84.820691,44.161163],[84.822781,44.160381],[84.823796,44.160181],[84.824876,44.160108],[84.825732,44.160148],[84.826491,44.160294],[84.826886,44.160251],[84.827945,44.159810],[84.828777,44.159849],[84.830503,44.160163],[84.832266,44.160719],[84.832899,44.161258],[84.832045,44.163815],[84.834912,44.164007],[84.835861,44.164565],[84.836181,44.165185],[84.836353,44.166695],[84.836611,44.167234],[84.837374,44.168217],[84.837625,44.168891],[84.838044,44.169482],[84.838494,44.170043],[84.839443,44.170868],[84.840033,44.171146],[84.841012,44.171409],[84.843255,44.171271],[84.844526,44.171338],[84.845129,44.171761],[84.845963,44.172173],[84.848811,44.173108],[84.850536,44.173864],[84.850993,44.173851],[84.852014,44.173285],[84.853415,44.173550],[84.854612,44.173088],[84.855437,44.172968],[84.856213,44.172997],[84.857029,44.173130],[84.857409,44.173283],[84.859801,44.170537],[84.860917,44.169503],[84.861435,44.169111],[84.862161,44.168723],[84.862563,44.168649],[84.864497,44.168682],[84.866612,44.168852],[84.868331,44.168765],[84.871141,44.168973],[84.873738,44.169302],[84.876219,44.170298],[84.877493,44.170671],[84.881573,44.170768],[84.884226,44.170548],[84.887608,44.171051],[84.888928,44.171099],[84.891098,44.171472],[84.893216,44.171636],[84.895731,44.172416],[84.897359,44.173331],[84.902280,44.176645],[84.903876,44.177535],[84.905427,44.177981],[84.906283,44.178131],[84.909873,44.178464],[84.914258,44.178705],[84.916375,44.178987],[84.917341,44.179288],[84.917669,44.179562],[84.918056,44.180121],[84.918538,44.181283],[84.918924,44.182543],[84.920113,44.184445],[84.922699,44.187738],[84.924854,44.190318],[84.926108,44.192046],[84.927720,44.194525],[84.928821,44.195674],[84.929393,44.196921],[84.929859,44.197573],[84.930669,44.198366],[84.931997,44.200664],[84.932833,44.203378],[84.933089,44.204728],[84.933590,44.206200],[84.934059,44.206948],[84.934718,44.207416],[84.934861,44.207661],[84.935413,44.211352],[84.935345,44.213272],[84.934984,44.214756],[84.935112,44.215602],[84.935582,44.217466],[84.935238,44.218157],[84.935225,44.219029],[84.935137,44.219202],[84.935024,44.220273],[84.935024,44.222086],[84.935292,44.223241],[84.935294,44.224026],[84.935124,44.225059],[84.935166,44.225502],[84.937159,44.227971],[84.937169,44.228206],[84.937021,44.228424],[84.936994,44.229197],[84.936627,44.229853],[84.936681,44.230164],[84.936792,44.230487],[84.937239,44.231013],[84.937292,44.231182],[84.937087,44.231708],[84.937093,44.232026],[84.937197,44.232228],[84.937682,44.232339],[84.937938,44.232518],[84.937994,44.232741],[84.937605,44.233210],[84.937966,44.234365],[84.937814,44.234725],[84.937802,44.235081],[84.937929,44.235438],[84.938163,44.235739],[84.938172,44.235994],[84.937968,44.236144],[84.937896,44.236377],[84.937934,44.236607],[84.938231,44.236968],[84.938289,44.237458],[84.938581,44.238124],[84.938751,44.239255],[84.938740,44.240559],[84.938563,44.241281],[84.938009,44.242114],[84.937843,44.243197],[84.937836,44.244134],[84.937550,44.244680],[84.937348,44.244823],[84.937291,44.245084],[84.937690,44.246032],[84.938521,44.246920],[84.938791,44.247523],[84.938857,44.248773],[84.939382,44.249568],[84.939422,44.251422],[84.939344,44.252030],[84.939437,44.252320],[84.939645,44.252554],[84.940053,44.253380],[84.941913,44.255162],[84.942371,44.255405],[84.944603,44.255921],[84.945587,44.256437],[84.946316,44.257261],[84.948139,44.258809],[84.949512,44.259245],[84.950678,44.259920],[84.952145,44.261152],[84.954091,44.262032],[84.955675,44.263219],[84.956512,44.264318],[84.957110,44.266602],[84.957403,44.267235],[84.957619,44.268074],[84.958088,44.268685],[84.958705,44.269734],[84.959139,44.270695],[84.959095,44.272615],[84.959339,44.274650],[84.959952,44.278689],[84.960272,44.279723],[84.960490,44.280179],[84.962527,44.282885],[84.962720,44.283540],[84.963565,44.285446],[84.964404,44.287021],[84.967303,44.289490],[84.968438,44.291969],[84.968420,44.292474],[84.968064,44.293803],[84.967554,44.295221],[84.967469,44.295805],[84.967723,44.296562],[84.968546,44.297263],[84.969085,44.297394],[84.974891,44.297944],[84.975884,44.298298],[84.976684,44.298478],[84.978026,44.299048],[84.984211,44.302236],[84.986326,44.303596],[84.986935,44.304268],[84.988030,44.305752],[84.991418,44.308583],[84.993118,44.309469],[84.996152,44.310681],[84.999449,44.311555],[85.002212,44.311816],[85.005042,44.312334],[85.014524,44.314639],[85.017603,44.315228],[85.019674,44.315872],[85.020661,44.316088],[85.023883,44.316417],[85.025562,44.316759],[85.033107,44.316813],[85.038608,44.317273],[85.042004,44.317420],[85.042966,44.317284],[85.045372,44.316633],[85.046566,44.316568],[85.049708,44.316737],[85.052031,44.317171],[85.053771,44.317324],[85.060154,44.317324],[85.062834,44.317442],[85.065403,44.317281],[85.066334,44.317163],[85.066913,44.316962],[85.068622,44.316630],[85.069985,44.316533],[85.073047,44.315850],[85.075074,44.315752],[85.076656,44.315350],[85.081431,44.314629],[85.085444,44.313694],[85.087025,44.313467],[85.088944,44.313049],[85.095402,44.312228],[85.098705,44.311678],[85.102104,44.311347],[85.106765,44.310154],[85.107839,44.309695],[85.108537,44.309531],[85.109658,44.309555],[85.109790,44.308386],[85.110330,44.307052],[85.110338,44.306538],[85.110608,44.305479],[85.111321,44.304863],[85.111626,44.304444],[85.111985,44.303115],[85.112390,44.302498],[85.112270,44.301315],[85.111953,44.300643],[85.111960,44.300431],[85.112320,44.299754],[85.112309,44.299422],[85.112051,44.299058],[85.112031,44.298880],[85.112282,44.298137],[85.112088,44.297928],[85.112018,44.297570],[85.112084,44.296968],[85.111985,44.295800],[85.112037,44.295218],[85.112497,44.294651],[85.112552,44.294381],[85.112383,44.293932],[85.112391,44.293681],[85.112760,44.292838],[85.112680,44.292139],[85.112421,44.291680],[85.112256,44.290536],[85.112487,44.289363],[85.112451,44.288606],[85.112238,44.288292],[85.112135,44.287257],[85.111797,44.286846],[85.111779,44.286609],[85.111278,44.285672],[85.110066,44.285019],[85.109647,44.284647],[85.109164,44.284445],[85.107807,44.283372],[85.107590,44.282676],[85.107536,44.280880],[85.107431,44.280690],[85.107597,44.279481],[85.107780,44.278223],[85.107510,44.274601],[85.107251,44.270974],[85.106989,44.267352],[85.106721,44.263730],[85.106703,44.263531],[85.106660,44.259908],[85.106616,44.256277],[85.106614,44.256120],[85.106480,44.255725],[85.106386,44.254899],[85.106049,44.253550],[85.105376,44.251578],[85.104934,44.250892],[85.105034,44.250579],[85.105376,44.250178],[85.105402,44.249915],[85.105287,44.249778],[85.104484,44.249392],[85.104652,44.248685],[85.104173,44.247061],[85.103892,44.246647],[85.103222,44.246042],[85.103039,44.245333],[85.102050,44.244412],[85.101989,44.244183],[85.102185,44.243831],[85.101664,44.243106],[85.102024,44.241777],[85.101324,44.240659],[85.101184,44.239292],[85.100883,44.237725],[85.100900,44.236935],[85.100641,44.235434],[85.100375,44.234925],[85.100365,44.234568],[85.100645,44.233580],[85.100361,44.231924],[85.100662,44.231327],[85.100655,44.230856],[85.100248,44.230099],[85.100458,44.229544],[85.100716,44.229237],[85.100691,44.228945],[85.099850,44.228239],[85.099811,44.228051],[85.100144,44.227688],[85.100192,44.227276],[85.099779,44.226725],[85.099898,44.226211],[85.099324,44.225749],[85.099338,44.225473],[85.099175,44.225320],[85.098894,44.224709],[85.098532,44.224305],[85.097801,44.222788],[85.097575,44.222117],[85.096461,44.220829],[85.096370,44.220446],[85.095618,44.219588],[85.095522,44.219374],[85.095546,44.218643],[85.095352,44.218329],[85.095479,44.216892],[85.095347,44.216361],[85.095119,44.216139],[85.095175,44.215448],[85.094905,44.214946],[85.094702,44.213928],[85.094405,44.213336],[85.094365,44.212831],[85.094565,44.211801],[85.095031,44.210767],[85.095024,44.210589],[85.094853,44.210318],[85.095116,44.209859],[85.095051,44.209353],[85.095440,44.209246],[85.095547,44.209100],[85.095534,44.208842],[85.095162,44.208012],[85.095148,44.207809],[85.095305,44.207461],[85.094945,44.207089],[85.094679,44.204050],[85.094488,44.203739],[85.094372,44.202689],[85.094100,44.202365],[85.094069,44.202008],[85.094112,44.201732],[85.094523,44.201210],[85.094739,44.200660],[85.094595,44.199691],[85.094772,44.198985],[85.094514,44.198571],[85.093792,44.197940],[85.093577,44.197574],[85.093536,44.197257],[85.093643,44.195519],[85.093425,44.194603],[85.093765,44.193868],[85.093877,44.192321],[85.093911,44.192138],[85.094217,44.191796],[85.094219,44.191400],[85.093195,44.189934],[85.093052,44.189445],[85.092998,44.188343],[85.092834,44.187805],[85.092453,44.187201],[85.092380,44.186826],[85.092522,44.186080],[85.092235,44.185551],[85.092105,44.184275],[85.091792,44.183497],[85.091495,44.183165],[85.091359,44.182871],[85.091348,44.182563],[85.091141,44.181943],[85.090070,44.180403],[85.090054,44.180091],[85.089874,44.179722],[85.089545,44.179416],[85.089104,44.178394],[85.088648,44.177808],[85.087848,44.176192],[85.087705,44.175065],[85.087745,44.173853],[85.087625,44.173708],[85.087581,44.171915],[85.088599,44.170211],[85.088653,44.169991],[85.088558,44.169761],[85.088577,44.169430],[85.088728,44.168993],[85.089078,44.168442],[85.089126,44.167775],[85.089041,44.166972],[85.088483,44.165091],[85.088054,44.164702],[85.087852,44.164234],[85.087842,44.163884],[85.088674,44.161971],[85.089092,44.161335],[85.090762,44.160113],[85.090967,44.159717],[85.090913,44.159276],[85.090578,44.159037],[85.090373,44.158763],[85.090313,44.157852],[85.090828,44.156991],[85.091080,44.156220],[85.091319,44.154795],[85.091147,44.154156],[85.092210,44.153021],[85.092393,44.152658],[85.092340,44.152178],[85.092127,44.151741],[85.092099,44.151295],[85.092357,44.149920],[85.092709,44.149556],[85.092835,44.149277],[85.092762,44.148959],[85.091799,44.147880],[85.092366,44.144361],[85.092445,44.142306],[85.092759,44.139984],[85.094015,44.136052],[85.094830,44.132503],[85.095357,44.128089],[85.095884,44.125137],[85.095940,44.123395],[85.096588,44.116567],[85.096698,44.112056],[85.096569,44.110116],[85.096270,44.108935],[85.096191,44.107783],[85.095923,44.106301],[85.095511,44.101975],[85.095499,44.100892],[85.095638,44.099773],[85.095685,44.097932],[85.095611,44.097052],[85.095468,44.096501],[85.094010,44.095338],[85.089145,44.090389],[85.079686,44.084188],[85.078685,44.083919],[85.072463,44.080974],[85.072057,44.080409],[85.070245,44.079279],[85.067653,44.079015],[85.063851,44.077767],[85.056391,44.072977],[85.052182,44.071152],[85.051960,44.070150],[85.051148,44.069298],[85.047948,44.068616],[85.046746,44.067909],[85.046325,44.066912],[85.045322,44.066353],[85.043124,44.065941],[85.041509,44.064668],[85.041470,44.063094],[85.040850,44.061814],[85.040812,44.059951],[85.041194,44.059230],[85.042757,44.057363],[85.042542,44.056648],[85.039510,44.054242],[85.036293,44.052694],[85.034095,44.052282],[85.031491,44.051160],[85.028104,44.051192],[85.025889,44.049915],[85.025476,44.049062],[85.023867,44.048220],[85.022473,44.048372],[85.021883,44.048666],[85.020487,44.048530],[85.016648,44.045700],[85.013997,44.042435],[85.010165,44.040028],[85.006762,44.039050],[85.001190,44.039233],[84.999397,44.038819],[84.992553,44.035009],[84.990714,44.032597],[84.988713,44.031891],[84.986522,44.032052],[84.984728,44.031926],[84.979103,44.029104],[84.974638,44.024129],[84.969750,44.018022],[84.965691,44.013901],[84.963830,44.010060],[84.960392,44.006941],[84.959986,44.006367],[84.959940,44.004081],[84.959061,44.002078],[84.958571,44.001213],[84.958347,44.000572],[84.958060,43.998692],[84.958371,43.997432],[84.958278,43.996798],[84.957880,43.995899],[84.957483,43.993930],[84.957244,43.993335],[84.955858,43.991951],[84.955513,43.991383],[84.953391,43.989291],[84.951847,43.986943],[84.950136,43.985989],[84.949447,43.985221],[84.949130,43.984613],[84.948943,43.983781],[84.948704,43.983278],[84.947466,43.981816],[84.946895,43.980943],[84.946590,43.980124],[84.945675,43.979409],[84.945503,43.979026],[84.945451,43.977982],[84.944906,43.976700],[84.945278,43.974257],[84.945132,43.973517],[84.945252,43.972949],[84.945477,43.970268],[84.945901,43.968750],[84.946325,43.966611],[84.945789,43.965203],[84.945749,43.964688],[84.946067,43.963698],[84.946173,43.962998],[84.945934,43.961558],[84.945895,43.960593],[84.946107,43.959564],[84.946186,43.958058],[84.946107,43.956776],[84.945232,43.955375],[84.945139,43.955005],[84.945126,43.954199],[84.945324,43.953341],[84.945430,43.951756],[84.945112,43.950936],[84.945112,43.950580],[84.945947,43.948785],[84.946385,43.947108],[84.946809,43.946462],[84.947737,43.945446],[84.948081,43.944839],[84.950706,43.942850],[84.955460,43.937332],[84.956096,43.936449],[84.956362,43.935974],[84.956481,43.935300],[84.956468,43.934310],[84.956348,43.933451],[84.956408,43.932929],[84.956846,43.932428],[84.957403,43.932113],[84.960665,43.931434],[84.961436,43.931051],[84.961899,43.930697],[84.962709,43.930474],[84.963134,43.930197],[84.963293,43.929776],[84.963306,43.928138],[84.963525,43.927616],[84.965209,43.925639],[84.965595,43.924874],[84.965740,43.924016],[84.965661,43.923144],[84.965196,43.922245],[84.963856,43.920841],[84.962570,43.920072],[84.962065,43.919648],[84.961986,43.919357],[84.962065,43.919014],[84.962397,43.918539],[84.962517,43.918183],[84.962450,43.917839],[84.961986,43.917112],[84.962039,43.916874],[84.962450,43.916413],[84.962834,43.916136],[84.962888,43.915859],[84.962702,43.915674],[84.961455,43.915050],[84.961376,43.914759],[84.962172,43.913242],[84.962371,43.912608],[84.962291,43.912225],[84.961959,43.911907],[84.960692,43.911079],[84.960228,43.909823],[84.960241,43.909479],[84.960825,43.908715],[84.960971,43.908213],[84.960772,43.906839],[84.960759,43.906007],[84.960440,43.904936],[84.960334,43.904130],[84.960202,43.903720],[84.959764,43.903111],[84.959658,43.902741],[84.959777,43.902279],[84.960652,43.901000],[84.960785,43.899957],[84.960745,43.899098],[84.960440,43.898516],[84.959923,43.898158],[84.958570,43.897653],[84.957575,43.897387],[84.956978,43.897082],[84.955878,43.896141],[84.955215,43.895902],[84.953716,43.895661],[84.952695,43.895395],[84.951064,43.894441],[84.949871,43.894002],[84.948890,43.893749],[84.947352,43.893614],[84.946305,43.893361],[84.944065,43.892169],[84.943535,43.891983],[84.942925,43.891942],[84.941865,43.892046],[84.941401,43.891979],[84.941163,43.891767],[84.941017,43.891265],[84.940977,43.890591],[84.940368,43.889296],[84.939997,43.888925],[84.937174,43.887627],[84.937188,43.887283],[84.937386,43.886900],[84.937930,43.886307],[84.938088,43.885937],[84.938062,43.885554],[84.936883,43.884165],[84.936697,43.883676],[84.936790,43.883254],[84.937267,43.882554],[84.938088,43.881710],[84.938287,43.881301],[84.938274,43.880839],[84.938035,43.880495],[84.937134,43.879860],[84.936631,43.879304],[84.936538,43.878802],[84.936591,43.877904],[84.936459,43.877481],[84.935849,43.876661],[84.935518,43.875921],[84.935439,43.874798],[84.935518,43.873966],[84.935863,43.872474],[84.936339,43.871021],[84.936710,43.870599],[84.937811,43.869782],[84.938500,43.868515],[84.939294,43.867565],[84.939692,43.866205],[84.939943,43.865888],[84.940380,43.865559],[84.941758,43.864717],[84.942394,43.864017],[84.942846,43.862551],[84.943204,43.862222],[84.943309,43.861866],[84.943720,43.861126],[84.944092,43.860810],[84.945377,43.860165],[84.945802,43.859743],[84.947047,43.857778],[84.947684,43.857065],[84.948306,43.856605],[84.948824,43.856473],[84.950660,43.856364],[84.952291,43.855549],[84.954664,43.854788],[84.956461,43.853385],[84.957416,43.852555],[84.958557,43.851382],[84.960042,43.850183],[84.960055,43.849853],[84.959419,43.848676],[84.959299,43.847315],[84.959604,43.846312],[84.959909,43.845837],[84.961236,43.845391],[84.961660,43.845115],[84.961704,43.844302],[84.962060,43.842654],[84.961940,43.841788],[84.961207,43.841305],[84.959521,43.840984],[84.958575,43.840929],[84.956124,43.841095],[84.955584,43.840832],[84.955054,43.840282],[84.954913,43.840027],[84.954693,43.838960],[84.953510,43.837301],[84.953096,43.836285],[84.952384,43.835227],[84.952027,43.834211],[84.951902,43.832346],[84.951618,43.831345],[84.951621,43.830776],[84.951395,43.830285],[84.950841,43.829925],[84.949968,43.829568],[84.948817,43.828753],[84.948477,43.828355],[84.947777,43.826527],[84.947539,43.826199],[84.946663,43.825570],[84.945734,43.825048],[84.944264,43.823967],[84.942366,43.822236],[84.940029,43.820591],[84.938590,43.819692],[84.938419,43.819104],[84.938662,43.818531],[84.938713,43.818098],[84.938609,43.817901],[84.937781,43.817124],[84.936914,43.816554],[84.935887,43.816069],[84.935622,43.815704],[84.933733,43.813889],[84.932527,43.813137],[84.931086,43.812472],[84.931024,43.812351],[84.931076,43.811823],[84.930131,43.811240],[84.929913,43.810819],[84.929765,43.809959],[84.929092,43.809210],[84.927929,43.808226],[84.927712,43.807789],[84.927626,43.807051],[84.926777,43.805657],[84.926391,43.805257],[84.925891,43.804959],[84.925581,43.804657],[84.925355,43.803835],[84.925398,43.802875],[84.925321,43.802565],[84.923591,43.800690],[84.923340,43.799916],[84.923075,43.799583],[84.920970,43.797597],[84.920782,43.797261],[84.920457,43.796454],[84.920389,43.795499],[84.920477,43.795245],[84.921168,43.794375],[84.921096,43.793546],[84.921140,43.793343],[84.921307,43.793190],[84.921382,43.792472],[84.921219,43.792023],[84.921053,43.791058],[84.921185,43.790444],[84.922005,43.789515],[84.922444,43.788330],[84.922899,43.787713],[84.923272,43.787496],[84.924312,43.787228],[84.924586,43.786977],[84.924686,43.786650],[84.924860,43.786429],[84.924666,43.785329],[84.924484,43.784804],[84.924437,43.784266],[84.924562,43.783844],[84.924723,43.783671],[84.924712,43.783359],[84.923881,43.782058],[84.923862,43.780703],[84.923217,43.779810],[84.923052,43.779442],[84.923035,43.779315],[84.923437,43.778568],[84.923546,43.777613],[84.923460,43.777180],[84.923465,43.775518],[84.923395,43.775312],[84.923054,43.774921],[84.922996,43.774680],[84.923015,43.774447],[84.923203,43.774132],[84.924830,43.772658],[84.925252,43.771983],[84.925337,43.770984],[84.925680,43.770101],[84.925527,43.768986],[84.925558,43.768245],[84.926153,43.766986],[84.926130,43.766377],[84.925110,43.764488],[84.924685,43.762990],[84.924645,43.761271],[84.925258,43.760202],[84.925280,43.759882],[84.925148,43.759230],[84.925340,43.758784],[84.925342,43.758409],[84.925198,43.757453],[84.924946,43.756751],[84.925063,43.756111],[84.925017,43.755593],[84.924844,43.755030],[84.924391,43.754401],[84.924315,43.754045],[84.924481,43.753457],[84.925471,43.751300],[84.925704,43.750502],[84.925736,43.749902],[84.925480,43.748992],[84.924956,43.748453],[84.923994,43.747802],[84.923692,43.747220],[84.922724,43.746736],[84.921639,43.746683],[84.920380,43.746833],[84.918309,43.746600],[84.916427,43.746309],[84.914996,43.745777],[84.914561,43.745541],[84.914178,43.744844],[84.913991,43.744696],[84.911465,43.743433],[84.910225,43.742506],[84.909854,43.741582],[84.909784,43.740856],[84.909653,43.740493],[84.908451,43.739074],[84.907174,43.737251],[84.906236,43.735523],[84.906160,43.735162],[84.905791,43.734469],[84.905736,43.734200],[84.904585,43.732955],[84.904323,43.732546],[84.903946,43.731544],[84.902900,43.729600],[84.902150,43.728601],[84.901907,43.727968],[84.901472,43.727447],[84.901149,43.726880],[84.900901,43.726308],[84.900774,43.725694],[84.900135,43.724605],[84.899971,43.723561],[84.898450,43.722593],[84.897879,43.721899],[84.897856,43.721662],[84.898131,43.720667],[84.898166,43.719256],[84.897987,43.717848],[84.898019,43.717455],[84.898749,43.715867],[84.898875,43.715128],[84.898816,43.714286],[84.898721,43.713859],[84.898512,43.713503],[84.897019,43.712457],[84.896592,43.711910],[84.896454,43.711583],[84.896472,43.711080],[84.896815,43.709888],[84.896356,43.708703],[84.896372,43.708273],[84.896659,43.707105],[84.896625,43.706693],[84.896536,43.706404],[84.895194,43.704206],[84.895086,43.703912],[84.895122,43.703365],[84.894146,43.702407],[84.894066,43.702249],[84.894031,43.701430],[84.893914,43.701121],[84.893443,43.700531],[84.893133,43.700023],[84.893021,43.699665],[84.892909,43.696852],[84.892734,43.696074],[84.892885,43.693645],[84.892226,43.692598],[84.891668,43.691946],[84.891509,43.691595],[84.891415,43.691088],[84.891579,43.689987],[84.891538,43.689777],[84.891079,43.688825],[84.890936,43.688035],[84.890375,43.687013],[84.890524,43.686082],[84.890452,43.685892],[84.889972,43.685555],[84.889930,43.685401],[84.890004,43.684934],[84.889865,43.684225],[84.890002,43.682411],[84.889778,43.680946],[84.889557,43.680552],[84.888387,43.679164],[84.886883,43.677630],[84.886139,43.677201],[84.883939,43.674985],[84.883121,43.673950],[84.882807,43.673301],[84.882937,43.672346],[84.882796,43.672017],[84.882281,43.671479],[84.882244,43.670844],[84.881787,43.670312],[84.881723,43.669922],[84.881418,43.669586],[84.881359,43.669275],[84.881036,43.669017],[84.880942,43.668394],[84.880575,43.667858],[84.880398,43.667279],[84.879572,43.666735],[84.879519,43.665901],[84.879373,43.665617],[84.878169,43.664551],[84.878143,43.663821],[84.877910,43.663421],[84.876811,43.662287],[84.875797,43.661549],[84.875187,43.660603],[84.874413,43.660086],[84.873850,43.659212],[84.872882,43.658689],[84.872671,43.658305],[84.872665,43.657753],[84.872035,43.657271],[84.871349,43.656245],[84.870865,43.655839],[84.870798,43.655611],[84.870988,43.655030],[84.870968,43.654712],[84.870558,43.654326],[84.870286,43.653645],[84.870095,43.653462],[84.868824,43.653168],[84.867539,43.652413],[84.866693,43.652387],[84.865823,43.652116],[84.865072,43.652092],[84.864638,43.652177],[84.863977,43.652084],[84.863518,43.651290],[84.862494,43.650629],[84.862202,43.649960],[84.861701,43.649546],[84.861268,43.648416],[84.861034,43.648052],[84.860068,43.647424],[84.858949,43.646901],[84.857128,43.646258],[84.856641,43.645994],[84.855924,43.645439],[84.854653,43.643912],[84.854078,43.643486],[84.852817,43.643021],[84.852475,43.642737],[84.852128,43.642162],[84.851849,43.641913],[84.850161,43.641315],[84.849420,43.640908],[84.849006,43.640037],[84.847656,43.638837],[84.847500,43.637925],[84.847277,43.637590],[84.847154,43.636534],[84.845833,43.635734],[84.845769,43.635616],[84.845549,43.634877],[84.845504,43.634055],[84.844740,43.631983],[84.844701,43.631542],[84.844869,43.630772],[84.844848,43.630369],[84.844328,43.628556],[84.843856,43.627832],[84.843985,43.627726],[84.844024,43.627328],[84.843874,43.626817],[84.844149,43.626201],[84.843612,43.625084],[84.843197,43.624498],[84.843700,43.623574],[84.843566,43.623122],[84.843816,43.621911],[84.843344,43.621337],[84.843175,43.620626],[84.843044,43.618850],[84.843491,43.618184],[84.843611,43.617062],[84.844003,43.616686],[84.844045,43.616511],[84.843608,43.615611],[84.843545,43.615374],[84.843595,43.614355],[84.843237,43.613598],[84.843212,43.613233],[84.843519,43.612306],[84.843429,43.610672],[84.843517,43.610116],[84.843422,43.609823],[84.843073,43.609417],[84.843091,43.608926],[84.843442,43.607750],[84.843191,43.606780],[84.843232,43.605725],[84.843034,43.604367],[84.843049,43.603440],[84.843198,43.602597],[84.843847,43.601517],[84.844414,43.600777],[84.846690,43.598408],[84.847451,43.596801],[84.848465,43.595707],[84.849838,43.593887],[84.850919,43.591054],[84.851686,43.590172],[84.852295,43.589111],[84.852653,43.588227],[84.852773,43.587158],[84.852715,43.586500],[84.852977,43.586033],[84.853655,43.585329],[84.853971,43.584456],[84.853985,43.584047],[84.853879,43.583707],[84.853607,43.583286],[84.853124,43.582861],[84.850507,43.581700],[84.847262,43.581330],[84.845020,43.580618],[84.843767,43.579936],[84.842913,43.579627],[84.841647,43.579336],[84.839055,43.579078],[84.838579,43.578907],[84.834877,43.578578],[84.828682,43.579496],[84.825613,43.580073],[84.824013,43.580505],[84.823008,43.580678],[84.822297,43.580754],[84.821520,43.580724],[84.820985,43.581070],[84.821155,43.581323],[84.821743,43.582575],[84.821694,43.584577],[84.821240,43.587158],[84.821256,43.587483],[84.821305,43.588043],[84.822150,43.589296],[84.822336,43.589810],[84.822487,43.590673],[84.822475,43.591490],[84.822419,43.591715],[84.821721,43.592815],[84.821249,43.593362],[84.821096,43.595180],[84.820374,43.597192],[84.819443,43.598892],[84.818614,43.600065],[84.818200,43.600390],[84.817710,43.600610],[84.817113,43.601190],[84.816729,43.601716],[84.816340,43.604278],[84.815952,43.605036],[84.815604,43.606344],[84.815142,43.607052],[84.813591,43.608918],[84.812761,43.610449],[84.812734,43.612308],[84.811555,43.614146],[84.811335,43.615025],[84.811127,43.615325],[84.811120,43.615671],[84.812172,43.616159],[84.812340,43.616402],[84.812407,43.616880],[84.812345,43.617499],[84.812710,43.618492],[84.812645,43.619152],[84.812399,43.619643],[84.812085,43.620056],[84.809637,43.621441],[84.808778,43.621731],[84.805943,43.622120],[84.805074,43.622728],[84.804035,43.623611],[84.802799,43.624251],[84.800018,43.624641],[84.798337,43.624757],[84.797824,43.624887],[84.797233,43.625744],[84.796753,43.626640],[84.796307,43.627091],[84.793403,43.629285],[84.793192,43.629585],[84.792515,43.631727],[84.792179,43.632525],[84.791776,43.633202],[84.791103,43.634015],[84.790997,43.634515],[84.791151,43.635366],[84.791016,43.635556],[84.790464,43.635792],[84.789495,43.636636],[84.788490,43.637256],[84.788308,43.637539],[84.788219,43.638082],[84.787868,43.639044],[84.787196,43.640106],[84.787149,43.641052],[84.786765,43.641879],[84.785598,43.642324],[84.784239,43.642405],[84.783695,43.642629],[84.783531,43.642877],[84.783458,43.643308],[84.783092,43.643765],[84.781944,43.644592],[84.780962,43.644917],[84.780363,43.644991],[84.779209,43.644912],[84.778676,43.644779],[84.777973,43.644498],[84.777577,43.644234],[84.776016,43.642963],[84.774967,43.641943],[84.773210,43.640675],[84.772081,43.640028],[84.771820,43.639801],[84.771619,43.639239],[84.770699,43.637979],[84.770113,43.637475],[84.759010,43.637131],[84.747368,43.634703],[84.734459,43.632714],[84.721213,43.631166],[84.708541,43.631683],[84.698954,43.635672],[84.690305,43.639670],[84.667562,43.649639],[84.658269,43.654082],[84.643625,43.656842],[84.635416,43.656041],[84.619568,43.656965],[84.605245,43.661118],[84.597754,43.669486],[84.597797,43.680015],[84.603204,43.690613],[84.606126,43.693651],[84.606493,43.693732],[84.607189,43.694007],[84.610806,43.695861],[84.612654,43.696986],[84.613171,43.697638],[84.613621,43.698649],[84.614347,43.699710],[84.614335,43.701227],[84.614473,43.701574],[84.615390,43.702520],[84.616402,43.703009],[84.617163,43.703783],[84.617577,43.704356],[84.618034,43.705500],[84.618364,43.705987],[84.618491,43.706416],[84.618332,43.707116],[84.618127,43.707509],[84.618055,43.708500],[84.618501,43.709902],[84.618459,43.710541],[84.618848,43.711466],[84.619127,43.711863],[84.619877,43.712576],[84.620448,43.712939],[84.622058,43.713862],[84.623672,43.714570],[84.624873,43.714714],[84.626462,43.714455],[84.629140,43.714541],[84.630901,43.715187],[84.631431,43.715617],[84.631941,43.716253],[84.631813,43.717502],[84.632220,43.718388],[84.633080,43.718845],[84.634443,43.719404],[84.634830,43.719699],[84.634797,43.720164],[84.634299,43.722161],[84.634260,43.722785],[84.634393,43.723421],[84.634404,43.724125],[84.634534,43.724679],[84.635098,43.725298],[84.635781,43.725763],[84.634079,43.726051],[84.633587,43.726271],[84.633096,43.726653],[84.632667,43.727440],[84.630203,43.729440],[84.629004,43.729801],[84.628404,43.729816],[84.626738,43.729473],[84.624524,43.728710],[84.622354,43.727627],[84.621955,43.727603],[84.620156,43.729312],[84.618988,43.730263],[84.618214,43.730480],[84.617785,43.730739],[84.616958,43.730945],[84.616380,43.731266],[84.612693,43.732251],[84.611461,43.732370],[84.609098,43.732215],[84.607941,43.732026],[84.606281,43.730820],[84.605506,43.730812],[84.604736,43.730929],[84.601652,43.731831],[84.598669,43.732234],[84.596338,43.732300],[84.595668,43.732444],[84.593723,43.733307],[84.593055,43.733991],[84.592266,43.734280],[84.590640,43.734683],[84.589913,43.734969],[84.588018,43.735250],[84.584679,43.736335],[84.582771,43.736212],[84.581498,43.736243],[84.578432,43.736588],[84.577065,43.736879],[84.576252,43.737219],[84.575546,43.737787],[84.574848,43.738505],[84.574350,43.738774],[84.573547,43.739586],[84.573446,43.739857],[84.572952,43.740489],[84.572192,43.741237],[84.571061,43.741616],[84.569154,43.742512],[84.568494,43.743090],[84.567914,43.743860],[84.567683,43.744730],[84.567682,43.745233],[84.567389,43.745624],[84.565880,43.746348],[84.563770,43.746874],[84.563101,43.746942],[84.560444,43.746939],[84.556768,43.747233],[84.555668,43.747422],[84.554664,43.748027],[84.553961,43.748754],[84.553782,43.749284],[84.553392,43.749985],[84.553221,43.750980],[84.552979,43.751077],[84.552543,43.751064],[84.551375,43.750644],[84.549235,43.750116],[84.547344,43.750025],[84.546402,43.750100],[84.545154,43.749852],[84.544020,43.749558],[84.543416,43.749317],[84.542786,43.748908],[84.539147,43.747571],[84.536274,43.747339],[84.534909,43.747599],[84.533730,43.747970],[84.533248,43.748323],[84.532581,43.748465],[84.532096,43.748758],[84.530704,43.749256],[84.530047,43.749294],[84.529588,43.749155],[84.528858,43.749101],[84.527772,43.749184],[84.527342,43.749065],[84.526763,43.749039],[84.526073,43.749157],[84.525333,43.749491],[84.523539,43.749766],[84.522851,43.749659],[84.521749,43.749176],[84.520576,43.748948],[84.518953,43.749607],[84.517080,43.750149],[84.515398,43.750508],[84.514740,43.750803],[84.513622,43.751233],[84.512190,43.752185],[84.511306,43.752218],[84.508485,43.751641],[84.507217,43.751245],[84.504558,43.750187],[84.503709,43.749701],[84.503288,43.749180],[84.502756,43.748711],[84.501443,43.747852],[84.501232,43.747567],[84.501256,43.747129],[84.502019,43.746588],[84.502739,43.745925],[84.503055,43.745391],[84.503186,43.744913],[84.502819,43.744239],[84.500416,43.741976],[84.499904,43.741015],[84.499938,43.740511],[84.500203,43.739948],[84.500231,43.739721],[84.500114,43.739546],[84.499786,43.739405],[84.498788,43.739335],[84.495924,43.737890],[84.493932,43.736574],[84.492161,43.734686],[84.490150,43.734890],[84.487836,43.734790],[84.486960,43.734847],[84.486812,43.735221],[84.486753,43.736408],[84.486499,43.736894],[84.486222,43.736990],[84.485817,43.736969],[84.484589,43.736328],[84.483933,43.736290],[84.483081,43.736450],[84.481933,43.737113],[84.481714,43.737134],[84.481605,43.737145],[84.480899,43.737018],[84.479344,43.736475],[84.478153,43.735944],[84.475261,43.735064],[84.473690,43.735009],[84.471682,43.735588],[84.471238,43.735634],[84.470062,43.735493],[84.467837,43.734827],[84.466817,43.734725],[84.459368,43.735749],[84.458235,43.735804],[84.456032,43.735580],[84.453609,43.735119],[84.451073,43.734344],[84.450073,43.733732],[84.449508,43.733551],[84.449001,43.733519],[84.446164,43.734901],[84.443812,43.736383],[84.443361,43.736767],[84.442755,43.737530],[84.442287,43.737862],[84.440854,43.738431],[84.440438,43.738402],[84.439862,43.738259],[84.438828,43.737764],[84.436016,43.736772],[84.435142,43.736353],[84.434055,43.735661],[84.432671,43.734324],[84.431812,43.733691],[84.430630,43.733054],[84.428927,43.732495],[84.427494,43.732394],[84.424412,43.732622],[84.422920,43.732628],[84.417988,43.732465],[84.416528,43.732232],[84.414065,43.731622],[84.412040,43.731528],[84.408210,43.731741],[84.406102,43.731624],[84.405244,43.731419],[84.404115,43.731053],[84.403861,43.730927],[84.403662,43.730689],[84.403455,43.729958],[84.403611,43.728802],[84.403476,43.727881],[84.401863,43.725941],[84.401053,43.725599],[84.398285,43.725335],[84.396692,43.724849],[84.395121,43.724668],[84.394133,43.724675],[84.393467,43.724831],[84.391663,43.726149],[84.390585,43.726703],[84.389339,43.726955],[84.387631,43.727046],[84.386148,43.727785],[84.385163,43.728432],[84.384022,43.729343],[84.383049,43.730433],[84.382707,43.731285],[84.382619,43.731915],[84.382667,43.733302],[84.382409,43.733983],[84.382107,43.734205],[84.380673,43.734825],[84.375968,43.736287],[84.375082,43.736702],[84.373177,43.737903],[84.370610,43.738507],[84.368414,43.739331],[84.367270,43.739882],[84.366637,43.740276],[84.366268,43.740639],[84.365591,43.741635],[84.365003,43.742804],[84.364358,43.743403],[84.363916,43.743442],[84.361871,43.742517],[84.359044,43.740799],[84.357561,43.739584],[84.357158,43.739348],[84.356026,43.738867],[84.354260,43.738554],[84.353277,43.738155],[84.352976,43.737894],[84.352805,43.737418],[84.352174,43.736352],[84.351704,43.736007],[84.349050,43.734845],[84.345029,43.733432],[84.343324,43.732917],[84.342589,43.732549],[84.342224,43.732219],[84.341970,43.731804],[84.341447,43.730357],[84.340742,43.729199],[84.340438,43.728081],[84.340181,43.726631],[84.340036,43.726391],[84.339683,43.726251],[84.338973,43.726162],[84.337415,43.726142],[84.335088,43.726255],[84.334386,43.726170],[84.333547,43.725924],[84.332944,43.725616],[84.332271,43.724928],[84.331771,43.724595],[84.331441,43.724500],[84.326075,43.723905],[84.323735,43.723413],[84.322631,43.722711],[84.321583,43.721806],[84.321003,43.721572],[84.320541,43.721560],[84.319796,43.721681],[84.318655,43.722023],[84.317673,43.722843],[84.317046,43.723165],[84.316022,43.723496],[84.315163,43.724207],[84.314079,43.726364],[84.313207,43.728680],[84.312577,43.731642],[84.312259,43.731743],[84.311392,43.731776],[84.308781,43.731490],[84.307562,43.731528],[84.306296,43.731951],[84.305161,43.732555],[84.304120,43.732723],[84.298796,43.731677],[84.294990,43.730298],[84.293968,43.730094],[84.292053,43.730091],[84.290395,43.730264],[84.288515,43.730635],[84.287853,43.730876],[84.287789,43.731305],[84.287923,43.731606],[84.288587,43.732575],[84.289657,43.734450],[84.290310,43.735859],[84.290386,43.736437],[84.290265,43.737372],[84.289965,43.737797],[84.289494,43.738139],[84.287109,43.739229],[84.286401,43.739478],[84.283525,43.739864],[84.282051,43.740213],[84.281517,43.740462],[84.281219,43.740965],[84.281326,43.741697],[84.282504,43.745340],[84.282511,43.745700],[84.280750,43.747364],[84.279371,43.749199],[84.279467,43.749668],[84.279950,43.750395],[84.280876,43.751624],[84.282088,43.752826],[84.282338,43.753227],[84.282437,43.753942],[84.282461,43.754326],[84.282243,43.755124],[84.280794,43.757270],[84.280001,43.758873],[84.280099,43.759185],[84.280727,43.759575],[84.281018,43.759891],[84.281273,43.760583],[84.281439,43.762167],[84.281416,43.763063],[84.281558,43.764246],[84.281567,43.765259],[84.281521,43.765817],[84.281159,43.766519],[84.279771,43.768231],[84.278671,43.769065],[84.277794,43.769539],[84.276834,43.769891],[84.275181,43.770378],[84.274098,43.770552],[84.272050,43.770242],[84.270480,43.769862],[84.268317,43.770410],[84.266558,43.771101],[84.266198,43.771422],[84.265671,43.772270],[84.265356,43.773999],[84.264699,43.775380],[84.264177,43.776167],[84.263695,43.776560],[84.262234,43.777295],[84.260345,43.778044],[84.258665,43.778483],[84.257628,43.778898],[84.257016,43.779244],[84.256676,43.779545],[84.255832,43.780671],[84.255012,43.782404],[84.254402,43.784506],[84.254137,43.784984],[84.253844,43.785273],[84.251548,43.786049],[84.249866,43.786325],[84.246514,43.786424],[84.243416,43.786234],[84.242886,43.786071],[84.242620,43.785695],[84.241487,43.783280],[84.240678,43.780916],[84.240075,43.779827],[84.238550,43.778895],[84.237546,43.778471],[84.234602,43.777549],[84.233153,43.777004],[84.230826,43.775458],[84.229523,43.774271],[84.226729,43.773919],[84.225335,43.773569],[84.224464,43.773556],[84.222917,43.775421],[84.221876,43.776246],[84.220641,43.776990],[84.218926,43.777569],[84.217313,43.777894],[84.215588,43.778615],[84.212777,43.779510],[84.210408,43.780062],[84.209671,43.780015],[84.208660,43.779637],[84.208475,43.779426],[84.208539,43.778574],[84.208348,43.778285],[84.206251,43.777655],[84.204662,43.777339],[84.203955,43.777338],[84.201560,43.777732],[84.198958,43.777696],[84.198308,43.777766],[84.197842,43.777884],[84.193137,43.779925],[84.192349,43.780139],[84.191292,43.780245],[84.189972,43.780054],[84.188654,43.780045],[84.184144,43.782157],[84.184413,43.784714],[84.184259,43.784844],[84.179980,43.786281],[84.177516,43.787715],[84.177209,43.787991],[84.175791,43.789862],[84.175141,43.791044],[84.174138,43.792555],[84.173906,43.792774],[84.173600,43.793539],[84.173492,43.794602],[84.173321,43.795099],[84.173261,43.795227],[84.173006,43.795333],[84.169645,43.795777],[84.163736,43.795714],[84.162041,43.796261],[84.159526,43.797808],[84.158552,43.798147],[84.155631,43.798500],[84.154768,43.798667],[84.154310,43.798883],[84.153741,43.799005],[84.152155,43.799679],[84.149268,43.801259],[84.146881,43.801670],[84.144252,43.801787],[84.143319,43.802032],[84.142541,43.802452],[84.141822,43.803220],[84.141161,43.804212],[84.140144,43.805161],[84.139229,43.805831],[84.137104,43.807020],[84.135018,43.807854],[84.134326,43.808052],[84.132856,43.808125],[84.131508,43.808038],[84.130681,43.807719],[84.129288,43.805179],[84.128515,43.804184],[84.127949,43.803521],[84.127266,43.802925],[84.126503,43.802483],[84.125503,43.802255],[84.123505,43.802067],[84.122620,43.801828],[84.121606,43.801851],[84.121115,43.802310],[84.120825,43.802909],[84.120056,43.803938],[84.119056,43.804807],[84.118325,43.805303],[84.117764,43.805491],[84.117143,43.805512],[84.115670,43.805097],[84.114734,43.804983],[84.113841,43.805454],[84.112292,43.806944],[84.112126,43.807233],[84.112100,43.807470],[84.112087,43.807749],[84.112189,43.808009],[84.113385,43.809124],[84.114049,43.811070],[84.114310,43.812224],[84.114447,43.814080],[84.113907,43.814240],[84.112155,43.814370],[84.111230,43.814717],[84.107957,43.815563],[84.106995,43.815959],[84.106105,43.816208],[84.104957,43.816235],[84.104110,43.816088],[84.103686,43.816015],[84.103469,43.815866],[84.102582,43.815895],[84.102124,43.816224],[84.100273,43.816903],[84.098430,43.817282],[84.097549,43.817323],[84.095877,43.817623],[84.094903,43.817658],[84.093868,43.817905],[84.092986,43.818003],[84.089265,43.819560],[84.089216,43.819722],[84.089696,43.820378],[84.089798,43.821135],[84.089709,43.821697],[84.088675,43.822815],[84.087540,43.823641],[84.085004,43.825038],[84.084446,43.825564],[84.084122,43.826625],[84.084219,43.826979],[84.084435,43.827233],[84.085758,43.828218],[84.088294,43.829784],[84.089131,43.830467],[84.089685,43.831446],[84.089998,43.832349],[84.090627,43.833014],[84.092002,43.833515],[84.096066,43.834216],[84.098854,43.835305],[84.101253,43.836358],[84.104505,43.837621],[84.104869,43.837910],[84.104854,43.838301],[84.104647,43.838743],[84.103807,43.839755],[84.101020,43.841313],[84.100912,43.841605],[84.102861,43.843572],[84.104010,43.844265],[84.105731,43.844823],[84.106346,43.845164],[84.108083,43.846684],[84.109400,43.848008],[84.110978,43.848981],[84.111531,43.849250],[84.112152,43.849421],[84.113588,43.849461],[84.114124,43.849561],[84.114255,43.849790],[84.114189,43.851623],[84.114347,43.853576],[84.114811,43.854333],[84.114801,43.854552],[84.114434,43.854740],[84.113717,43.854851],[84.112658,43.854693],[84.111602,43.854812],[84.109565,43.855292],[84.107190,43.856150],[84.106388,43.856330],[84.105624,43.856385],[84.103061,43.856456],[84.099088,43.855777],[84.098243,43.855754],[84.096691,43.855496],[84.095321,43.855497],[84.093417,43.855840],[84.090628,43.855650],[84.089527,43.855704],[84.088984,43.855897],[84.088821,43.856052],[84.088087,43.857801],[84.087841,43.859052],[84.087540,43.859672],[84.086041,43.862192],[84.085578,43.862783],[84.085007,43.863217],[84.084825,43.863531],[84.084848,43.864953],[84.083870,43.867436],[84.082872,43.868857],[84.082451,43.869230],[84.082150,43.869729],[84.081069,43.870586],[84.080505,43.870826],[84.080001,43.871220],[84.080913,43.871753],[84.081752,43.872609],[84.083273,43.874709],[84.082816,43.875362],[84.082065,43.876011],[84.080877,43.876449],[84.079036,43.877310],[84.078363,43.877444],[84.077033,43.877884],[84.075251,43.878825],[84.074731,43.879371],[84.074540,43.879703],[84.074099,43.881095],[84.073704,43.881677],[84.073204,43.882128],[84.072126,43.882549],[84.070869,43.882718],[84.069091,43.883284],[84.067867,43.883530],[84.067502,43.883701],[84.066072,43.884828],[84.064416,43.885749],[84.061594,43.886272],[84.059356,43.886153],[84.058529,43.885387],[84.057053,43.884582],[84.055678,43.884069],[84.055020,43.884056],[84.043981,43.881546],[84.036731,43.879797],[84.030037,43.879888],[84.026790,43.881879],[84.017681,43.887643],[84.002954,43.892171],[84.000472,43.893308],[83.997912,43.895968],[83.996283,43.898575],[83.996170,43.898722],[83.993801,43.901920],[83.993444,43.902240],[83.990326,43.905085],[83.987322,43.907379],[83.983873,43.910019],[83.980834,43.911329],[83.980138,43.911423],[83.975184,43.912099],[83.972555,43.912005],[83.967515,43.911831],[83.965174,43.910819],[83.962702,43.908666],[83.962624,43.908579],[83.959779,43.905580],[83.956934,43.902576],[83.953584,43.901823],[83.948775,43.900742],[83.944637,43.901177],[83.939663,43.901702],[83.939038,43.901905],[83.934440,43.903373],[83.931191,43.904727],[83.926848,43.906548],[83.926631,43.906730],[83.923357,43.909490],[83.921603,43.910512],[83.917687,43.912786],[83.914589,43.914841],[83.910883,43.917294],[83.908038,43.920204],[83.907483,43.920898],[83.904967,43.924043],[83.904594,43.924997],[83.903232,43.928488],[83.903024,43.929330],[83.902703,43.930616],[83.905698,43.931076],[83.909346,43.932450],[83.910746,43.933098],[83.912485,43.934072],[83.912776,43.934675],[83.912728,43.934938],[83.912466,43.935338],[83.911807,43.935863],[83.911080,43.936230],[83.908855,43.936817],[83.908289,43.937118],[83.906648,43.939452],[83.906173,43.940011],[83.905747,43.940357],[83.904520,43.940766],[83.903343,43.940970],[83.902816,43.941318],[83.902493,43.941905],[83.902279,43.943097],[83.901876,43.944577],[83.902000,43.946018],[83.902185,43.946761],[83.900460,43.947227],[83.899357,43.947658],[83.897595,43.947928],[83.895916,43.947922],[83.895069,43.947732],[83.894256,43.947913],[83.893599,43.948258],[83.893261,43.948339],[83.892578,43.948312],[83.891785,43.948406],[83.890889,43.948726],[83.888290,43.950159],[83.887897,43.950470],[83.886954,43.951541],[83.886168,43.952760],[83.885996,43.952882],[83.885743,43.952782],[83.885490,43.952307],[83.885076,43.952069],[83.884501,43.951794],[83.883360,43.951490],[83.881807,43.951334],[83.880592,43.951532],[83.879097,43.951271],[83.877346,43.951108],[83.876177,43.950882],[83.873478,43.949924],[83.872529,43.949833],[83.870464,43.949917],[83.869070,43.950172],[83.865702,43.951148],[83.864428,43.951792],[83.862220,43.952244],[83.858753,43.953133],[83.857967,43.953078],[83.857131,43.952760],[83.854719,43.951380],[83.853844,43.950998],[83.853224,43.950548],[83.852892,43.950069],[83.853191,43.949033],[83.853046,43.947665],[83.852798,43.947089],[83.852470,43.946549],[83.851884,43.946056],[83.850981,43.945644],[83.850453,43.945527],[83.849773,43.945574],[83.849224,43.945851],[83.848399,43.947065],[83.848148,43.947597],[83.847562,43.948193],[83.844354,43.949382],[83.843478,43.949596],[83.842942,43.949821],[83.842099,43.949989],[83.841356,43.949675],[83.839010,43.947835],[83.836323,43.945570],[83.834375,43.943606],[83.833174,43.942835],[83.831289,43.941401],[83.829098,43.940063],[83.828130,43.939298],[83.827843,43.939263],[83.822895,43.938673],[83.820274,43.938591],[83.815265,43.938436],[83.813022,43.938566],[83.808022,43.938860],[83.804638,43.939742],[83.803487,43.940243],[83.799194,43.942115],[83.794977,43.944194],[83.794095,43.944785],[83.790398,43.947245],[83.786708,43.949704],[83.785834,43.950213],[83.781937,43.952494],[83.778800,43.952905],[83.775578,43.952404],[83.771886,43.950551],[83.769529,43.949316],[83.767128,43.947622],[83.763504,43.946453],[83.760209,43.945265],[83.759038,43.945110],[83.754086,43.944468],[83.749349,43.944732],[83.748620,43.944858],[83.743743,43.945733],[83.743118,43.945928],[83.738517,43.947392],[83.735036,43.949289],[83.731007,43.951468],[83.729921,43.952387],[83.726646,43.955142],[83.725587,43.956650],[83.723337,43.959897],[83.720469,43.962799],[83.718453,43.964229],[83.714856,43.966765],[83.711831,43.968305],[83.708206,43.970100],[83.704772,43.970745],[83.702686,43.971999],[83.698399,43.973601],[83.696294,43.974547],[83.692016,43.976466],[83.691741,43.976511],[83.691465,43.976748],[83.690349,43.978030],[83.689859,43.978419],[83.689009,43.979339],[83.688568,43.980330],[83.688257,43.981506],[83.688035,43.981711],[83.687654,43.981846],[83.687187,43.981822],[83.686816,43.981652],[83.686500,43.981166],[83.686159,43.980227],[83.685688,43.979337],[83.685356,43.978930],[83.682744,43.976452],[83.681468,43.974979],[83.679590,43.973091],[83.677811,43.972351],[83.677311,43.972253],[83.676982,43.972275],[83.676273,43.972555],[83.674918,43.972863],[83.672087,43.973306],[83.670796,43.972730],[83.669506,43.972154],[83.667913,43.971111],[83.666437,43.970385],[83.666049,43.970103],[83.665334,43.969205],[83.665001,43.968968],[83.662755,43.968521],[83.662227,43.968244],[83.660486,43.967615],[83.659850,43.967239],[83.659404,43.967174],[83.658376,43.967544],[83.654991,43.967896],[83.651536,43.967593],[83.649444,43.967261],[83.648740,43.967227],[83.648225,43.967075],[83.646990,43.966326],[83.646458,43.966271],[83.642420,43.969026],[83.640372,43.970871],[83.640088,43.971035],[83.639822,43.971062],[83.636568,43.969434],[83.634752,43.968858],[83.633251,43.968946],[83.631736,43.968688],[83.630821,43.968809],[83.630109,43.968684],[83.628697,43.968013],[83.626008,43.966191],[83.624418,43.965458],[83.623714,43.965270],[83.621140,43.965603],[83.619638,43.966279],[83.615373,43.968206],[83.614514,43.968709],[83.610588,43.970979],[83.608175,43.972254],[83.605909,43.974157],[83.602629,43.976911],[83.601275,43.978559],[83.598716,43.981686],[83.596157,43.984810],[83.594231,43.987178],[83.591673,43.990306],[83.589123,43.993439],[83.587649,43.995808],[83.585595,43.999122],[83.584875,44.001044],[83.580334,44.005515],[83.577422,44.007283],[83.574832,44.008834],[83.571912,44.010373],[83.568725,44.010998],[83.563028,44.011119],[83.557644,44.011016],[83.550738,44.009743],[83.545169,44.009320],[83.543902,44.009415],[83.542122,44.009299],[83.541801,44.009147],[83.540907,44.008289],[83.540637,44.008149],[83.539977,44.007987],[83.539112,44.007983],[83.537895,44.007774],[83.534893,44.006859],[83.533078,44.005911],[83.531963,44.005044],[83.530897,44.004390],[83.529994,44.004054],[83.526431,44.002207],[83.525702,44.001933],[83.524976,44.001819],[83.521853,44.002020],[83.521111,44.001924],[83.520067,44.001935],[83.519437,44.002194],[83.518501,44.003136],[83.518128,44.003358],[83.517749,44.003416],[83.516864,44.003251],[83.516338,44.003270],[83.515250,44.003851],[83.514843,44.003861],[83.514322,44.003745],[83.512336,44.002362],[83.510761,44.002242],[83.509524,44.002285],[83.508981,44.002372],[83.508437,44.002460],[83.507540,44.002328],[83.506526,44.002010],[83.505847,44.001582],[83.505276,44.001087],[83.502868,44.001007],[83.500506,44.001641],[83.500178,44.001805],[83.500063,44.002087],[83.499993,44.004681],[83.499654,44.005935],[83.499702,44.006533],[83.499867,44.007051],[83.500220,44.007700],[83.501072,44.008848],[83.501678,44.009250],[83.502061,44.009803],[83.502418,44.010532],[83.502506,44.011108],[83.502362,44.011615],[83.502330,44.012179],[83.501980,44.012873],[83.502526,44.014110],[83.502498,44.015070],[83.502665,44.016025],[83.502631,44.017243],[83.502755,44.018168],[83.502735,44.022349],[83.502355,44.023011],[83.501804,44.023538],[83.500983,44.023794],[83.499369,44.024068],[83.497781,44.024582],[83.496256,44.025155],[83.495536,44.025605],[83.493299,44.026408],[83.492321,44.026634],[83.491180,44.027275],[83.491048,44.028219],[83.490678,44.029397],[83.490157,44.030356],[83.489281,44.030913],[83.487160,44.031984],[83.485645,44.032514],[83.485102,44.032933],[83.484047,44.034246],[83.482681,44.035020],[83.480761,44.035761],[83.479230,44.036090],[83.476947,44.036779],[83.474223,44.036733],[83.468898,44.036907],[83.468934,44.037776],[83.469098,44.038668],[83.469119,44.038685],[83.470117,44.039580],[83.471876,44.042146],[83.471845,44.042836],[83.471011,44.043667],[83.470921,44.044071],[83.471753,44.045554],[83.471823,44.046397],[83.471626,44.046715],[83.470353,44.048114],[83.469810,44.049377],[83.469120,44.050492],[83.468471,44.051343],[83.467872,44.051765],[83.467156,44.051810],[83.464799,44.052211],[83.464199,44.052373],[83.463890,44.052658],[83.463656,44.055041],[83.463696,44.055446],[83.463470,44.055899],[83.463425,44.056238],[83.463504,44.057283],[83.463934,44.058101],[83.463842,44.058973],[83.463604,44.059713],[83.463639,44.061386],[83.463477,44.062850],[83.463510,44.063652],[83.464403,44.064906],[83.464798,44.066282],[83.464429,44.066957],[83.464361,44.067814],[83.464412,44.069644],[83.464195,44.070342],[83.463246,44.071412],[83.462850,44.072125],[83.461628,44.072427],[83.460640,44.072521],[83.459619,44.072926],[83.458262,44.073196],[83.456504,44.073717],[83.455360,44.074286],[83.453982,44.074631],[83.452614,44.075177],[83.449830,44.075994],[83.448502,44.076490],[83.448416,44.078630],[83.447541,44.084547],[83.448580,44.090279],[83.448277,44.097805],[83.447740,44.103280],[83.447204,44.108746],[83.445965,44.115800],[83.445411,44.121730],[83.443627,44.126491],[83.442207,44.130341],[83.439765,44.136005],[83.434783,44.141382],[83.430130,44.146536],[83.424826,44.151911],[83.420525,44.155926],[83.413803,44.164921],[83.412042,44.168991],[83.411842,44.174012],[83.411998,44.177899],[83.413109,44.181802],[83.415729,44.187796],[83.419927,44.194053],[83.423248,44.198466],[83.427504,44.203121],[83.432365,44.208702],[83.435277,44.215383],[83.437876,44.221834],[83.438637,44.226422],[83.437840,44.230514],[83.437381,44.233928],[83.434392,44.237068],[83.431160,44.241388],[83.428903,44.241927],[83.426210,44.242966],[83.422425,44.246023],[83.421645,44.246759],[83.421444,44.247295],[83.421531,44.247698],[83.422816,44.248675],[83.424871,44.249526],[83.426619,44.249775],[83.429605,44.250713],[83.430378,44.251236],[83.430836,44.251826],[83.432608,44.252656],[83.435346,44.252729],[83.440177,44.251792],[83.440663,44.251628],[83.442123,44.251477],[83.445331,44.252459],[83.446568,44.253165],[83.448428,44.253882],[83.448843,44.254278],[83.449052,44.254788],[83.448453,44.255334],[83.447606,44.257297],[83.447055,44.258991],[83.446560,44.259779],[83.444510,44.261280],[83.443824,44.261988],[83.442261,44.263080],[83.441393,44.263945],[83.440519,44.266085],[83.440311,44.267011],[83.440297,44.268371],[83.440046,44.269678],[83.439443,44.270156],[83.437415,44.274494],[83.437363,44.274706],[83.437713,44.274994],[83.438711,44.275740],[83.441004,44.276963],[83.441425,44.277511],[83.441606,44.278199],[83.441460,44.279191],[83.440096,44.281410],[83.439827,44.282259],[83.439900,44.282639],[83.441058,44.283685],[83.442518,44.285197],[83.443964,44.285802],[83.444947,44.285878],[83.445650,44.286028],[83.447327,44.286564],[83.448116,44.287718],[83.448384,44.287993],[83.449300,44.288596],[83.452567,44.289567],[83.453550,44.290034],[83.454152,44.290155],[83.455949,44.290206],[83.456108,44.290354],[83.456457,44.291131],[83.456699,44.291886],[83.456728,44.293136],[83.456866,44.293648],[83.457485,44.294148],[83.458467,44.294615],[83.459783,44.294964],[83.460444,44.295328],[83.461550,44.295699],[83.463989,44.296249],[83.464673,44.296900],[83.465435,44.298022],[83.466743,44.299021],[83.468089,44.299233],[83.469669,44.299170],[83.470069,44.299211],[83.470546,44.299393],[83.471842,44.301791],[83.472229,44.302208],[83.473242,44.302314],[83.473752,44.302602],[83.474788,44.303539],[83.474953,44.303848],[83.474965,44.304118],[83.474325,44.305097],[83.474265,44.305901],[83.474657,44.307141],[83.475719,44.308163],[83.477136,44.309227],[83.477734,44.309508],[83.479624,44.309571],[83.479946,44.309673],[83.480104,44.309830],[83.480184,44.310917],[83.480273,44.311050],[83.480496,44.311070],[83.481858,44.310276],[83.482760,44.310254],[83.483606,44.310588],[83.484645,44.311609],[83.484954,44.312278],[83.486481,44.314006],[83.486861,44.314976],[83.486882,44.315465],[83.486785,44.315941],[83.486606,44.316149],[83.486386,44.316778],[83.486316,44.317339],[83.486159,44.317502],[83.483934,44.318403],[83.483400,44.318821],[83.482311,44.320251],[83.480942,44.320866],[83.478992,44.321902],[83.478093,44.322566],[83.476805,44.323722],[83.476309,44.324494],[83.476307,44.325001],[83.476616,44.325939],[83.477372,44.326901],[83.477938,44.327825],[83.478860,44.328961],[83.480651,44.330419],[83.481886,44.331678],[83.483665,44.333166],[83.485595,44.334940],[83.487686,44.336400],[83.489071,44.337179],[83.489865,44.337774],[83.490845,44.338789],[83.491406,44.339553],[83.491801,44.340596],[83.491890,44.341313],[83.491867,44.342159],[83.491720,44.342837],[83.491271,44.343312],[83.489344,44.344748],[83.487797,44.346527],[83.487455,44.347333],[83.486973,44.349791],[83.486537,44.351086],[83.486084,44.351981],[83.485753,44.354100],[83.485570,44.354526],[83.485543,44.354899],[83.486443,44.355794],[83.486494,44.355894],[83.486000,44.356247],[83.486532,44.356432],[83.486934,44.356908],[83.487208,44.357853],[83.487535,44.362613],[83.487938,44.363079],[83.489974,44.367347],[83.492244,44.369710],[83.494135,44.372550],[83.496536,44.374335],[83.497341,44.375286],[83.497349,44.375763],[83.498686,44.377178],[83.502666,44.378382],[83.505750,44.381688],[83.505758,44.382164],[83.506418,44.382534],[83.508310,44.389611],[83.508720,44.390636],[83.509548,44.391928],[83.512047,44.394870],[83.512942,44.395809],[83.517644,44.399532],[83.523243,44.405239],[83.528235,44.408668],[83.528918,44.409218],[83.530727,44.411071],[83.530864,44.411544],[83.531267,44.412020],[83.531571,44.414873],[83.529755,44.419596],[83.529131,44.420511],[83.527977,44.423427],[83.526463,44.425885],[83.524899,44.428722],[83.524579,44.429619],[83.522687,44.433518],[83.519710,44.437828],[83.518790,44.442538],[83.517347,44.444913],[83.516558,44.449683],[83.515919,44.451669],[83.515630,44.455859],[83.515895,44.459766],[83.516860,44.462611],[83.517646,44.467553],[83.521533,44.466860],[83.526855,44.465911],[83.537680,44.463604],[83.545332,44.461520],[83.546999,44.461529],[83.551171,44.462069],[83.555570,44.462498],[83.557337,44.462530],[83.560531,44.462192],[83.569203,44.462099],[83.573485,44.462121],[83.576925,44.462322],[83.581720,44.462375],[83.582180,44.462456],[83.582476,44.462768],[83.587378,44.463746],[83.592216,44.463754],[83.594821,44.463625],[83.598153,44.463155],[83.599463,44.462783],[83.601279,44.462743],[83.602852,44.462912],[83.605445,44.463542],[83.607277,44.464103],[83.608788,44.464361],[83.610933,44.465269],[83.613194,44.465680],[83.616412,44.465789],[83.620040,44.466309],[83.621462,44.466745],[83.624992,44.468073],[83.625728,44.468224],[83.629902,44.468403],[83.630594,44.468821],[83.631740,44.470147],[83.632391,44.471375],[83.633096,44.472330],[83.633906,44.473380],[83.635863,44.475599],[83.635969,44.475864],[83.637049,44.475471],[83.639348,44.474826],[83.644575,44.474201],[83.660006,44.472046],[83.667048,44.471114],[83.683230,44.468971],[83.719299,44.464195],[83.723992,44.463573],[83.730122,44.463228],[83.750052,44.461835],[83.752820,44.461741],[83.755640,44.462036],[83.793340,44.466780],[83.793464,44.475754],[83.793363,44.477572],[83.793419,44.480250],[83.793952,44.482045],[83.794201,44.484057],[83.794767,44.485563],[83.795530,44.487241],[83.796318,44.488691],[83.797922,44.490973],[83.798512,44.492233],[83.798589,44.492612],[83.798101,44.495218],[83.798100,44.495937],[83.797394,44.496935],[83.796280,44.497792],[83.795810,44.498294],[83.794647,44.500135],[83.793994,44.501411],[83.794017,44.503368],[83.793423,44.504457],[83.792633,44.505237],[83.792645,44.506078],[83.792067,44.506728],[83.791992,44.506990],[83.792011,44.507415],[83.792353,44.507864],[83.792135,44.508192],[83.792037,44.508569],[83.791663,44.508922],[83.792076,44.509680],[83.792049,44.510014],[83.791806,44.510405],[83.792012,44.511086],[83.791864,44.511318],[83.791350,44.511498],[83.791630,44.511896],[83.791126,44.512273],[83.791545,44.512543],[83.791594,44.512667],[83.791133,44.513032],[83.791049,44.513398],[83.791181,44.513738],[83.791842,44.514511],[83.791802,44.514887],[83.792220,44.515157],[83.792042,44.515369],[83.792186,44.515949],[83.791925,44.519447],[83.791857,44.520376],[83.790418,44.521816],[83.789102,44.522399],[83.787267,44.523750],[83.784284,44.527586],[83.782967,44.528169],[83.781642,44.528283],[83.779662,44.529062],[83.778231,44.530502],[83.776936,44.532415],[83.775916,44.534807],[83.775809,44.536240],[83.775402,44.536745],[83.775391,44.536963],[83.772993,44.537926],[83.771339,44.538343],[83.768317,44.539955],[83.764826,44.542272],[83.764405,44.542701],[83.759300,44.546116],[83.752695,44.549833],[83.751903,44.550462],[83.748312,44.551078],[83.747517,44.551285],[83.746803,44.551780],[83.745427,44.552950],[83.748646,44.560037],[83.751019,44.565523],[83.752717,44.568947],[83.753114,44.570357],[83.754140,44.577231],[83.754532,44.578269],[83.755186,44.580753],[83.755269,44.581744],[83.755446,44.587498],[83.754966,44.590214],[83.755020,44.591117],[83.755306,44.592534],[83.756283,44.604412],[83.756443,44.612225],[83.757233,44.617437],[83.758223,44.622479],[83.759797,44.633250],[83.760484,44.634183],[83.762242,44.640948],[83.763278,44.643952],[83.763922,44.646161],[83.764454,44.648739],[83.765371,44.651181],[83.766037,44.653645],[83.766706,44.655517],[83.767279,44.656758],[83.767821,44.658363],[83.768224,44.659227],[83.771314,44.667601],[83.771479,44.668238],[83.771362,44.669895],[83.771472,44.672191],[83.772425,44.676570],[83.772919,44.677749],[83.773828,44.678952],[83.774090,44.679991],[83.774850,44.681301],[83.776373,44.684483],[83.777054,44.686359],[83.778537,44.689922],[83.781580,44.695955],[83.781964,44.697306],[83.782565,44.698744],[83.783004,44.699536],[83.785960,44.703737],[83.789852,44.711911],[83.790802,44.713492],[83.793358,44.717230],[83.794473,44.719508],[83.794560,44.721331],[83.795122,44.723176],[83.795965,44.729172],[83.797304,44.732535],[83.798248,44.734344],[83.798942,44.736630],[83.798951,44.737429],[83.798610,44.738679],[83.798378,44.740240],[83.798146,44.745258],[83.797502,44.748089],[83.797357,44.749504],[83.796699,44.752783],[83.796414,44.753456],[83.796308,44.753971],[83.796361,44.754542],[83.796286,44.754995],[83.796007,44.755269],[83.795600,44.755402],[83.795396,44.755569],[83.795366,44.755779],[83.795765,44.756839],[83.795965,44.757118],[83.796715,44.757292],[83.797497,44.757318],[83.797853,44.757601],[83.798086,44.758499],[83.797998,44.759617],[83.797437,44.760012],[83.796830,44.760053],[83.796792,44.758900],[83.796573,44.758648],[83.795853,44.758320],[83.795434,44.758344],[83.795053,44.758523],[83.794874,44.758751],[83.794917,44.759016],[83.795114,44.759214],[83.796040,44.759258],[83.796142,44.759399],[83.796060,44.759659],[83.795802,44.759834],[83.794820,44.759970],[83.792582,44.759558],[83.792082,44.759614],[83.791241,44.760083],[83.790760,44.760176],[83.789807,44.760154],[83.789139,44.760294],[83.788761,44.760561],[83.788117,44.761808],[83.788104,44.762894],[83.788578,44.763283],[83.789255,44.763321],[83.790080,44.763625],[83.790263,44.764110],[83.790214,44.764695],[83.789790,44.764976],[83.788882,44.764674],[83.788204,44.764624],[83.787818,44.764334],[83.787263,44.763630],[83.786498,44.763607],[83.786420,44.763698],[83.786414,44.764547],[83.786186,44.764988],[83.786178,44.765191],[83.786830,44.765699],[83.787858,44.766154],[83.788152,44.766480],[83.788198,44.766703],[83.788083,44.767019],[83.787633,44.767377],[83.787370,44.767451],[83.786450,44.767530],[83.785862,44.767346],[83.785656,44.767005],[83.786257,44.766833],[83.786469,44.766680],[83.786510,44.766544],[83.785741,44.766441],[83.784974,44.766494],[83.784610,44.766427],[83.784402,44.766276],[83.784062,44.765736],[83.784516,44.765078],[83.784482,44.764740],[83.784324,44.764656],[83.783943,44.764855],[83.783498,44.765695],[83.783033,44.765876],[83.782102,44.765955],[83.781805,44.766072],[83.781214,44.767084],[83.781171,44.767778],[83.781375,44.768209],[83.781363,44.768589],[83.781200,44.768762],[83.779683,44.768864],[83.779540,44.769092],[83.779380,44.771289],[83.779215,44.771450],[83.778885,44.771471],[83.778299,44.771350],[83.777996,44.771223],[83.777609,44.770907],[83.777677,44.770115],[83.777531,44.770026],[83.775908,44.770515],[83.774856,44.770689],[83.774228,44.770658],[83.773979,44.770800],[83.773960,44.770999],[83.773663,44.771353],[83.772720,44.771579],[83.772687,44.771893],[83.772807,44.772160],[83.773430,44.772681],[83.773419,44.772825],[83.772061,44.773092],[83.771483,44.773624],[83.770649,44.773933],[83.770605,44.774022],[83.771191,44.774626],[83.771255,44.774979],[83.770873,44.775077],[83.769265,44.774498],[83.768954,44.774494],[83.768649,44.774614],[83.768203,44.775318],[83.767956,44.776290],[83.767967,44.776532],[83.768079,44.776650],[83.768557,44.776839],[83.770490,44.776887],[83.771194,44.777015],[83.771890,44.776931],[83.772296,44.776982],[83.772556,44.777090],[83.772735,44.777290],[83.772763,44.777870],[83.772670,44.778198],[83.772506,44.778307],[83.771370,44.778569],[83.770407,44.778487],[83.770022,44.778540],[83.769690,44.778880],[83.769969,44.779189],[83.771310,44.779452],[83.772059,44.779788],[83.772137,44.780196],[83.772050,44.780353],[83.771810,44.780492],[83.770187,44.780574],[83.769204,44.781384],[83.768427,44.781493],[83.767607,44.781369],[83.767299,44.781229],[83.767177,44.781088],[83.767133,44.780629],[83.766984,44.780229],[83.766473,44.779800],[83.766147,44.779697],[83.765695,44.779775],[83.765601,44.779905],[83.765623,44.780038],[83.766362,44.780738],[83.766377,44.781090],[83.766032,44.781271],[83.765502,44.781317],[83.765392,44.781244],[83.764862,44.780708],[83.764822,44.779859],[83.764073,44.779578],[83.763028,44.779768],[83.762898,44.779907],[83.763146,44.780247],[83.763121,44.780358],[83.762587,44.780341],[83.762322,44.780010],[83.761999,44.779806],[83.761479,44.779718],[83.760501,44.779965],[83.760076,44.780267],[83.759881,44.780517],[83.760130,44.780782],[83.761394,44.781051],[83.762617,44.780843],[83.763051,44.781035],[83.763608,44.781635],[83.763618,44.781856],[83.763091,44.782233],[83.762724,44.782254],[83.761636,44.781956],[83.761306,44.781980],[83.759179,44.782560],[83.758886,44.782402],[83.758876,44.782169],[83.759128,44.781699],[83.758815,44.781276],[83.757368,44.781157],[83.756275,44.781325],[83.755939,44.781617],[83.755391,44.781703],[83.754303,44.781661],[83.753746,44.781779],[83.751375,44.781687],[83.750710,44.781973],[83.750047,44.782079],[83.749384,44.782463],[83.748995,44.782941],[83.749010,44.783894],[83.748369,44.785799],[83.749195,44.786752],[83.751047,44.785969],[83.751589,44.786442],[83.752258,44.786633],[83.753074,44.787198],[83.751885,44.788064],[83.751612,44.787684],[83.750955,44.788167],[83.750285,44.788165],[83.748698,44.789130],[83.748690,44.788653],[83.747608,44.787716],[83.747204,44.787528],[83.746539,44.787724],[83.746142,44.788201],[83.745486,44.788586],[83.746417,44.788393],[83.745495,44.789350],[83.745502,44.789728],[83.744159,44.789166],[83.742695,44.789561],[83.742031,44.790044],[83.741909,44.790515],[83.741520,44.791001],[83.740719,44.791191],[83.740047,44.791198],[83.738727,44.791976],[83.738896,44.793880],[83.737705,44.794645],[83.736369,44.794658],[83.735690,44.794188],[83.735698,44.794566],[83.734363,44.794570],[83.733698,44.794964],[83.733309,44.795441],[83.734248,44.796004],[83.734919,44.796096],[83.735600,44.796566],[83.735720,44.795996],[83.736400,44.796368],[83.737735,44.796453],[83.738416,44.796834],[83.738956,44.797397],[83.738964,44.797874],[83.738705,44.798357],[83.736683,44.797513],[83.734942,44.797427],[83.734019,44.797818],[83.733095,44.798775],[83.732042,44.799546],[83.732187,44.800308],[83.733943,44.801338],[83.732614,44.802017],[83.731134,44.801169],[83.730324,44.801080],[83.729676,44.801941],[83.730371,44.803554],[83.730905,44.803739],[83.731698,44.803163],[83.732638,44.803159],[83.733723,44.804106],[83.732928,44.804494],[83.731860,44.804500],[83.730805,44.805362],[83.729357,44.806898],[83.730852,44.808222],[83.731669,44.809166],[83.731546,44.809646],[83.731822,44.810117],[83.730363,44.810987],[83.729028,44.811000],[83.728371,44.811474],[83.728355,44.810908],[83.727691,44.811193],[83.727027,44.811109],[83.726500,44.811589],[83.725828,44.811775],[83.725301,44.812255],[83.725576,44.812546],[83.725454,44.813017],[83.725859,44.813493],[83.725866,44.813970],[83.726141,44.814441],[83.725759,44.815593],[83.725362,44.815692],[83.723079,44.815321],[83.722675,44.815132],[83.722010,44.815138],[83.721750,44.815621],[83.721079,44.815816],[83.720819,44.816290],[83.720841,44.817243],[83.722476,44.819042],[83.721286,44.820005],[83.720620,44.819912],[83.719957,44.820197],[83.719283,44.820302],[83.717298,44.821553],[83.717176,44.822033],[83.716778,44.822510],[83.716786,44.822986],[83.716526,44.823460],[83.716031,44.825847],[83.715113,44.826804],[83.714036,44.826621],[83.712982,44.827481],[83.712997,44.828435],[83.712616,44.829388],[83.712623,44.829865],[83.712096,44.830345],[83.712104,44.830822],[83.711706,44.831308],[83.711989,44.832255],[83.712402,44.832732],[83.712417,44.833677],[83.711241,44.835116],[83.707252,44.837238],[83.705938,44.838671],[83.705815,44.839151],[83.705419,44.839628],[83.705311,44.841061],[83.705594,44.842009],[83.706832,44.843907],[83.706985,44.844858],[83.706596,44.845811],[83.705541,44.846770],[83.704876,44.847064],[83.703531,44.846788],[83.702193,44.846790],[83.700864,44.847566],[83.700871,44.847845],[83.702224,44.848697],[83.702897,44.848791],[83.704250,44.849544],[83.703859,44.850209],[83.702140,44.851651],[83.701842,44.853998],[83.700512,44.854252],[83.698899,44.854296],[83.697119,44.855253],[83.694436,44.857633],[83.694314,44.860714],[83.693236,44.862933],[83.692740,44.864249],[83.688451,44.865926],[83.687633,44.867006],[83.687296,44.868084],[83.686639,44.869115],[83.684690,44.870354],[83.684514,44.872005],[83.684896,44.873212],[83.682564,44.873307],[83.681188,44.873921],[83.681165,44.875236],[83.682294,44.876014],[83.683126,44.875909],[83.683359,44.876027],[83.684174,44.876276],[83.684351,44.876598],[83.684250,44.876879],[83.683818,44.877328],[83.683296,44.877626],[83.681925,44.877715],[83.681534,44.877377],[83.681236,44.876720],[83.681059,44.876635],[83.680804,44.876653],[83.680519,44.876938],[83.680251,44.877569],[83.680281,44.878207],[83.680080,44.878638],[83.679577,44.878949],[83.677639,44.879662],[83.677176,44.879964],[83.676731,44.880130],[83.675897,44.880114],[83.675577,44.880408],[83.674927,44.880638],[83.673894,44.880837],[83.673216,44.880873],[83.672932,44.880769],[83.672963,44.880409],[83.672892,44.880301],[83.672389,44.880367],[83.671621,44.880104],[83.671132,44.880115],[83.670116,44.880551],[83.669287,44.881025],[83.668630,44.881757],[83.668626,44.882438],[83.668823,44.882590],[83.669171,44.882629],[83.669816,44.882556],[83.670951,44.882612],[83.671073,44.882808],[83.669909,44.883530],[83.668168,44.883365],[83.667805,44.883372],[83.667528,44.883547],[83.667301,44.883806],[83.667334,44.884122],[83.667509,44.884440],[83.667519,44.884642],[83.667355,44.884958],[83.667402,44.885583],[83.667655,44.885903],[83.668190,44.886272],[83.668804,44.886550],[83.668934,44.887038],[83.668735,44.887490],[83.668428,44.887687],[83.668285,44.887677],[83.667762,44.887198],[83.667316,44.887085],[83.666299,44.888277],[83.665972,44.888420],[83.665694,44.888451],[83.665498,44.888320],[83.665160,44.887858],[83.665100,44.887580],[83.665417,44.886969],[83.665528,44.886663],[83.665491,44.886520],[83.665010,44.886285],[83.664572,44.885432],[83.664313,44.885260],[83.664031,44.885199],[83.663575,44.885251],[83.663251,44.885460],[83.662518,44.886617],[83.662287,44.886778],[83.661897,44.886842],[83.661006,44.886637],[83.660235,44.886307],[83.659386,44.886380],[83.659058,44.886501],[83.658100,44.887134],[83.657996,44.887360],[83.658074,44.887629],[83.658781,44.887982],[83.658883,44.888381],[83.658631,44.888733],[83.658243,44.888965],[83.656602,44.889529],[83.656048,44.889541],[83.655448,44.889173],[83.655192,44.888663],[83.655282,44.888293],[83.655792,44.887978],[83.655742,44.887679],[83.655595,44.887594],[83.654602,44.887488],[83.654051,44.887559],[83.652726,44.888395],[83.652059,44.888396],[83.651686,44.888180],[83.651183,44.887215],[83.650732,44.886979],[83.650319,44.886933],[83.649881,44.886998],[83.649420,44.887198],[83.649222,44.887696],[83.649191,44.888052],[83.648860,44.888372],[83.647780,44.888564],[83.646502,44.888490],[83.645424,44.889008],[83.645139,44.889416],[83.645088,44.889987],[83.644951,44.890379],[83.644036,44.891062],[83.643695,44.891146],[83.643171,44.891157],[83.641631,44.891461],[83.640464,44.891452],[83.640079,44.891367],[83.639876,44.891093],[83.639834,44.890828],[83.639500,44.890666],[83.638619,44.890820],[83.637030,44.891467],[83.635554,44.891601],[83.635076,44.891434],[83.634631,44.891084],[83.635138,44.890705],[83.635130,44.890528],[83.634903,44.890376],[83.634641,44.890255],[83.633778,44.890240],[83.633427,44.890117],[83.633080,44.889833],[83.632652,44.889698],[83.632224,44.889708],[83.631528,44.889989],[83.630906,44.889791],[83.630515,44.889821],[83.629877,44.890046],[83.629503,44.890067],[83.628848,44.889925],[83.628049,44.890031],[83.627758,44.890173],[83.627683,44.890880],[83.627132,44.891328],[83.626890,44.891489],[83.625746,44.891591],[83.625077,44.892446],[83.624841,44.892494],[83.623308,44.891623],[83.622800,44.891554],[83.622583,44.891626],[83.622318,44.892080],[83.622411,44.892682],[83.622042,44.893206],[83.621863,44.893848],[83.621515,44.894046],[83.620747,44.894173],[83.619876,44.895029],[83.618321,44.895503],[83.617341,44.895402],[83.616792,44.894696],[83.616550,44.894600],[83.616141,44.894643],[83.615849,44.894505],[83.615634,44.894206],[83.615591,44.893928],[83.615422,44.893742],[83.614548,44.893482],[83.613177,44.892093],[83.612536,44.891849],[83.612093,44.891783],[83.611388,44.891841],[83.610864,44.892089],[83.610378,44.892121],[83.609749,44.891747],[83.609510,44.891727],[83.607640,44.893100],[83.607081,44.893227],[83.606686,44.893176],[83.606023,44.892824],[83.604957,44.892915],[83.604840,44.893087],[83.604829,44.893890],[83.603968,44.893910],[83.603088,44.893651],[83.602550,44.893587],[83.601599,44.893697],[83.600476,44.893968],[83.600295,44.894175],[83.600066,44.895029],[83.600075,44.895498],[83.600281,44.895840],[83.600603,44.896125],[83.600689,44.896592],[83.600534,44.896976],[83.600668,44.897171],[83.601268,44.897563],[83.601602,44.897999],[83.601632,44.898257],[83.601452,44.898876],[83.602084,44.899590],[83.602490,44.900295],[83.602602,44.901053],[83.602476,44.902341],[83.602104,44.903592],[83.601302,44.904916],[83.601156,44.905490],[83.601277,44.906214],[83.602294,44.907019],[83.602338,44.907331],[83.602179,44.907614],[83.600455,44.908794],[83.598951,44.909982],[83.598748,44.910367],[83.599488,44.911491],[83.599588,44.911979],[83.599542,44.912293],[83.598804,44.913050],[83.595762,44.914649],[83.594279,44.914839],[83.593339,44.915220],[83.592794,44.915791],[83.592337,44.916461],[83.591182,44.917316],[83.590061,44.917891],[83.589687,44.917900],[83.589379,44.917793],[83.589077,44.917288],[83.588638,44.917041],[83.587877,44.917160],[83.587533,44.917299],[83.586427,44.917134],[83.585989,44.917178],[83.585622,44.917322],[83.585347,44.917552],[83.585192,44.917949],[83.585224,44.919051],[83.585147,44.919459],[83.584770,44.920059],[83.583028,44.921609],[83.582358,44.922419],[83.581401,44.923862],[83.581417,44.924229],[83.581867,44.925114],[83.581793,44.925598],[83.581493,44.925930],[83.581088,44.926037],[83.580742,44.926003],[83.580005,44.925708],[83.579652,44.925792],[83.579366,44.926166],[83.579199,44.927603],[83.578923,44.927821],[83.578766,44.927831],[83.578610,44.927841],[83.577567,44.927363],[83.577425,44.927387],[83.577344,44.927693],[83.577271,44.929516],[83.576818,44.929874],[83.575499,44.930252],[83.574567,44.930924],[83.573955,44.931184],[83.572890,44.931243],[83.572395,44.930807],[83.572300,44.930002],[83.572088,44.929897],[83.571569,44.929842],[83.571134,44.929941],[83.570762,44.930385],[83.570361,44.930577],[83.569799,44.930624],[83.568225,44.930201],[83.568039,44.930273],[83.567970,44.930452],[83.567994,44.931001],[83.567924,44.931159],[83.566158,44.931358],[83.566030,44.931333],[83.565901,44.931309],[83.565880,44.931098],[83.566010,44.930968],[83.566771,44.930717],[83.567303,44.930278],[83.567122,44.930084],[83.566809,44.930100],[83.566328,44.930234],[83.565358,44.930718],[83.563960,44.930751],[83.561618,44.931738],[83.561247,44.931789],[83.560402,44.931463],[83.559929,44.931495],[83.558005,44.932662],[83.557552,44.932753],[83.554834,44.932312],[83.553924,44.931988],[83.553144,44.931373],[83.553008,44.931118],[83.552668,44.930937],[83.552386,44.930855],[83.551930,44.930874],[83.551590,44.930963],[83.551363,44.931180],[83.551080,44.932159],[83.551187,44.932583],[83.551370,44.932701],[83.551908,44.932510],[83.552362,44.932466],[83.552504,44.932851],[83.552458,44.933558],[83.552173,44.933823],[83.551655,44.933903],[83.551421,44.933849],[83.550902,44.933507],[83.550122,44.933560],[83.549826,44.933711],[83.549619,44.933995],[83.549663,44.934184],[83.550171,44.934417],[83.550165,44.934544],[83.549257,44.935323],[83.549230,44.935805],[83.548979,44.936158],[83.548701,44.936300],[83.547615,44.936550],[83.546107,44.936507],[83.545440,44.936714],[83.543816,44.936851],[83.543499,44.937260],[83.543777,44.937706],[83.543788,44.937963],[83.543654,44.938144],[83.543034,44.938341],[83.542673,44.938350],[83.541535,44.938099],[83.540428,44.937590],[83.540099,44.937518],[83.539699,44.938119],[83.539353,44.938343],[83.538660,44.938348],[83.537039,44.937484],[83.536242,44.936865],[83.535794,44.936652],[83.534879,44.936464],[83.534567,44.936514],[83.534461,44.936673],[83.534295,44.937070],[83.534236,44.937629],[83.534016,44.937880],[83.533548,44.938006],[83.531780,44.937691],[83.531010,44.937710],[83.529761,44.938142],[83.529040,44.937780],[83.528657,44.937692],[83.528441,44.937753],[83.527874,44.938337],[83.526518,44.938494],[83.526211,44.938658],[83.526020,44.939030],[83.526051,44.939342],[83.526278,44.939527],[83.527042,44.939787],[83.527253,44.939997],[83.527212,44.941228],[83.527082,44.941776],[83.526953,44.942084],[83.526390,44.942499],[83.525907,44.942558],[83.525200,44.942787],[83.524622,44.942835],[83.524409,44.942726],[83.524206,44.942275],[83.523979,44.942090],[83.523673,44.942009],[83.522319,44.942200],[83.520978,44.941608],[83.520105,44.941427],[83.519281,44.941549],[83.518467,44.941903],[83.517307,44.942625],[83.516903,44.942724],[83.516115,44.942321],[83.514907,44.941916],[83.514741,44.941650],[83.514607,44.940068],[83.514522,44.939880],[83.514244,44.939586],[83.513550,44.939332],[83.513339,44.939312],[83.512093,44.939873],[83.510131,44.940527],[83.509695,44.940572],[83.509482,44.940721],[83.509541,44.941391],[83.509237,44.942045],[83.509059,44.943001],[83.508267,44.943447],[83.506925,44.943925],[83.506833,44.945062],[83.506545,44.945261],[83.506111,44.945394],[83.503806,44.945121],[83.502880,44.945205],[83.500025,44.947009],[83.499949,44.947989],[83.499584,44.948492],[83.498883,44.948726],[83.497888,44.948894],[83.497754,44.949066],[83.497783,44.949265],[83.498589,44.949558],[83.498830,44.949775],[83.499056,44.950103],[83.499032,44.950426],[83.501688,44.952804],[83.502083,44.953256],[83.502359,44.953736],[83.502480,44.954560],[83.502252,44.955412],[83.502261,44.955668],[83.502075,44.955881],[83.501051,44.956434],[83.499629,44.957543],[83.498745,44.958748],[83.497599,44.960763],[83.496998,44.961387],[83.495902,44.961800],[83.494291,44.962160],[83.489837,44.962862],[83.488358,44.962899],[83.485279,44.963799],[83.483422,44.964692],[83.479370,44.967706],[83.478891,44.968428],[83.478086,44.970168],[83.477033,44.972910],[83.475891,44.974520],[83.474631,44.975827],[83.474063,44.976108],[83.470403,44.977916],[83.464641,44.979957],[83.459798,44.980479],[83.457986,44.980851],[83.452337,44.981703],[83.450437,44.982018],[83.445772,44.982347],[83.439614,44.981686],[83.435689,44.981040],[83.434008,44.980917],[83.424901,44.980343],[83.412260,44.979899],[83.399774,44.980567],[83.394798,44.980644],[83.391591,44.980840],[83.390978,44.981060],[83.386916,44.981962],[83.383852,44.982809],[83.379597,44.983722],[83.370296,44.986076],[83.360283,44.988364],[83.355820,44.989548],[83.353122,44.990131],[83.352347,44.990441],[83.349992,44.990797],[83.350439,44.991264],[83.350121,44.991596],[83.350164,44.991759],[83.350442,44.991824],[83.350424,44.991926],[83.349880,44.992059],[83.349496,44.992404],[83.348745,44.992628],[83.348342,44.993075],[83.348017,44.993157],[83.347560,44.993104],[83.346826,44.992801],[83.346186,44.992993],[83.345937,44.992968],[83.345040,44.992550],[83.344486,44.991810],[83.344180,44.991751],[83.343434,44.991885],[83.343095,44.991854],[83.342190,44.991501],[83.339979,44.991591],[83.338205,44.991842],[83.336917,44.992326],[83.335801,44.991808],[83.334970,44.991594],[83.334420,44.991349],[83.333621,44.991208],[83.332965,44.990939],[83.332506,44.991045],[83.331334,44.990897],[83.330383,44.991039],[83.328932,44.991620],[83.327962,44.992215],[83.322740,44.992621],[83.313376,44.993173],[83.308569,44.993574],[83.301159,44.993956],[83.298542,44.994182],[83.295333,44.994512],[83.290158,44.995234],[83.285407,44.995771],[83.283456,44.995901],[83.280824,44.996331],[83.272977,44.997258],[83.265258,44.998327],[83.263651,44.998375],[83.252786,45.000511],[83.247153,45.001410],[83.236489,45.003039],[83.224628,45.005005],[83.212161,45.006790],[83.205423,45.007904],[83.198162,45.008926],[83.193510,45.009767],[83.189254,45.010389],[83.174937,45.012769],[83.150784,45.017006],[83.143164,45.018553],[83.137692,45.019664],[83.121702,45.023022],[83.115416,45.024409],[83.096548,45.028573],[83.094415,45.028925],[83.076258,45.033383],[83.068176,45.035176],[83.044211,45.040968],[83.029390,45.044351],[83.025810,45.045168],[83.002598,45.050702],[82.992540,45.053960],[82.979744,45.057922],[82.977548,45.058486],[82.974674,45.059492],[82.973414,45.059755],[82.970261,45.061035],[82.969167,45.061583],[82.967263,45.062262],[82.965296,45.063204],[82.963958,45.063984],[82.961683,45.065007],[82.959943,45.065903],[82.955826,45.067638],[82.950519,45.069196],[82.947704,45.070151],[82.943535,45.071339],[82.942105,45.071851],[82.940125,45.072355],[82.937902,45.073082],[82.933449,45.074335],[82.926950,45.076516],[82.918812,45.078928],[82.917101,45.079530],[82.915183,45.080036],[82.913472,45.080646],[82.907221,45.082558],[82.887153,45.089676],[82.878212,45.092942],[82.875121,45.093909],[82.865656,45.097431],[82.861624,45.098729],[82.858860,45.099792],[82.855475,45.100907],[82.843129,45.108324],[82.835776,45.112995],[82.833762,45.114105],[82.830298,45.116413],[82.827897,45.117250],[82.818908,45.120862],[82.816826,45.121566],[82.813294,45.123260],[82.811420,45.123877],[82.808342,45.125249],[82.804484,45.126812],[82.800074,45.129104],[82.797221,45.130471],[82.792288,45.133308],[82.789062,45.134904],[82.784933,45.137095],[82.780656,45.139542],[82.779604,45.140252],[82.776468,45.141825],[82.771211,45.144725],[82.767956,45.146367],[82.757845,45.152162],[82.752611,45.153032],[82.742751,45.155330],[82.733385,45.157204],[82.721004,45.160030],[82.719473,45.160243],[82.717051,45.159913],[82.712557,45.159125],[82.708576,45.158338],[82.683121,45.153828],[82.681783,45.153554],[82.675609,45.156911],[82.674319,45.157810],[82.670448,45.159803],[82.667626,45.161440],[82.665783,45.162313],[82.661605,45.164635],[82.660216,45.165524],[82.658222,45.166513],[82.655568,45.168024],[82.653689,45.169220],[82.648754,45.171886],[82.646653,45.173210],[82.640604,45.177742],[82.638220,45.179379],[82.632606,45.183610],[82.625931,45.188397],[82.622772,45.190940],[82.617239,45.195849],[82.612010,45.200078],[82.611772,45.200546],[82.610685,45.204415],[82.610342,45.204994],[82.600494,45.210074],[82.598696,45.211486],[82.593454,45.215093],[82.590347,45.217454],[82.582862,45.219299],[82.587476,45.223905],[82.601014,45.346210],[82.564667,45.399534],[82.547201,45.425238],[82.546751,45.425873],[82.448000,45.461357],[82.282035,45.538896],[82.282001,45.542305],[82.281879,45.554502],[82.266753,45.620153],[82.279587,45.639378],[82.285828,45.647273],[82.288558,45.655417],[82.289116,45.697476],[82.290090,45.716443],[82.295760,45.727134],[82.304093,45.735586],[82.340270,45.772534],[82.341810,45.780416],[82.345162,45.807422],[82.348034,45.813541],[82.349618,45.823002],[82.348026,45.846302],[82.345354,45.853695],[82.338749,45.863956],[82.335869,45.873708],[82.336043,45.882221],[82.344059,45.894471],[82.344825,45.905540],[82.345391,45.912466],[82.344294,45.923853],[82.342676,45.935121],[82.346131,45.943740],[82.357208,45.951213],[82.389528,45.965692],[82.401289,45.972227],[82.423466,45.971006],[82.435612,45.968940],[82.443460,45.973154],[82.461516,45.979995],[82.462284,45.982343],[82.481993,46.042635],[82.506105,46.116424],[82.518326,46.153824],[82.556353,46.213276],[82.578351,46.247641],[82.608739,46.295069],[82.614903,46.305502],[82.726772,46.494703],[82.727235,46.495487],[82.774208,46.600108],[82.788883,46.677843],[82.790698,46.682050],[82.812598,46.732823],[82.829778,46.772665],[82.878488,46.797233],[82.876385,46.822892],[82.876303,46.823887],[82.892631,46.861944],[82.903134,46.886411],[82.923538,46.932061],[82.927712,46.945270],[82.934629,46.968110],[82.935804,46.980987],[82.937877,47.014057],[82.939600,47.016278],[82.948724,47.020979],[82.967021,47.035797],[82.980299,47.050197],[82.988018,47.058786],[82.992941,47.065111],[82.993181,47.065419],[82.995850,47.072227],[83.000961,47.094763],[83.009510,47.104455],[83.013305,47.123069],[83.022411,47.132939],[83.023170,47.141305],[83.023441,47.150220],[83.028569,47.159475],[83.031673,47.168276],[83.031142,47.175782],[83.030323,47.181885],[83.029451,47.188891],[83.029269,47.195065],[83.027369,47.215423],[83.029959,47.219573],[83.035748,47.219506],[83.052914,47.215994],[83.062598,47.219899],[83.075512,47.225101],[83.093317,47.225615],[83.108340,47.222107],[83.120843,47.224562],[83.134387,47.229733],[83.144119,47.235759],[83.154817,47.236089],[83.162949,47.230161],[83.170482,47.223034],[83.174404,47.218472],[83.188735,47.215419],[83.206940,47.213695],[83.210700,47.208757],[83.215977,47.202167],[83.219408,47.189128],[83.222095,47.186915],[83.237903,47.186332],[83.247786,47.175877],[83.257818,47.173229],[83.276464,47.174229],[83.294657,47.176430],[83.306395,47.179700],[83.316386,47.174156],[83.324482,47.168005],[83.332368,47.167868],[83.349300,47.172624],[83.370452,47.178563],[83.371738,47.168669],[83.371920,47.163333],[83.387012,47.155263],[83.391860,47.148372],[83.395005,47.145859],[83.398939,47.140941],[83.408209,47.132414],[83.418827,47.118832],[83.430591,47.118271],[83.442675,47.125272],[83.453011,47.129148],[83.463280,47.132074],[83.469593,47.128767],[83.472999,47.122367],[83.484218,47.118172],[83.487631,47.112200],[83.493084,47.107668],[83.511548,47.108490],[83.517337,47.104239],[83.522616,47.098740],[83.529729,47.092875],[83.534509,47.087521],[83.538528,47.083816],[83.546302,47.080502],[83.566966,47.080619],[83.573665,47.075728],[83.573344,47.068781],[83.570451,47.062827],[83.571161,47.060568],[83.576133,47.059233],[83.603367,47.058947],[83.610936,47.052110],[83.612505,47.051219],[83.618134,47.048028],[83.631028,47.047289],[83.641938,47.045372],[83.649399,47.044063],[83.665108,47.043427],[83.689622,47.035188],[83.700572,47.032155],[83.702772,47.026778],[83.699354,47.015626],[83.708015,47.013850],[83.713024,47.016690],[83.726692,47.024435],[83.741567,47.026317],[83.750393,47.027379],[83.766540,47.027003],[83.780170,47.022877],[83.789618,47.018225],[83.798629,47.014204],[83.816497,47.012173],[83.827310,47.007450],[83.841746,47.001722],[83.851980,46.994817],[83.874976,46.994232],[83.883470,46.989829],[83.883957,46.989577],[83.885863,46.981941],[83.893714,46.982375],[83.907744,46.985825],[83.913470,46.980629],[83.915900,46.972649],[83.924772,46.969911],[83.932973,46.969998],[83.937900,46.977738],[83.951535,46.987246],[83.963569,46.989501],[83.978778,46.981863],[83.991233,46.989889],[84.002738,46.990609],[84.013001,46.982104],[84.020178,46.979724],[84.038516,46.973525],[84.054188,46.969996],[84.066119,46.967655],[84.075096,46.966382],[84.086447,46.965212],[84.103565,46.965935],[84.115563,46.966830],[84.128773,46.970016],[84.132731,46.970971],[84.136991,46.973063],[84.150276,46.977333],[84.158582,46.982218],[84.170676,46.988609],[84.178798,46.993740],[84.195106,47.003512],[84.200012,47.004155],[84.215279,46.998809],[84.226009,46.997703],[84.236346,47.001934],[84.242508,46.996893],[84.250382,46.995033],[84.259310,47.000102],[84.268207,47.003484],[84.278784,46.998642],[84.283552,46.996852],[84.289141,46.994755],[84.297721,46.993985],[84.305399,46.995313],[84.314566,46.997222],[84.323778,47.001278],[84.330355,47.004661],[84.336514,47.005402],[84.341621,47.002173],[84.348797,46.996280],[84.359825,46.994006],[84.371501,46.993337],[84.377846,46.994428],[84.382998,46.995313],[84.393603,46.998838],[84.425430,47.008864],[84.438544,47.009266],[84.449554,47.006416],[84.454519,47.001265],[84.458697,46.996614],[84.464508,46.992901],[84.471442,46.990621],[84.484163,46.984711],[84.496865,46.979159],[84.506507,46.973068],[84.517204,46.974430],[84.548796,46.986460],[84.563129,46.991644],[84.581496,46.994306],[84.588381,46.995569],[84.603028,46.996539],[84.628762,46.994151],[84.639241,46.993947],[84.649751,46.999579],[84.662188,46.999436],[84.668690,46.994872],[84.679781,47.004564],[84.680329,47.004600],[84.693264,47.007108],[84.699565,47.008469],[84.711389,47.008058],[84.748027,47.009848],[84.759946,47.000103],[84.765646,46.993605],[84.781724,46.980088],[84.795312,46.972533]]
